0.7490231990814209 0.7910037040710449 -1.7653134420925198e-07
0.5812474489212036 0.749876856803894 -0.10347092896699905
0.40054595470428467 0.6325485110282898 -0.14977721869945526
0.2837255895137787 0.5256965160369873 -0.1898498833179474
0.1866350769996643 0.4523318111896515 -0.22386115789413452
0.5644043684005737 0.4651253819465637 -0.07834197580814362
0.5868962407112122 0.3275863826274872 -0.18957920372486115
0.6003490686416626 0.23999175429344177 -0.2533951997756958
0.6276130080223083 0.1624012589454651 -0.2893896996974945
0.7047763466835022 0.4869028329849243 -0.08211913704872131
0.7577551603317261 0.41219717264175415 -0.24543625116348267
0.7064808011054993 0.5453788042068481 -0.2681422531604767
0.6796693801879883 0.5997670292854309 -0.23725366592407227
0.8247835636138916 0.5261303186416626 -0.10332158207893372
0.8679569959640503 0.48326376080513 -0.2763569951057434
0.7989770174026489 0.6015264391899109 -0.24990251660346985
0.7621656060218811 0.6272026300430298 -0.18181177973747253
0.9254224896430969 0.5723156332969666 -0.12956030666828156
0.9500992894172668 0.5409483313560486 -0.2314782738685608
0.8929141759872437 0.6238128542900085 -0.19268077611923218
0.8637476563453674 0.6436076164245605 -0.13492803275585175
