0.5448657870292664 0.7185865640640259 3.6678230230791087e-07
0.4448767602443695 0.7422211170196533 -0.048171594738960266
0.3106599450111389 0.7103103995323181 -0.08872131258249283
0.2054414451122284 0.7113521099090576 -0.13077667355537415
0.12249329686164856 0.721024215221405 -0.1755511462688446
0.3398090600967407 0.49114471673965454 -0.06088674068450928
0.3100190758705139 0.34898841381073 -0.12639664113521576
0.29122260212898254 0.24995765089988708 -0.17365296185016632
0.2837008833885193 0.16388773918151855 -0.20642322301864624
0.4258872866630554 0.4713835120201111 -0.07636309415102005
0.3904828131198883 0.4007543921470642 -0.1665976196527481
0.4036102890968323 0.5234372615814209 -0.18346479535102844
0.4246092438697815 0.5893954038619995 -0.17477919161319733
0.5139897465705872 0.4761825501918793 -0.09914292395114899
0.4815683960914612 0.42993468046188354 -0.17904649674892426
0.4840936064720154 0.544322669506073 -0.15148669481277466
0.48941680788993835 0.5951728820800781 -0.11328878253698349
0.5981718301773071 0.49643754959106445 -0.126466765999794
0.5663992762565613 0.44472768902778625 -0.17339953780174255
0.5560696125030518 0.528317928314209 -0.14129655063152313
0.5527104735374451 0.5741238594055176 -0.10568313300609589
