0.5488904714584351 0.7004832029342651 1.501044266660756e-07
0.4599672853946686 0.7264270186424255 -0.051846832036972046
0.30750930309295654 0.6854090690612793 -0.08381140977144241
0.19484727084636688 0.6758990287780762 -0.11582914739847183
0.10042494535446167 0.6799187660217285 -0.1500920057296753
0.33915096521377563 0.46602773666381836 -0.046899255365133286
0.2939707636833191 0.33863043785095215 -0.10771805047988892
0.25404930114746094 0.24760973453521729 -0.15232104063034058
0.2262202948331833 0.16917207837104797 -0.18560299277305603
0.4202176034450531 0.4314829111099243 -0.060176510363817215
0.3485237658023834 0.39935553073883057 -0.15182439982891083
0.36118245124816895 0.5277672410011292 -0.1728982776403427
0.38967806100845337 0.5948348641395569 -0.16517402231693268
0.5094872117042542 0.4299691319465637 -0.0815354511141777
0.4445425868034363 0.44250139594078064 -0.1711951643228531
0.4531596004962921 0.5634828209877014 -0.1500987857580185
0.470753014087677 0.6111211180686951 -0.11214492470026016
0.5954209566116333 0.4490545988082886 -0.1071094423532486
0.5343407392501831 0.45784953236579895 -0.1664806753396988
0.5298134684562683 0.5478208661079407 -0.14341755211353302
0.5412867665290833 0.5854491591453552 -0.11120513081550598
