0.5528522729873657 0.7707942724227905 2.0670850631177018e-07
0.43727821111679077 0.7422568798065186 -0.052100468426942825
0.3127804100513458 0.6558322906494141 -0.08947433531284332
0.19960317015647888 0.6045311093330383 -0.13215705752372742
0.0994216799736023 0.5816210508346558 -0.1757054477930069
0.43494945764541626 0.4837958812713623 -0.040610577911138535
0.4252732992172241 0.32913076877593994 -0.09993301331996918
0.3923017084598541 0.23832425475120544 -0.13876628875732422
0.3783479332923889 0.16345509886741638 -0.16445417702198029
0.5061680674552917 0.48630380630493164 -0.057921916246414185
0.4521125555038452 0.34515440464019775 -0.1537369340658188
0.39461562037467957 0.42443203926086426 -0.17894765734672546
0.3962891101837158 0.48769161105155945 -0.1680002212524414
0.5793008804321289 0.5033072829246521 -0.08368168026208878
0.5345942378044128 0.3772837519645691 -0.16975530982017517
0.47318387031555176 0.4531555473804474 -0.15979842841625214
0.47437727451324463 0.5123010873794556 -0.12456776946783066
0.6589418053627014 0.5305144190788269 -0.11490749567747116
0.6193042397499084 0.43291664123535156 -0.16503867506980896
0.5625531673431396 0.47912541031837463 -0.149881511926651
0.5580984950065613 0.5312632918357849 -0.12230698764324188
