0.4512432813644409 0.6713083982467651 -1.4122763047907938e-07
0.3439089357852936 0.698054313659668 -0.043790552765131
0.18288609385490417 0.6567280888557434 -0.0668671727180481
0.07894697785377502 0.6113418936729431 -0.09000615775585175
-0.0036287009716033936 0.5942530632019043 -0.11565501987934113
0.23131678998470306 0.45618966221809387 -0.04884916543960571
0.1741769015789032 0.33316415548324585 -0.1056935042142868
0.13120834529399872 0.25509071350097656 -0.14261627197265625
0.1013941615819931 0.1783892810344696 -0.16947606205940247
0.31489408016204834 0.4263710677623749 -0.06384249031543732
0.2458713948726654 0.3828747272491455 -0.14587195217609406
0.2812085449695587 0.4962327480316162 -0.15571604669094086
0.3198622167110443 0.5273045301437378 -0.14240042865276337
0.4035848379135132 0.4175695478916168 -0.08634313195943832
0.3437406122684479 0.39253586530685425 -0.1685943305492401
0.3671770691871643 0.5013103485107422 -0.13717348873615265
0.3907229006290436 0.5205661654472351 -0.09547220915555954
0.49570608139038086 0.41637086868286133 -0.11243598908185959
0.4347870647907257 0.39142662286758423 -0.16503609716892242
0.4439851641654968 0.474942684173584 -0.1336480975151062
0.46607768535614014 0.4974987208843231 -0.0981212854385376
