0.6616419553756714 0.7119507193565369 2.126339637698038e-07
0.5428019165992737 0.7289239168167114 -0.08664356917142868
0.3971114754676819 0.6692404747009277 -0.12095410376787186
0.30775919556617737 0.6145721077919006 -0.14126989245414734
0.24004387855529785 0.577643096446991 -0.15862734615802765
0.4435078501701355 0.5176494121551514 -0.07989167422056198
0.430681049823761 0.447971910238266 -0.15528354048728943
0.41521236300468445 0.392284095287323 -0.21381302177906036
0.4010546803474426 0.3288598656654358 -0.2553827166557312
0.5414644479751587 0.47737202048301697 -0.0699274018406868
0.5191495418548584 0.43150776624679565 -0.1520596742630005
0.5362459421157837 0.5370561480522156 -0.16450808942317963
0.5494812726974487 0.5762279629707336 -0.15580368041992188
0.642800509929657 0.4681946635246277 -0.07218306511640549
0.6253888010978699 0.44990357756614685 -0.15248467028141022
0.6276920437812805 0.5546583533287048 -0.12117850035429001
0.6338925361633301 0.5847718119621277 -0.08140797913074493
0.738379716873169 0.47865793108940125 -0.08254244178533554
0.7181073427200317 0.45858868956565857 -0.14080384373664856
0.7064872980117798 0.5387075543403625 -0.11491231620311737
0.7089581489562988 0.5717374682426453 -0.08263237029314041
