0.531203031539917 0.7445125579833984 6.824550951023411e-07
0.43603774905204773 0.741855263710022 -0.06548383086919785
0.31812384724617004 0.6775850057601929 -0.11228492110967636
0.21356993913650513 0.6517951488494873 -0.15719284117221832
0.12731701135635376 0.6443499326705933 -0.2004438191652298
0.3711627125740051 0.473660945892334 -0.07121914625167847
0.34025803208351135 0.32006025314331055 -0.13344138860702515
0.304542601108551 0.2254783809185028 -0.17840437591075897
0.28774580359458923 0.1494256854057312 -0.20639431476593018
0.43950894474983215 0.45793095231056213 -0.07575683295726776
0.4261454641819 0.29330524802207947 -0.15784692764282227
0.3981344401836395 0.33916425704956055 -0.18414974212646484
0.40306997299194336 0.3995184004306793 -0.1812126487493515
0.5114796757698059 0.46321240067481995 -0.0878988653421402
0.504397451877594 0.31338733434677124 -0.15854328870773315
0.4686678647994995 0.36907732486724854 -0.15693743526935577
0.47078531980514526 0.4329378008842468 -0.13428427278995514
0.5850195288658142 0.49058863520622253 -0.10605302453041077
0.566728949546814 0.37193119525909424 -0.14952264726161957
0.5271331667900085 0.3960811197757721 -0.14171947538852692
0.5178181529045105 0.44539859890937805 -0.12234339863061905
