0.46535786986351013 0.6628234386444092 -1.2729073262107704e-07
0.3570810556411743 0.6952767372131348 -0.041246116161346436
0.20816448330879211 0.6619549989700317 -0.06456945091485977
0.10838361084461212 0.6271023154258728 -0.08930125087499619
0.026611387729644775 0.611996054649353 -0.11644312739372253
0.24604985117912292 0.4571618437767029 -0.03907639905810356
0.18661728501319885 0.33862555027008057 -0.0891970843076706
0.13979551196098328 0.26364314556121826 -0.12211808562278748
0.10904678702354431 0.19250354170799255 -0.1461312621831894
0.32317063212394714 0.4257871210575104 -0.0525759682059288
0.2574496865272522 0.3875266909599304 -0.12697428464889526
0.2898018956184387 0.4906768500804901 -0.13823139667510986
0.32844245433807373 0.5235686898231506 -0.12762437760829926
0.4071383476257324 0.4124569594860077 -0.07315628230571747
0.3454476594924927 0.39114195108413696 -0.14885227382183075
0.36935365200042725 0.4946620464324951 -0.12301576137542725
0.39759427309036255 0.5194336175918579 -0.0862438976764679
0.49645674228668213 0.4064137041568756 -0.09708792716264725
0.4348280429840088 0.3889155685901642 -0.14851205050945282
0.4445164203643799 0.4709084630012512 -0.12269609421491623
0.4694986939430237 0.4981158673763275 -0.09073828160762787
