0.4529232978820801 0.6984546184539795 -1.4641753978139604e-06
0.33812084794044495 0.6984182596206665 -0.06102566421031952
0.2013067752122879 0.6166437864303589 -0.0837973803281784
0.10963824391365051 0.5620502233505249 -0.10264454036951065
0.03323450684547424 0.5266525149345398 -0.11418520659208298
0.3381496071815491 0.46362727880477905 -0.03221980482339859
0.2996217906475067 0.4366177022457123 -0.09970082342624664
0.30109426379203796 0.49492958188056946 -0.13855509459972382
0.31174105405807495 0.525807797908783 -0.15744955837726593
0.4363897144794464 0.45205098390579224 -0.03180057555437088
0.3756622076034546 0.45856359601020813 -0.09403723478317261
0.3752623200416565 0.5568057894706726 -0.10205037146806717
0.3996937870979309 0.579323410987854 -0.0949087142944336
0.5315501689910889 0.4687849283218384 -0.04496784135699272
0.4657811224460602 0.47878503799438477 -0.11050913482904434
0.45124778151512146 0.5647391676902771 -0.08731015026569366
0.46976667642593384 0.5802192091941833 -0.057389769703149796
0.621422290802002 0.4975108802318573 -0.06341040134429932
0.5589237809181213 0.48989152908325195 -0.10349517315626144
0.5270702838897705 0.5493423938751221 -0.07960881292819977
0.5358579158782959 0.5697820782661438 -0.051129959523677826
