0.48718443512916565 0.7479913234710693 -4.892731340078171e-07
0.37948209047317505 0.7406771779060364 -0.01909421943128109
0.23221060633659363 0.6598743200302124 -0.0311571154743433
0.1296200305223465 0.6130415797233582 -0.05189788341522217
0.042566776275634766 0.6005364060401917 -0.07805553823709488
0.3095487654209137 0.4851028621196747 -0.023235971108078957
0.28265416622161865 0.3342798948287964 -0.07485633343458176
0.26235735416412354 0.24265940487384796 -0.10608389228582382
0.252839595079422 0.16631409525871277 -0.12733417749404907
0.3883299231529236 0.48321086168289185 -0.04763618856668472
0.30395033955574036 0.41018861532211304 -0.14305365085601807
0.2955014407634735 0.5323298573493958 -0.16029109060764313
0.32706040143966675 0.6110808849334717 -0.14384476840496063
0.47008830308914185 0.4946199655532837 -0.07672008872032166
0.38565123081207275 0.4380023181438446 -0.17143815755844116
0.37704622745513916 0.5591793060302734 -0.1491617113351822
0.4051652252674103 0.625493049621582 -0.10317899286746979
0.559857189655304 0.5118779540061951 -0.10601647198200226
0.4856911897659302 0.4593566060066223 -0.16408199071884155
0.46474218368530273 0.5426952838897705 -0.13813111186027527
0.48194563388824463 0.5951412916183472 -0.10045412927865982
