0.5341342687606812 0.7106375694274902 -7.681050817609503e-08
0.4066108167171478 0.7037140130996704 -0.029628992080688477
0.25575825572013855 0.616147518157959 -0.053774356842041016
0.14052370190620422 0.5557918548583984 -0.08739539980888367
0.04659312963485718 0.5320456624031067 -0.12470488250255585
0.34758174419403076 0.4180760681629181 -0.014005358330905437
0.3359491229057312 0.25986039638519287 -0.06864521652460098
0.3211660385131836 0.15342336893081665 -0.09828193485736847
0.32363852858543396 0.07144325971603394 -0.11659183353185654
0.42678767442703247 0.41556471586227417 -0.03720541670918465
0.3582935035228729 0.310502827167511 -0.12176262587308884
0.3450913727283478 0.44204792380332947 -0.12472450733184814
0.3717140853404999 0.5074107050895691 -0.09831530600786209
0.5130177140235901 0.4261864423751831 -0.06907667964696884
0.45197317004203796 0.3445124924182892 -0.15576978027820587
0.43866539001464844 0.46745970845222473 -0.11949366331100464
0.46224117279052734 0.5218678116798401 -0.06590171158313751
0.6050419211387634 0.44914916157722473 -0.10391439497470856
0.5466102957725525 0.3734859228134155 -0.15161184966564178
0.5223649144172668 0.45923149585723877 -0.1149626299738884
0.5383902788162231 0.5092045068740845 -0.07215428352355957
