0.48987457156181335 0.7405783534049988 -4.7559234417349217e-07
0.36587730050086975 0.7272701263427734 -0.03394602984189987
0.2051974982023239 0.62362140417099 -0.049985673278570175
0.11057686805725098 0.5478678941726685 -0.07322488725185394
0.03394120931625366 0.49948689341545105 -0.09836061298847198
0.36083343625068665 0.46814343333244324 -0.027822542935609818
0.35215437412261963 0.33240002393722534 -0.08971229195594788
0.3412734270095825 0.2491125464439392 -0.11735847592353821
0.34348148107528687 0.1760573387145996 -0.1360011100769043
0.46791785955429077 0.4700527489185333 -0.05438966304063797
0.3884871304035187 0.4232619106769562 -0.1514240801334381
0.3796323537826538 0.5468655824661255 -0.14854441583156586
0.42046284675598145 0.5804182291030884 -0.11796052008867264
0.5722507834434509 0.49327513575553894 -0.09138422459363937
0.49885696172714233 0.4698363244533539 -0.194114550948143
0.47718971967697144 0.5809721946716309 -0.14791104197502136
0.5054380893707275 0.5971488952636719 -0.08727998286485672
0.6765009164810181 0.5254475474357605 -0.13134631514549255
0.607059121131897 0.49447426199913025 -0.19370047748088837
0.573408305644989 0.5761542320251465 -0.15131807327270508
0.5907248854637146 0.5998240113258362 -0.10260812938213348
