0.5436276793479919 0.7686284780502319 -4.500979500221547e-08
0.45637983083724976 0.7543301582336426 -0.03948955237865448
0.33143651485443115 0.6835504770278931 -0.07713603973388672
0.2231791913509369 0.6590209007263184 -0.1198379397392273
0.13075709342956543 0.655012845993042 -0.16504770517349243
0.41904598474502563 0.48752573132514954 -0.04862651973962784
0.4028433561325073 0.33566486835479736 -0.10835318267345428
0.39042872190475464 0.24193598330020905 -0.1407502293586731
0.3887212574481964 0.16860947012901306 -0.16121457517147064
0.4986382722854614 0.48226597905158997 -0.06778322160243988
0.40672266483306885 0.4145812392234802 -0.16484671831130981
0.38885870575904846 0.5381139516830444 -0.17738240957260132
0.41001802682876587 0.6105454564094543 -0.15703685581684113
0.5734409689903259 0.5015707015991211 -0.09362571686506271
0.4850110411643982 0.4976751208305359 -0.18495488166809082
0.4749537408351898 0.6142405271530151 -0.15942484140396118
0.497885525226593 0.660814642906189 -0.11324002593755722
0.6456488370895386 0.5322731733322144 -0.12243776023387909
0.5670154094696045 0.529519259929657 -0.1743261069059372
0.5489476919174194 0.6112803220748901 -0.14697770774364471
0.5630293488502502 0.6435760855674744 -0.10988692939281464
