0.4976687431335449 0.6839444637298584 -2.5073950382648036e-07
0.3979303538799286 0.7029983401298523 -0.04355214908719063
0.26489925384521484 0.6255611181259155 -0.06951466202735901
0.17264974117279053 0.5673444271087646 -0.09504681080579758
0.1005258858203888 0.535129964351654 -0.12251206487417221
0.3414320945739746 0.4661692678928375 -0.05464406684041023
0.3133401870727539 0.33235716819763184 -0.10256341099739075
0.30176472663879395 0.24447359144687653 -0.13093727827072144
0.2939111590385437 0.17182540893554688 -0.151392862200737
0.4205940365791321 0.44632649421691895 -0.060287538915872574
0.3689078986644745 0.4214109182357788 -0.12604115903377533
0.38365060091018677 0.5229118466377258 -0.12841741740703583
0.4139881730079651 0.5628885626792908 -0.11569330841302872
0.5002622008323669 0.4503541886806488 -0.07230255007743835
0.4510895013809204 0.43790560960769653 -0.13607537746429443
0.45816120505332947 0.5300084352493286 -0.10541646927595139
0.48029083013534546 0.5616522431373596 -0.07059109210968018
0.5822758674621582 0.4673842787742615 -0.08823360502719879
0.5349003076553345 0.4414214491844177 -0.1270347684621811
0.522979736328125 0.5151837468147278 -0.0983799397945404
0.5317220091819763 0.5507829189300537 -0.06816412508487701
