0.7174832820892334 0.8199204206466675 1.0336101041730217e-07
0.5836506485939026 0.7684061527252197 -0.08703276515007019
0.4350290894508362 0.6400845050811768 -0.1354496330022812
0.30691999197006226 0.5562295317649841 -0.1791396588087082
0.18040436506271362 0.516563355922699 -0.22404281795024872
0.5715858340263367 0.5215596556663513 -0.1044088751077652
0.5968207120895386 0.3755806088447571 -0.19996695220470428
0.6180394887924194 0.27906838059425354 -0.26271629333496094
0.6429867148399353 0.19766491651535034 -0.30515316128730774
0.697370171546936 0.5393273830413818 -0.11398164927959442
0.7450838088989258 0.4810085594654083 -0.2722133696079254
0.7224500179290771 0.6055861115455627 -0.3104565739631653
0.6966409683227539 0.6876040101051331 -0.2989006042480469
0.8175326585769653 0.5767523646354675 -0.13204461336135864
0.8580686450004578 0.5371361970901489 -0.28625091910362244
0.8141669631004333 0.6538984179496765 -0.2610955536365509
0.7690135836601257 0.7195497751235962 -0.20373065769672394
0.9155800342559814 0.6247642636299133 -0.15398263931274414
0.9462487697601318 0.582530677318573 -0.25655630230903625
0.9034162759780884 0.6707563996315002 -0.22320407629013062
0.8627880215644836 0.7223080992698669 -0.17240066826343536
