0.5253109931945801 0.7495110630989075 -5.992319529468659e-08
0.408004492521286 0.7516681551933289 -0.04363163188099861
0.2752630412578583 0.668610692024231 -0.06456904858350754
0.178042933344841 0.6001513600349426 -0.08891534805297852
0.09631809592247009 0.574145495891571 -0.11194908618927002
0.31217557191848755 0.4706737697124481 -0.009128482080996037
0.27336403727531433 0.3395789861679077 -0.04489288106560707
0.23961687088012695 0.2490169107913971 -0.06603655964136124
0.21754702925682068 0.17780688405036926 -0.08131751418113708
0.3823080062866211 0.4390401244163513 -0.020166320726275444
0.34057536721229553 0.30756306648254395 -0.08363556116819382
0.3502088487148285 0.40017619729042053 -0.09253048151731491
0.37205517292022705 0.47271987795829773 -0.07600312680006027
0.46230223774909973 0.4283164441585541 -0.03974030166864395
0.4310164153575897 0.3186894655227661 -0.10349930077791214
0.4284958839416504 0.40459442138671875 -0.0882885530591011
0.44313696026802063 0.4706610441207886 -0.055668480694293976
0.5484409332275391 0.4374597370624542 -0.06395108997821808
0.5169291496276855 0.33525359630584717 -0.10149535536766052
0.4958973526954651 0.38873031735420227 -0.08516871929168701
0.4980187714099884 0.44966793060302734 -0.06080110743641853
