0.5171769261360168 0.7317774295806885 2.801313030431629e-07
0.4137002229690552 0.7327013611793518 -0.04561404883861542
0.28347134590148926 0.6664050817489624 -0.07511244714260101
0.18240123987197876 0.6250762939453125 -0.10818881541490555
0.09413903951644897 0.618998110294342 -0.14165592193603516
0.3197537958621979 0.4759504497051239 -0.03332113102078438
0.2690417766571045 0.33342215418815613 -0.08117356151342392
0.2238088846206665 0.2421036660671234 -0.11288266628980637
0.1991531103849411 0.16763317584991455 -0.1336236298084259
0.38645055890083313 0.4560759663581848 -0.04546424746513367
0.3248836398124695 0.33726733922958374 -0.11683279275894165
0.3080727458000183 0.4283505380153656 -0.13120178878307343
0.3255385756492615 0.49067655205726624 -0.12019170075654984
0.46159887313842773 0.45505082607269287 -0.06527804583311081
0.4085037410259247 0.3423248827457428 -0.1319604516029358
0.3861064314842224 0.43236351013183594 -0.11805524677038193
0.4019899070262909 0.4936191439628601 -0.08784586936235428
0.5454503297805786 0.4688083231449127 -0.08995777368545532
0.4996092915534973 0.3742246627807617 -0.1324159801006317
0.46717390418052673 0.43488624691963196 -0.11797439306974411
0.470841646194458 0.4943014085292816 -0.09455032646656036
