0.5096422433853149 0.7410945892333984 -2.786801758247748e-07
0.40507256984710693 0.7242651581764221 -0.03152407705783844
0.2733358144760132 0.632839560508728 -0.04782877489924431
0.1816888451576233 0.5723046064376831 -0.07037442177534103
0.09972783923149109 0.5423642992973328 -0.09541619569063187
0.3520756959915161 0.45733150839805603 -0.01603570021688938
0.3194531202316284 0.3263861835002899 -0.0648425966501236
0.28698694705963135 0.23541045188903809 -0.09482619166374207
0.2716926336288452 0.1599515974521637 -0.11700854450464249
0.4264830946922302 0.44744089245796204 -0.03659660369157791
0.34000808000564575 0.39767420291900635 -0.11765172332525253
0.3249329626560211 0.5205369591712952 -0.1277613639831543
0.348702073097229 0.5860884785652161 -0.11215466260910034
0.5049415230751038 0.4641786813735962 -0.06553412973880768
0.42010417580604553 0.4437158703804016 -0.1465815156698227
0.4015982151031494 0.5565251708030701 -0.12307225912809372
0.42113441228866577 0.602881133556366 -0.08374013006687164
0.5853198170661926 0.4948161840438843 -0.09784393012523651
0.5084731578826904 0.483831524848938 -0.15230196714401245
0.48222580552101135 0.5625579953193665 -0.13376618921756744
0.49542784690856934 0.5952392816543579 -0.10538492351770401
