0.498898446559906 0.6766796112060547 -5.004779950468219e-07
0.3854917287826538 0.6565767526626587 -0.03792915493249893
0.25842368602752686 0.5475574135780334 -0.0553705208003521
0.17426800727844238 0.47228485345840454 -0.07409989833831787
0.09508368372917175 0.43966972827911377 -0.09578181058168411
0.34856006503105164 0.4091092646121979 -0.04195796698331833
0.32196515798568726 0.2797211706638336 -0.09380312263965607
0.3086063265800476 0.19364148378372192 -0.12634873390197754
0.29750797152519226 0.1218385100364685 -0.15029186010360718
0.4373685419559479 0.4006583094596863 -0.05587507411837578
0.38769978284835815 0.3640166223049164 -0.14846625924110413
0.3935492932796478 0.49077266454696655 -0.16425974667072296
0.4103434681892395 0.5744721293449402 -0.15036948025226593
0.5274115800857544 0.4180273711681366 -0.07521408051252365
0.47440266609191895 0.4092320501804352 -0.16846778988838196
0.46873629093170166 0.5286277532577515 -0.14695078134536743
0.47324031591415405 0.5973900556564331 -0.10578278452157974
0.6139749884605408 0.4510859549045563 -0.09618266671895981
0.5603110790252686 0.4354502260684967 -0.15679171681404114
0.5389440655708313 0.5235928893089294 -0.13398583233356476
0.5353695750236511 0.5748790502548218 -0.1006816029548645
