0.5528711080551147 0.6426041126251221 -1.7841847110844355e-08
0.453418493270874 0.6739306449890137 -0.05479305237531662
0.3152342140674591 0.6162586212158203 -0.08591629564762115
0.22333014011383057 0.5672565698623657 -0.11319590359926224
0.1504819095134735 0.5406189560890198 -0.14123108983039856
0.36918869614601135 0.4637985825538635 -0.0644947811961174
0.34093838930130005 0.3539181053638458 -0.12014979124069214
0.32502374053001404 0.28107935190200806 -0.1515352874994278
0.31715166568756104 0.21095407009124756 -0.1727718561887741
0.45714908838272095 0.4481559991836548 -0.06786417216062546
0.43409571051597595 0.38846343755722046 -0.14250673353672028
0.44839727878570557 0.49425825476646423 -0.1423226296901703
0.47369274497032166 0.5347943305969238 -0.12303797155618668
0.549088716506958 0.4513695240020752 -0.0792941004037857
0.528185248374939 0.40279194712638855 -0.15221118927001953
0.528290331363678 0.5031318664550781 -0.11670484393835068
0.5404545068740845 0.5334951281547546 -0.07524406164884567
0.641325831413269 0.4634722173213959 -0.09502783417701721
0.6177115440368652 0.4200049638748169 -0.13994792103767395
0.6067797541618347 0.49688416719436646 -0.10747295618057251
0.6114901304244995 0.5289486646652222 -0.07324445247650146
