0.7108614444732666 0.816632866859436 4.868618930231605e-07
0.5590351819992065 0.7778934240341187 -0.059802331030368805
0.3980674147605896 0.691470742225647 -0.11309287697076797
0.25179752707481384 0.6570513248443604 -0.17516329884529114
0.129998117685318 0.6480939984321594 -0.23806431889533997
0.5403693914413452 0.487222820520401 -0.04496748745441437
0.5499151945114136 0.34310030937194824 -0.12229302525520325
0.5415690541267395 0.24545449018478394 -0.1743687391281128
0.5536708235740662 0.16613444685935974 -0.2097204178571701
0.6472861170768738 0.49531474709510803 -0.07184343785047531
0.6594510674476624 0.3639257550239563 -0.1800260692834854
0.6031612157821655 0.4631962180137634 -0.1987455040216446
0.5811702609062195 0.522659957408905 -0.18252435326576233
0.756332516670227 0.525407075881958 -0.11089547723531723
0.7746514678001404 0.4114186763763428 -0.20742130279541016
0.7067506313323975 0.4982101619243622 -0.18154990673065186
0.6816796660423279 0.5555928945541382 -0.13599982857704163
0.857408881187439 0.5785161852836609 -0.15754088759422302
0.8663166761398315 0.47645998001098633 -0.2129589468240738
0.7984918355941772 0.5252052545547485 -0.18434779345989227
0.7658779621124268 0.5742536783218384 -0.14739204943180084
