0.6007521748542786 0.7952888011932373 -2.614219738461543e-07
0.4451819658279419 0.7424883246421814 -0.03989705070853233
0.3068297207355499 0.6267217993736267 -0.06458017230033875
0.2112378180027008 0.5474721193313599 -0.09965038299560547
0.11743289232254028 0.5036419630050659 -0.13638372719287872
0.47473669052124023 0.46858757734298706 -0.026511086151003838
0.49455490708351135 0.3132063150405884 -0.09387565404176712
0.5051668882369995 0.21749186515808105 -0.13750103116035461
0.5236510038375854 0.13971304893493652 -0.1664155274629593
0.5709607601165771 0.48607319593429565 -0.05407603457570076
0.534329891204834 0.37082135677337646 -0.17626143991947174
0.46215641498565674 0.47249847650527954 -0.2055702805519104
0.4415668249130249 0.5574361681938171 -0.18988767266273499
0.6654071807861328 0.521844208240509 -0.09025029838085175
0.6269882917404175 0.42816612124443054 -0.20258182287216187
0.5577013492584229 0.5249481201171875 -0.183762788772583
0.5419763922691345 0.5957632660865784 -0.13347451388835907
0.7664534449577332 0.5685282349586487 -0.1302361935377121
0.7445241212844849 0.4788891673088074 -0.1967141032218933
0.6722368597984314 0.5235001444816589 -0.1741761714220047
0.6406571865081787 0.5687543749809265 -0.13564345240592957
