0.5333641171455383 0.8249168992042542 3.8079608088992245e-07
0.4004916250705719 0.7779303193092346 -0.04318901151418686
0.28232336044311523 0.6621425151824951 -0.06397967040538788
0.19338162243366241 0.5855961441993713 -0.09095557779073715
0.10966131091117859 0.548534631729126 -0.11542459577322006
0.37363994121551514 0.47796279191970825 -0.005768968258053064
0.39281320571899414 0.34058451652526855 -0.054791610687971115
0.39200806617736816 0.24993255734443665 -0.09316705167293549
0.40370476245880127 0.1731874942779541 -0.12029823660850525
0.4591269791126251 0.4814193546772003 -0.024547463282942772
0.49367761611938477 0.3325709104537964 -0.10982134938240051
0.4247625172138214 0.3946697413921356 -0.13546614348888397
0.3992319107055664 0.4700581431388855 -0.12714268267154694
0.5420395731925964 0.5072000622749329 -0.052926868200302124
0.5706854462623596 0.37751373648643494 -0.1274348348379135
0.4926473796367645 0.4424659013748169 -0.12307429313659668
0.4728384017944336 0.5102598071098328 -0.09401967376470566
0.6278088092803955 0.5523778200149536 -0.0873248502612114
0.6343166828155518 0.4416642189025879 -0.1285465508699417
0.5641633868217468 0.47093528509140015 -0.11877579987049103
0.5408689975738525 0.523543655872345 -0.09700562804937363
