0.571841299533844 0.6964068412780762 -4.562419775311355e-08
0.45167726278305054 0.7050727605819702 -0.06015671044588089
0.29982978105545044 0.6292485594749451 -0.08894052356481552
0.19593149423599243 0.5739718675613403 -0.11573685705661774
0.11296945810317993 0.5442126393318176 -0.14271588623523712
0.3949357271194458 0.4559072256088257 -0.05316370725631714
0.37440863251686096 0.33654356002807617 -0.10991950333118439
0.3657118082046509 0.25201326608657837 -0.1471806913614273
0.36355870962142944 0.17787963151931763 -0.17519409954547882
0.49213680624961853 0.4369528591632843 -0.06035842373967171
0.4608897864818573 0.42626869678497314 -0.141145721077919
0.47217971086502075 0.5418756008148193 -0.1523069590330124
0.48916095495224 0.5754786729812622 -0.1433802992105484
0.5919009447097778 0.4467542767524719 -0.07688096910715103
0.5577850937843323 0.44606947898864746 -0.15843988955020905
0.5541712045669556 0.5501202344894409 -0.12779247760772705
0.5599420666694641 0.5715222954750061 -0.08944185078144073
0.6848866939544678 0.47231897711753845 -0.09877097606658936
0.6496111154556274 0.45879068970680237 -0.15227727591991425
0.6305766105651855 0.5405362844467163 -0.12207022309303284
0.6295030117034912 0.568721354007721 -0.08781565725803375
