0.08172390446783631 0.9631356037667047 9.987047633330803e-08
0.3462421146888877 1.0 -0.058050576597452164
0.6350705760062239 0.9132258575558561 -0.08310512453317642
0.8377551676936436 0.8101154302966437 -0.10379058122634888
1.0 0.740022995719941 -0.12497232109308243
0.4897317562809488 0.5505888060543719 -0.04242721199989319
0.5474899815893812 0.3049038616400918 -0.07637113332748413
0.5664007092721873 0.1356574962530883 -0.09910532087087631
0.5789093346382305 0.0 -0.11649440973997116
0.33430915318827176 0.5164199738542536 -0.03585178405046463
0.3944795296231519 0.3601406028534341 -0.10218087583780289
0.3446429172242288 0.5440123356721929 -0.12056538462638855
0.3000437982658956 0.7035535380051614 -0.11577780544757843
0.17100168168813393 0.521431176070018 -0.03508654981851578
0.23174373764484565 0.37149294529713034 -0.10582420974969864
0.18643230659258345 0.5658896118527383 -0.09597259014844894
0.1495107963905979 0.7124543381145169 -0.06906105577945709
0.0 0.546155196483559 -0.03844711557030678
0.06035417272926356 0.43601581176326815 -0.0946880429983139
0.04949742670431035 0.5911513228201639 -0.08768119663000107
0.03126440635346381 0.7164056986507167 -0.06770829111337662
