0.17740671296696744 1.0 2.8259728779289617e-08
0.45316885149260583 0.9850678416065665 -0.040539223700761795
0.6982528267890578 0.8924502256594228 -0.06004131957888603
0.8654811695993592 0.7753372200383252 -0.07914317399263382
1.0 0.6882616036670505 -0.09932143986225128
0.4729405725570248 0.5200827128406923 -0.024366406723856926
0.48288240663977716 0.2766766912455892 -0.052223969250917435
0.4794376629304391 0.12540855971005724 -0.07148353010416031
0.48156632125524473 0.0 -0.08541417866945267
0.3270412298012831 0.504326255625574 -0.021544113755226135
0.390117516178269 0.35573971205174415 -0.07446232438087463
0.37436790641288886 0.5503739979367033 -0.08805258572101593
0.34796885042802717 0.6964212379772821 -0.08350592106580734
0.16961150197412808 0.5265483534516971 -0.023492176085710526
0.22659989540514539 0.3540599813024995 -0.0808345228433609
0.22742560923841373 0.5515638807048397 -0.07107972353696823
0.20571968179743463 0.6974176507303378 -0.04773830994963646
0.0 0.5658009886754861 -0.028251351788640022
0.06889919903762087 0.42703099710941383 -0.07220067083835602
0.1066759395904832 0.5672666984924714 -0.06422150880098343
0.10322703737070359 0.6886509975380691 -0.04648817703127861
