0.5727609395980835 0.5792266130447388 -3.386941926919462e-08
0.6821796894073486 0.5722665786743164 -0.04905737191438675
0.7835334539413452 0.5175468325614929 -0.07102996855974197
0.8630517721176147 0.46066051721572876 -0.08929543942213058
0.9231732487678528 0.42213767766952515 -0.10674615949392319
0.71663898229599 0.36095938086509705 -0.04087112098932266
0.7208813428878784 0.24630017578601837 -0.08081106096506119
0.7149463295936584 0.17091135680675507 -0.11091519147157669
0.708703875541687 0.11027407646179199 -0.1337047666311264
0.6489461660385132 0.3545861840248108 -0.03731692209839821
0.6588059067726135 0.29088330268859863 -0.10829633474349976
0.650065541267395 0.3861529529094696 -0.12818361818790436
0.6456839442253113 0.4579879641532898 -0.1260472983121872
0.5813156962394714 0.36671122908592224 -0.03874596208333969
0.593269407749176 0.30014845728874207 -0.1113215982913971
0.589536190032959 0.3953513205051422 -0.09680407494306564
0.5868200659751892 0.4628397822380066 -0.0683760866522789
0.5154293775558472 0.38842228055000305 -0.04373418167233467
0.5277237296104431 0.3411176800727844 -0.09924119710922241
0.534841775894165 0.41524386405944824 -0.08796706050634384
0.5396188497543335 0.4677538275718689 -0.06607566773891449
