0.1674985039798342 1.0 2.4297634126924095e-07
0.4414805954957739 0.9640174285076241 -0.10077442973852158
0.7002557954320491 0.8304163447231895 -0.1454973965883255
0.873950504909966 0.6940981911436916 -0.18228498101234436
1.0 0.5864908902835652 -0.21999578177928925
0.5057555695868972 0.51882405888836 -0.07109498977661133
0.5092424146526183 0.2813855610300213 -0.13098344206809998
0.4830517312948757 0.1306700951507038 -0.1688941866159439
0.45563067793028855 0.0 -0.1956070363521576
0.337525177471267 0.5120837323149838 -0.056377023458480835
0.33861223106742183 0.3649631909705935 -0.16624408960342407
0.32726035788562235 0.5600825849217463 -0.19105258584022522
0.3281661286325918 0.7060378525637734 -0.1762203425168991
0.16831496626433734 0.5453164404787856 -0.0525033175945282
0.1746464904003515 0.4015048503614327 -0.17060452699661255
0.1819312663135604 0.6052337262089953 -0.1503327190876007
0.18864424743877073 0.7378532866006459 -0.09967357665300369
0.0 0.6047018013997741 -0.055353716015815735
0.015358435584168583 0.47949905785167357 -0.14537964761257172
0.05110995066799099 0.6341268835833365 -0.1270909160375595
0.07369464972444226 0.7473093134015606 -0.08705861121416092
