0.1640994188622622 1.0 4.931766284244077e-07
0.43006723445249295 0.9965115465840553 -0.0982358530163765
0.6710452756823296 0.8552287698948404 -0.145883709192276
0.8495711582545054 0.7153931086387294 -0.18539315462112427
1.0 0.6239522776795031 -0.2276107519865036
0.48870700137190287 0.5705015955884019 -0.08142177015542984
0.4854512520267841 0.31688959381400106 -0.14483724534511566
0.4533182771886658 0.1364270244611696 -0.1866280883550644
0.4168588018759652 0.0 -0.21561259031295776
0.32713775770933357 0.5689862784853574 -0.06482864916324615
0.3126045749374469 0.4385584795838921 -0.18124070763587952
0.29268924867037815 0.6172771115691691 -0.21289657056331635
0.2850430540204867 0.7712661487087399 -0.20288045704364777
0.16426791757958858 0.5956568515232284 -0.05833285674452782
0.15946060394617068 0.49109881405149497 -0.17366263270378113
0.1601078709349865 0.6843854880734707 -0.16176700592041016
0.16570160012675414 0.8241111173020775 -0.11828194558620453
0.0 0.6409484645034695 -0.058685120195150375
0.007204402753120847 0.53667819674454 -0.1412559300661087
0.029837071555804662 0.6839003055269476 -0.1280733048915863
0.05201851792242718 0.7955209772629687 -0.09385257959365845
