0.14343445816415162 1.0 -1.9564945219485708e-09
0.4050919002677241 0.9506617807034904 -0.08325736969709396
0.6695097877684568 0.8298540718189731 -0.11485563963651657
0.8614570318035298 0.6790823413612631 -0.13720238208770752
1.0 0.549774939376375 -0.15534159541130066
0.5267911068188608 0.49578091595313334 -0.041200678795576096
0.5268261209761093 0.26546686276575915 -0.08660457283258438
0.4752464853319656 0.12366510214037707 -0.12194859236478806
0.4307827756454454 0.0 -0.14649711549282074
0.3549561411080297 0.4808075025473771 -0.021984364837408066
0.312796777770329 0.32941702933732625 -0.09634941816329956
0.2766466734202103 0.5064771323909063 -0.12150350958108902
0.2912662430766977 0.6312444724886231 -0.12040751427412033
0.19095666058636268 0.49455869079944303 -0.013422871939837933
0.145519264527017 0.3594720756801643 -0.09124473482370377
0.1229487361627741 0.5419698071806291 -0.0844096764922142
0.14681710635562464 0.6594856864087069 -0.05810752138495445
0.034306981072651996 0.5232528792225432 -0.011560965329408646
0.0 0.4130004971972807 -0.06823979318141937
0.0019343796872991756 0.5529895000725136 -0.06037462130188942
0.03996493948254322 0.6577878111600344 -0.03867604583501816
