0.46562397480010986 0.8378813862800598 -1.626651595643125e-07
0.596745491027832 0.8047037124633789 -0.07444204390048981
0.7280071377754211 0.7364245057106018 -0.1062714233994484
0.822184681892395 0.6509820222854614 -0.13186483085155487
0.8877854347229004 0.5798568725585938 -0.15495313704013824
0.6512526869773865 0.5585088729858398 -0.045958660542964935
0.6538966298103333 0.42865729331970215 -0.09336304664611816
0.6337900757789612 0.3529589772224426 -0.12683607637882233
0.6134680509567261 0.2877764105796814 -0.15029551088809967
0.5661190152168274 0.548784613609314 -0.03435622528195381
0.5456607937812805 0.4734455645084381 -0.1135723739862442
0.5352196097373962 0.5861808657646179 -0.13567721843719482
0.5446040630340576 0.6610418558120728 -0.13223105669021606
0.4870222210884094 0.5584765672683716 -0.0321524515748024
0.46696096658706665 0.4866178333759308 -0.11289394646883011
0.4662526249885559 0.5993385910987854 -0.09908024966716766
0.4789215922355652 0.6697726249694824 -0.0684586837887764
0.40729475021362305 0.5816714763641357 -0.03620985150337219
0.3980700969696045 0.5176485776901245 -0.09591221809387207
0.4065081477165222 0.6010168194770813 -0.08498876541852951
0.42485761642456055 0.6612262725830078 -0.06113465130329132
