0.1283351269577203 1.0 -1.0327917721042468e-07
0.40051392334996144 0.9337759668752734 -0.07265949249267578
0.6589328247797537 0.8134152600750202 -0.10297486186027527
0.858069341498614 0.659398781768904 -0.12643566727638245
1.0 0.5351427132431779 -0.1468227356672287
0.5206939842625358 0.4953523691710493 -0.0417994000017643
0.526192709749585 0.25884535010219034 -0.08753252774477005
0.48582810638685725 0.12081559823697793 -0.12132406234741211
0.4384691552119979 0.0 -0.14533625543117523
0.3437288451743833 0.4791510138637217 -0.029273273423314095
0.3080307336579824 0.3462713401252324 -0.10849923640489578
0.2897377028728473 0.5510821775425577 -0.13148128986358643
0.30402266446788706 0.6841798445711046 -0.12882114946842194
0.1776221082727367 0.5004424751114092 -0.0258095134049654
0.14639826697730585 0.3698416376476228 -0.1062830314040184
0.14665662156261525 0.5764385033826075 -0.0920010507106781
0.17059190815997152 0.7038946194161315 -0.061144668608903885
0.012988707130913586 0.5472920208100817 -0.028206270188093185
0.0 0.43211626465453484 -0.08759993314743042
0.01839743849846689 0.5868535840751042 -0.0756353884935379
0.05649474721402794 0.6943843016634085 -0.05112183094024658
