0.09996626082786755 1.0 1.6833880067679274e-07
0.3708783037597153 0.9822763928210207 -0.08597347885370255
0.641509830223396 0.8669363652733179 -0.12324017286300659
0.839587037982225 0.7334455748036675 -0.1519838273525238
1.0 0.6340808412915532 -0.17982004582881927
0.4904412111954111 0.5470032315387442 -0.06080453470349312
0.5113382690306186 0.28887080781075336 -0.10706980526447296
0.4905387278470321 0.1259040336401442 -0.13962619006633759
0.4653888541759377 0.0 -0.16289648413658142
0.32671813214857226 0.537531337481929 -0.04371723532676697
0.30813269575531244 0.4085459165185338 -0.1322668194770813
0.27070906298644803 0.5876663959368938 -0.15969392657279968
0.25775802292992245 0.7315608753356032 -0.15579648315906525
0.16355404261579848 0.5576884483020438 -0.035637110471725464
0.14883277449518387 0.4546567028771386 -0.12545540928840637
0.12924157701340666 0.6446616767949563 -0.1176079586148262
0.12998833432931248 0.7705448925510205 -0.08648618310689926
0.0 0.5920944766165063 -0.03388029709458351
0.006670865521018188 0.48846193094824586 -0.10023877024650574
0.007208058530879289 0.6398255072194768 -0.0910165086388588
0.021420968600319317 0.749528168494117 -0.06557666510343552
