0.17168144212643724 1.0 5.6164008555015243e-08
0.42656595559591315 0.9724661238891058 -0.11099132895469666
0.682085585272929 0.8268545238885299 -0.16647721827030182
0.8600550142503077 0.6942708129289097 -0.21339420974254608
1.0 0.5926383504225946 -0.26234170794487
0.49225733464468086 0.5341535289647275 -0.0998927429318428
0.4832234345321787 0.28787486012589975 -0.17169585824012756
0.4527941917366941 0.13032606133250546 -0.2150776982307434
0.4253878509131982 0.0 -0.2438078075647354
0.32467564388774095 0.5328542636717437 -0.08495572209358215
0.2991069238991964 0.40701148598712905 -0.2175757884979248
0.27570298135702936 0.6018219418522328 -0.24993889033794403
0.27550670533130944 0.7590442572375541 -0.23637087643146515
0.16323677376665063 0.5641971255062539 -0.08076771348714828
0.14362424174873148 0.45396959040256235 -0.2143069952726364
0.1452470623352429 0.6543162455370434 -0.19853731989860535
0.16104916622495963 0.7944384383082757 -0.14757223427295685
0.011840095590371575 0.613460997679039 -0.083976149559021
0.0 0.5063604969398006 -0.17927445471286774
0.02237495112442144 0.6609680655503816 -0.16091056168079376
0.048494060306661105 0.7785459670982623 -0.11907961219549179
