0.3041694164276123 0.4774382710456848 6.588660728112927e-09
0.4019978940486908 0.4527193307876587 -0.04777977988123894
0.49973854422569275 0.40371400117874146 -0.07134795188903809
0.5761632323265076 0.351485013961792 -0.09262311458587646
0.6310708522796631 0.3114200830459595 -0.113381028175354
0.43089237809181213 0.2612866461277008 -0.03432842716574669
0.44026049971580505 0.15911681950092316 -0.06786986440420151
0.43779000639915466 0.09459619224071503 -0.09044953435659409
0.43523427844047546 0.03853096067905426 -0.10691973567008972
0.3699609339237213 0.25689584016799927 -0.03172815963625908
0.37538719177246094 0.20014214515686035 -0.09340231865644455
0.37161558866500854 0.28608283400535583 -0.10903728753328323
0.3711412250995636 0.3481895923614502 -0.10443311184644699
0.30945155024528503 0.2697557210922241 -0.034387145191431046
0.3175607919692993 0.22155743837356567 -0.09638115018606186
0.32106971740722656 0.3059975206851959 -0.0832529217004776
0.32152533531188965 0.359494149684906 -0.05718214437365532
0.24813319742679596 0.2905758023262024 -0.04087405651807785
0.26016557216644287 0.24733278155326843 -0.08317093551158905
0.2722691595554352 0.3103388547897339 -0.06952519714832306
0.2772599458694458 0.35412144660949707 -0.04776686802506447
