0.14789438801138582 1.0 -2.049252145752689e-07
0.39102744600100464 0.9731243697615803 -0.06846079975366592
0.6734073784673773 0.8359022597513337 -0.09545035660266876
0.8560721660992353 0.6777476487210039 -0.11470486968755722
1.0 0.5664118027438966 -0.13313047587871552
0.5539060668638723 0.5427426933044894 -0.05356209725141525
0.5439631355695708 0.29625622479682284 -0.09548592567443848
0.4968903136685829 0.13230526459583847 -0.12448888272047043
0.45663985321203326 0.0 -0.14494521915912628
0.37781241279232014 0.5207470544780379 -0.04159899428486824
0.30721744711726295 0.3799750677426806 -0.11832679063081741
0.2552339956465926 0.5748803373753387 -0.14163528382778168
0.24974437684880282 0.7291541806111952 -0.13853327929973602
0.21521899592565719 0.5306462494009238 -0.036354027688503265
0.14394698470726125 0.4189121003741492 -0.11238765716552734
0.11280501758106826 0.6145230971251462 -0.1044708713889122
0.11973548166545739 0.755574907174975 -0.07781703770160675
0.055732091030864545 0.559585958160818 -0.03635205328464508
0.008396634481218954 0.46908836362378314 -0.09226721525192261
0.0 0.622525789534201 -0.08459252864122391
0.024612204889211363 0.7374113214477956 -0.06306255608797073
