0.1759743456876918 1.0 -1.2205053678826516e-07
0.44039477336519484 0.9659042455338314 -0.04778476804494858
0.6894823833464101 0.8590809618778008 -0.06856971979141235
0.867483968989009 0.7400301052325325 -0.0887397900223732
1.0 0.6519996211304536 -0.10910908877849579
0.4946775048252947 0.535074467837581 -0.027963340282440186
0.5220616757460648 0.2881116365351787 -0.06177132949233055
0.5220688645402312 0.13113309084715638 -0.0862126275897026
0.520547040828243 0.0 -0.1038917526602745
0.3321305062495562 0.5250507713534811 -0.02674303762614727
0.3731928985276763 0.38877433526619637 -0.09201329946517944
0.35520462829239435 0.5830897892482122 -0.11020244657993317
0.32957129552634 0.73284977591791 -0.10639756172895432
0.16860920599915144 0.5455830224258738 -0.03142677620053291
0.21451288437308727 0.4073454684519587 -0.09671275317668915
0.21563140206133538 0.5995485994778745 -0.08403059840202332
0.19954023993554146 0.740048297298432 -0.05688393488526344
0.0 0.5780552009237878 -0.04045718535780907
0.0634472703415 0.4514094863318593 -0.08538328856229782
0.09039351165846361 0.5841557388486756 -0.07269128412008286
0.08744273171830959 0.6934298101651332 -0.051166240125894547
