0.35627856850624084 0.8594390153884888 -3.766752953993091e-08
0.46889516711235046 0.8472816944122314 -0.061986811459064484
0.5859336256980896 0.7831197381019592 -0.0890200138092041
0.6683967709541321 0.7160731554031372 -0.11226581037044525
0.7271180152893066 0.6649355888366699 -0.13528116047382355
0.5126171112060547 0.6213350892066956 -0.04878092184662819
0.5319413542747498 0.5028572082519531 -0.08812642097473145
0.5299398899078369 0.42510557174682617 -0.1127229854464531
0.5265292525291443 0.36056333780288696 -0.12968683242797852
0.44125497341156006 0.6134501695632935 -0.04183826595544815
0.45011529326438904 0.5575235486030579 -0.11787401139736176
0.43418383598327637 0.652298092842102 -0.135897696018219
0.42468956112861633 0.7279778718948364 -0.12780141830444336
0.36925551295280457 0.6235385537147522 -0.041248396039009094
0.3769725561141968 0.5743712782859802 -0.11662810295820236
0.37113916873931885 0.6692038774490356 -0.10389789938926697
0.36837348341941833 0.7366342544555664 -0.07292681932449341
0.29596221446990967 0.6430475115776062 -0.045502763241529465
0.30924034118652344 0.5970078706741333 -0.09920377284288406
0.3159971833229065 0.6696629524230957 -0.08685106784105301
0.3193807601928711 0.7255687713623047 -0.06166297569870949
