0.48228541016578674 0.7227333784103394 7.18375687824846e-08
0.6070747375488281 0.7191663980484009 -0.08188331127166748
0.730554461479187 0.6726253032684326 -0.11601054668426514
0.8275874853134155 0.6058135628700256 -0.14070016145706177
0.9066028594970703 0.5610467195510864 -0.16364067792892456
0.6885259747505188 0.5049107670783997 -0.05346975475549698
0.7079295516014099 0.3735666871070862 -0.09359998255968094
0.7028868794441223 0.28588008880615234 -0.12301355600357056
0.6945886611938477 0.21724608540534973 -0.14440090954303741
0.61515212059021 0.48976826667785645 -0.03293147683143616
0.6017922759056091 0.41939350962638855 -0.10987989604473114
0.5735943913459778 0.5154528617858887 -0.1329149454832077
0.5624537467956543 0.5920895934104919 -0.12861154973506927
0.5403658151626587 0.49150481820106506 -0.02117396704852581
0.5287351012229919 0.43404582142829895 -0.09842253476381302
0.510555624961853 0.5311235785484314 -0.09132528305053711
0.5072392821311951 0.5989932417869568 -0.06427405774593353
0.46653223037719727 0.5027486085891724 -0.01578841544687748
0.4666591286659241 0.4479689300060272 -0.07302888482809067
0.4581606984138489 0.5260115265846252 -0.06595597416162491
0.4621031880378723 0.5854145288467407 -0.04451064392924309
