0.527070164680481 0.9239498376846313 4.779820983458194e-08
0.6304441094398499 0.9206178188323975 -0.05842185392975807
0.7347111105918884 0.8732374310493469 -0.08416760712862015
0.8051297664642334 0.8187360763549805 -0.10563864558935165
0.8649952411651611 0.7765243649482727 -0.12675529718399048
0.6673299670219421 0.7271902561187744 -0.04349681735038757
0.6869096159934998 0.6230049729347229 -0.07877048850059509
0.6919825077056885 0.5519576668739319 -0.10200835764408112
0.6944113969802856 0.492379367351532 -0.11885648220777512
0.6026948690414429 0.7165298461914062 -0.03678049147129059
0.6203846335411072 0.6533240079879761 -0.10144119709730148
0.6077376008033752 0.7367900609970093 -0.11774928122758865
0.5945160984992981 0.8029332160949707 -0.11219782382249832
0.5370991826057434 0.7227269411087036 -0.03615451604127884
0.5572736859321594 0.6630322337150574 -0.10198593884706497
0.5505635738372803 0.7476552724838257 -0.08958456665277481
0.5413651466369629 0.8078511953353882 -0.062203794717788696
0.4695311188697815 0.7369305491447449 -0.040232688188552856
0.4953993558883667 0.6854648590087891 -0.08882924914360046
0.5006148815155029 0.7487542033195496 -0.07814744859933853
0.49645552039146423 0.7993000745773315 -0.056897398084402084
