0.16502684487549243 1.0 8.109293503366644e-08
0.4149045213163479 0.9542696291632238 -0.05633851885795593
0.6706766599465838 0.8425452638612084 -0.08466048538684845
0.8478058703704573 0.7243683479126222 -0.10990017652511597
1.0 0.6483114398297611 -0.13539095222949982
0.4740270683870889 0.5160654024812122 -0.03978542983531952
0.5020826086704265 0.284501792327799 -0.07866577804088593
0.5056894614420393 0.1319531438655263 -0.10399793088436127
0.50132974204441 0.0 -0.12255828827619553
0.3221601939936991 0.50165879566196 -0.03663892671465874
0.367445328759588 0.34238151642311265 -0.10440390557050705
0.3527182905700485 0.5428275088873191 -0.11849777400493622
0.33367200819781967 0.6792620205118033 -0.1101355254650116
0.16602739771443506 0.5279642611469485 -0.03994553163647652
0.21374339376803253 0.3738736576426071 -0.1131092831492424
0.21145385038095052 0.5766247851728644 -0.09568094462156296
0.19597974747333816 0.7012983563607229 -0.06274399906396866
0.0 0.5779590100200274 -0.04726053774356842
0.060742522652997004 0.4533965531651624 -0.10073478519916534
0.09056025433354174 0.6086693303241493 -0.08480487763881683
0.09139082508380303 0.7168278027554893 -0.058559589087963104
