0.28796520829200745 0.9399445056915283 1.1150027567907728e-09
0.4150664806365967 0.892850399017334 -0.04790741950273514
0.524753212928772 0.8320575952529907 -0.07383449375629425
0.6058579683303833 0.7660903334617615 -0.09998270124197006
0.6700171232223511 0.7193660736083984 -0.127510204911232
0.43176621198654175 0.6677215695381165 -0.0266569796949625
0.44143393635749817 0.5457988977432251 -0.06435874104499817
0.43762391805648804 0.4707548916339874 -0.09022585302591324
0.4312095046043396 0.40231698751449585 -0.10877286642789841
0.3626532256603241 0.6616086959838867 -0.027257123962044716
0.3782559335231781 0.5866531133651733 -0.09075544029474258
0.3705473840236664 0.692181408405304 -0.10345025360584259
0.3648735582828522 0.7630237340927124 -0.09510146826505661
0.2928619682788849 0.6797422170639038 -0.03410765901207924
0.3063178062438965 0.5987529754638672 -0.10232207924127579
0.30619245767593384 0.7059656381607056 -0.08093895018100739
0.3031516671180725 0.773347795009613 -0.04616053029894829
0.21927516162395477 0.7150692343711853 -0.04444964602589607
0.23671141266822815 0.6423752903938293 -0.09172934293746948
0.2524990737438202 0.7220852971076965 -0.06825920939445496
0.2580142617225647 0.7831484079360962 -0.03680318221449852
