0.43382498621940613 0.4956340491771698 -7.434697124608647e-08
0.5142369866371155 0.4921310544013977 -0.05697786062955856
0.6078662276268005 0.4518637955188751 -0.08409284055233002
0.6796326637268066 0.4071664810180664 -0.10599075257778168
0.7407254576683044 0.3821064233779907 -0.1271408200263977
0.5936571359634399 0.3457024097442627 -0.04544674977660179
0.6107413172721863 0.24882465600967407 -0.0808928832411766
0.6027507781982422 0.1850842535495758 -0.10371355712413788
0.5949795842170715 0.1351957619190216 -0.11916162073612213
0.5407665967941284 0.33061742782592773 -0.034857217222452164
0.5206502676010132 0.2796401083469391 -0.09908831119537354
0.4865933656692505 0.3450300395488739 -0.11731366068124771
0.47713327407836914 0.4000745713710785 -0.11333197355270386
0.4861895442008972 0.3248957097530365 -0.030183149501681328
0.46455293893814087 0.2782202959060669 -0.09101680666208267
0.43913960456848145 0.34117570519447327 -0.08400972932577133
0.4355202317237854 0.3909876048564911 -0.06196596845984459
0.4327961802482605 0.3281428813934326 -0.030069664120674133
0.41593044996261597 0.2872442603111267 -0.07276061177253723
0.40136563777923584 0.3366260826587677 -0.06507310271263123
0.4030417799949646 0.3801424503326416 -0.04654444381594658
