0.09974429938927763 1.0 -9.949167889544697e-08
0.33833197693306344 0.9867719349360798 -0.05702250823378563
0.6119777895525529 0.8714935613743234 -0.0834219753742218
0.8207517482118596 0.744915115846346 -0.1046367734670639
1.0 0.6776197405016159 -0.12515577673912048
0.5720918991750852 0.5747847951408513 -0.04303396865725517
0.6237173066436351 0.3111920196962958 -0.07867959886789322
0.5975401562636294 0.13604670993973003 -0.10234697163105011
0.5719523686750342 0.0 -0.11831855773925781
0.4176619988595356 0.5350610716436537 -0.03222957253456116
0.35379687062047543 0.38718905737920584 -0.09665551036596298
0.25050445979845476 0.5645976920245962 -0.11613482981920242
0.22126018331324035 0.7194557578206134 -0.11272738873958588
0.25812212306098675 0.5214006657390142 -0.027459539473056793
0.18882232572245647 0.3874478854291831 -0.0884188637137413
0.11249291158733231 0.5584445348288428 -0.08293193578720093
0.10177723244851106 0.6999082696261948 -0.0616363100707531
0.1025375420412417 0.5331071380955115 -0.027293628081679344
0.04415912163531852 0.4180217944253066 -0.07061436772346497
0.0 0.5510269659629173 -0.06431624293327332
0.005708815817809322 0.6725872107650069 -0.04655589908361435
