0.07000216565882411 0.9158119476594061 -3.220894484456949e-08
0.32376853804801387 1.0 -0.07931527495384216
0.639762242204773 0.9669921000251136 -0.11468077450990677
0.8525556046046282 0.8514748085368317 -0.13934142887592316
1.0 0.7282648596806177 -0.1624540537595749
0.6132292754336448 0.6005650184849427 -0.0816713199019432
0.7303142545631042 0.3423875645259009 -0.13010744750499725
0.7653487465380409 0.15424564964829798 -0.15915189683437347
0.78542899971492 0.0 -0.17840370535850525
0.44319266613291175 0.5229142493906043 -0.0641040951013565
0.42293180006271425 0.36832833669795806 -0.14904095232486725
0.29777215268013424 0.553154885263689 -0.17302146553993225
0.2273849338999208 0.7176579827304954 -0.16832615435123444
0.27782757116020806 0.4785363770704738 -0.05308151990175247
0.22504519138098314 0.38813416468999623 -0.13466311991214752
0.13050629779352096 0.5816199829644915 -0.12938673794269562
0.09564580471862631 0.7245204757720938 -0.10331575572490692
0.1155390005984816 0.4578122263680758 -0.04771889001131058
0.06819696946828073 0.3940700631863853 -0.10766629874706268
0.007908809652495706 0.5525198170061473 -0.10402601212263107
0.0 0.6741210057656924 -0.08466251194477081
