0.45083853602409363 0.6442544460296631 1.1513179742905777e-07
0.5457277297973633 0.6428923606872559 -0.07414703816175461
0.6418771147727966 0.6187158226966858 -0.11363765597343445
0.7209075093269348 0.577411949634552 -0.14123931527137756
0.7721912264823914 0.530433714389801 -0.1658560335636139
0.5903729200363159 0.4584137201309204 -0.08324333280324936
0.6025813221931458 0.35805585980415344 -0.1337689459323883
0.6001129150390625 0.291204571723938 -0.1722705364227295
0.592704713344574 0.2298697829246521 -0.19859492778778076
0.5355257391929626 0.4450618624687195 -0.05872147157788277
0.5235239267349243 0.39883366227149963 -0.11724867671728134
0.5075960159301758 0.4831550717353821 -0.12929074466228485
0.5053954720497131 0.5320172309875488 -0.12819615006446838
0.4793185889720917 0.445370614528656 -0.040435027331113815
0.46724092960357666 0.4000668525695801 -0.09608995914459229
0.45376908779144287 0.4794829487800598 -0.07875144481658936
0.45684653520584106 0.5278334021568298 -0.05596424266695976
0.4305247366428375 0.451465368270874 -0.027462728321552277
0.41524460911750793 0.41768959164619446 -0.0661500096321106
0.41130852699279785 0.48151612281799316 -0.05188877508044243
0.4219368100166321 0.5236361622810364 -0.032720886170864105
