0.06646746414299055 1.0 -7.41348884503168e-08
0.3470939797152251 0.9861737854836053 -0.07634657621383667
0.6561166104099577 0.9117210347996628 -0.10642079263925552
0.8829371887064003 0.7716296531654598 -0.12468674778938293
1.0 0.623854295235217 -0.13672691583633423
0.5499429977489385 0.5641828006024452 -0.058663155883550644
0.5774530280671248 0.30972673980895754 -0.10486846417188644
0.5551034185963916 0.14168951514256806 -0.13935044407844543
0.5194883930980561 0.0 -0.16276326775550842
0.36503442104763906 0.5315475918953059 -0.0376306027173996
0.3377253698642653 0.39014531223153837 -0.10392770171165466
0.2991210375028335 0.5990955171678082 -0.1217937245965004
0.2938476749474194 0.7335494588601892 -0.12007699906826019
0.1863347830162955 0.5227467494080122 -0.025163697078824043
0.153275460225563 0.42833001555541156 -0.09284640103578568
0.13247610259738962 0.6213861734436931 -0.08123979717493057
0.13899475852126944 0.7383364977437226 -0.05715201795101166
0.02139008083104793 0.5298204982017218 -0.018897991627454758
0.0 0.453338957978041 -0.06805413216352463
6.995406349830278e-05 0.615048457348292 -0.059039559215307236
0.031530168205418124 0.713673158100849 -0.0405193455517292
