0.2468390166759491 0.7537152767181396 7.83487905664515e-07
0.4225887358188629 0.7759529948234558 -0.13114702701568604
0.594873309135437 0.7128486037254333 -0.197757288813591
0.7264997959136963 0.6390871405601501 -0.250440388917923
0.839106559753418 0.5878331065177917 -0.3035481572151184
0.5138397812843323 0.4779960811138153 -0.12009233236312866
0.5423368215560913 0.2854813039302826 -0.20867228507995605
0.5479263663291931 0.14288979768753052 -0.26952749490737915
0.5444616675376892 0.034762293100357056 -0.3102153539657593
0.40465691685676575 0.4581611156463623 -0.09604083001613617
0.41032472252845764 0.34764814376831055 -0.2429993599653244
0.3755497336387634 0.4786604642868042 -0.286825567483902
0.3500367999076843 0.5982465147972107 -0.27834075689315796
0.29815414547920227 0.46240800619125366 -0.0852087140083313
0.3005077838897705 0.3815625309944153 -0.2307586967945099
0.2765723168849945 0.5275582075119019 -0.2257298082113266
0.26447761058807373 0.6315937638282776 -0.1784091591835022
0.1934613287448883 0.47683799266815186 -0.08328987658023834
0.2037898749113083 0.4041750729084015 -0.19199037551879883
0.1941109597682953 0.5211086273193359 -0.18434077501296997
0.19301113486289978 0.6078062057495117 -0.147413969039917
