0.08419439983288254 0.9477452932057328 4.398646353820368e-07
0.3364674961386734 1.0 -0.10425785183906555
0.6233135389947624 0.8975435259734988 -0.15344373881816864
0.833416137853588 0.7864492410510345 -0.1907629370689392
1.0 0.7114581208744698 -0.22984527051448822
0.4867477021915667 0.5828820176877708 -0.09514116495847702
0.5234770879355892 0.3265357338039318 -0.16625279188156128
0.5356987539963931 0.14145704070091514 -0.21379178762435913
0.5334065568030469 0.0 -0.2485610544681549
0.32637578875329765 0.5497886221908628 -0.08097031712532043
0.34104898855075794 0.40434042761131755 -0.20584630966186523
0.2788481554936034 0.5950909465885684 -0.23948419094085693
0.23461199624611448 0.7563024386757584 -0.23044046759605408
0.165230045648514 0.5561342861030529 -0.07723822444677353
0.18104870923570196 0.4470520429407406 -0.20231519639492035
0.13713403436273477 0.6452001042853294 -0.19270507991313934
0.11435707047295703 0.7864030582449338 -0.1506965458393097
0.0 0.5831905806264185 -0.08001329004764557
0.0243896909347165 0.4990307912070051 -0.1777752786874771
0.013590581895333121 0.6595676728325456 -0.17065757513046265
0.017865825299586937 0.7781133258576272 -0.1395646333694458
