0.10911183834555505 0.994270198973535 3.02527524809193e-07
0.3704936846518481 1.0 -0.11232190579175949
0.6408334223597196 0.8865952021819754 -0.16292791068553925
0.8446740510401941 0.7722238200482082 -0.20364297926425934
1.0 0.6859883969550692 -0.2442270964384079
0.4818277257413367 0.5609517895336086 -0.08191525191068649
0.4999224580898342 0.30865547642268987 -0.14641068875789642
0.48354319405498714 0.13554842112195997 -0.18811021745204926
0.4604719807276026 0.0 -0.21798235177993774
0.3210961032825265 0.5440676115912346 -0.06375360488891602
0.33220898286796763 0.39464932953391074 -0.1839774250984192
0.29622424269932285 0.5745465977993732 -0.21733702719211578
0.27442876085424023 0.72800323442763 -0.2074240744113922
0.15949871910484265 0.5602608286150963 -0.05753382295370102
0.17495559456420362 0.43889008086411513 -0.1823165863752365
0.15165036695504852 0.6363789249462346 -0.16848061978816986
0.14031727181611484 0.7774477281026171 -0.12114248424768448
0.0 0.5987863895461875 -0.05953901261091232
0.022931598836081608 0.4943917068861599 -0.1531420797109604
0.027660288501033733 0.648748647327954 -0.13969634473323822
0.03634871417114641 0.7661605618912453 -0.10294829308986664
