0.2562527060508728 0.8364228010177612 4.672844227116002e-07
0.3514549136161804 0.8518330454826355 -0.11126580089330673
0.45699992775917053 0.812782883644104 -0.19159357249736786
0.4987984001636505 0.7893838286399841 -0.2643364369869232
0.5204100012779236 0.7772123217582703 -0.33865976333618164
0.4854752719402313 0.6057786345481873 -0.16242970526218414
0.5170948505401611 0.40721940994262695 -0.2739655077457428
0.5182328224182129 0.28033098578453064 -0.3413342535495758
0.5140920281410217 0.17699167132377625 -0.3859102129936218
0.3599800169467926 0.5769138336181641 -0.16581647098064423
0.3861718475818634 0.5000461339950562 -0.3320889472961426
0.3454624116420746 0.6642773151397705 -0.37619996070861816
0.32158398628234863 0.793417751789093 -0.3708958327770233
0.24161238968372345 0.5822914838790894 -0.1782812774181366
0.25968989729881287 0.5300562381744385 -0.3394441604614258
0.23316806554794312 0.7007548809051514 -0.32447636127471924
0.22330886125564575 0.8178585767745972 -0.27292945981025696
0.12520736455917358 0.6103703379631042 -0.1976989060640335
0.1373601257801056 0.5785057544708252 -0.318152517080307
0.1371745467185974 0.7068917155265808 -0.3035721778869629
0.14811062812805176 0.7957886457443237 -0.2629927098751068
