0.2589446008205414 0.8410279154777527 5.179377922104322e-07
0.34613752365112305 0.8563438653945923 -0.1149316281080246
0.44828829169273376 0.8134691715240479 -0.19575615227222443
0.48560845851898193 0.7796506881713867 -0.268507182598114
0.5070300102233887 0.7563670873641968 -0.3422887921333313
0.478268563747406 0.6029106974601746 -0.15879566967487335
0.5093867778778076 0.4034908413887024 -0.26722392439842224
0.512123703956604 0.2757273018360138 -0.331484854221344
0.5086408257484436 0.17288696765899658 -0.37363892793655396
0.3533121645450592 0.5755664110183716 -0.15995638072490692
0.3822522461414337 0.4987626075744629 -0.3266223669052124
0.3446806073188782 0.6613794565200806 -0.37147560715675354
0.3204878270626068 0.7908673286437988 -0.3651646375656128
0.23661985993385315 0.582999587059021 -0.1705930233001709
0.2529478669166565 0.5308976769447327 -0.33061495423316956
0.23182512819766998 0.698178768157959 -0.3181374669075012
0.22294479608535767 0.8144232034683228 -0.2677513062953949
0.12151244282722473 0.613028883934021 -0.18856225907802582
0.13294804096221924 0.5758440494537354 -0.3069005310535431
0.1365322768688202 0.701133668422699 -0.2938005030155182
0.14722952246665955 0.7897520661354065 -0.25422725081443787
