0.5982781052589417 0.6931502223014832 2.9192787565079925e-07
0.5747585296630859 0.5568714737892151 -0.003771809861063957
0.4786373972892761 0.44369521737098694 -0.023830082267522812
0.380357027053833 0.4218599796295166 -0.04189792275428772
0.3016613721847534 0.4485917389392853 -0.06439424306154251
0.4531348943710327 0.3829420208930969 -0.08312992006540298
0.30259230732917786 0.27277445793151855 -0.1255841851234436
0.18910907208919525 0.216403067111969 -0.14536219835281372
0.10146671533584595 0.186784029006958 -0.15508724749088287
0.41608279943466187 0.464369535446167 -0.09807010740041733
0.24020357429981232 0.39997997879981995 -0.14061740040779114
0.20871888101100922 0.45164376497268677 -0.13869352638721466
0.22275935113430023 0.503025472164154 -0.12840434908866882
0.38317057490348816 0.5661988258361816 -0.10814063251018524
0.21686607599258423 0.4961817264556885 -0.13776712119579315
0.1920914500951767 0.5299229025840759 -0.1127544417977333
0.20895102620124817 0.5639476180076599 -0.08712541311979294
0.3596877157688141 0.670459508895874 -0.11703690141439438
0.23238517343997955 0.6017887592315674 -0.13101351261138916
0.1986161172389984 0.5989549160003662 -0.1065264418721199
0.198973149061203 0.6109523177146912 -0.08146445453166962
