0.6546076536178589 0.6173989772796631 1.7465701773744513e-07
0.5838994383811951 0.3766593635082245 -0.004642166662961245
0.4595322012901306 0.2626950740814209 -0.01429713424295187
0.3533981442451477 0.25307193398475647 -0.01921195164322853
0.2855488955974579 0.3207605183124542 -0.02607206627726555
0.41369110345840454 0.2665795087814331 -0.056568752974271774
0.25470539927482605 0.2776651084423065 -0.0777251273393631
0.15431295335292816 0.28503555059432983 -0.0903506726026535
0.07590410113334656 0.30367258191108704 -0.10022135823965073
0.3945370614528656 0.44765597581863403 -0.06108485907316208
0.23573456704616547 0.473781943321228 -0.08444787561893463
0.28272899985313416 0.4583553373813629 -0.0781942829489708
0.3537570834159851 0.45405831933021545 -0.06955910474061966
0.3954540193080902 0.6138971447944641 -0.06083965301513672
0.2641308307647705 0.6122181415557861 -0.07249090820550919
0.30415207147598267 0.5783816576004028 -0.04798709228634834
0.36102211475372314 0.5706909894943237 -0.03062739223241806
0.40509289503097534 0.7516345977783203 -0.06051062420010567
0.31861191987991333 0.7101585865020752 -0.06731126457452774
0.355451762676239 0.6841396689414978 -0.04704427346587181
0.40071433782577515 0.6790168285369873 -0.030507070943713188
