0.6972683668136597 0.4919777512550354 -1.2392533221827762e-07
0.6543735265731812 0.35250231623649597 -0.01677103526890278
0.5277191996574402 0.26740729808807373 -0.03161020204424858
0.4136509299278259 0.27263525128364563 -0.04234679788351059
0.3433688282966614 0.3252599537372589 -0.05507069081068039
0.4579508304595947 0.19560867547988892 -0.05131099745631218
0.3002299964427948 0.21164673566818237 -0.09318778663873672
0.19046875834465027 0.23453016579151154 -0.12227499485015869
0.10945522785186768 0.2636179029941559 -0.1430278718471527
0.4432571828365326 0.28145289421081543 -0.06064063310623169
0.3176523447036743 0.37821298837661743 -0.09904895722866058
0.37539422512054443 0.4107723832130432 -0.09992832690477371
0.43425413966178894 0.3919188678264618 -0.0984514132142067
0.43786969780921936 0.3930526375770569 -0.07110105454921722
0.3332520127296448 0.48098134994506836 -0.10493941605091095
0.3907896876335144 0.5028978586196899 -0.08452552556991577
0.44027411937713623 0.4768032431602478 -0.06893198937177658
0.44299671053886414 0.5124155282974243 -0.08333290368318558
0.37599703669548035 0.5754308700561523 -0.11066169291734695
0.43089646100997925 0.5841271877288818 -0.0957820937037468
0.4747328460216522 0.5604467391967773 -0.08064649254083633
