0.7023198008537292 0.5207991600036621 4.915061779797725e-08
0.6644943952560425 0.3808545768260956 -0.02229067124426365
0.5372204780578613 0.26554492115974426 -0.04537438601255417
0.41358545422554016 0.2652134895324707 -0.05936064198613167
0.325786828994751 0.31104642152786255 -0.07635439932346344
0.5299253463745117 0.20292843878269196 -0.0909358561038971
0.3559266924858093 0.19907593727111816 -0.13315312564373016
0.23790934681892395 0.20249275863170624 -0.15886172652244568
0.14154884219169617 0.21513941884040833 -0.1771765947341919
0.5156092047691345 0.321030855178833 -0.10295239090919495
0.349072128534317 0.337338924407959 -0.1461338847875595
0.3991718888282776 0.36477938294410706 -0.14716538786888123
0.4648262560367584 0.3638738989830017 -0.14352412521839142
0.5048300623893738 0.4454607367515564 -0.11194930225610733
0.3572813868522644 0.45000848174095154 -0.1503143608570099
0.40711212158203125 0.4720616340637207 -0.12366624921560287
0.4652440845966339 0.4702947735786438 -0.10003844648599625
0.5008149743080139 0.5661152601242065 -0.1213972270488739
0.38277554512023926 0.5365502834320068 -0.14832909405231476
0.42907044291496277 0.552463173866272 -0.11973409354686737
0.48204898834228516 0.5667613744735718 -0.09374191612005234
