0.6494362950325012 0.4568893313407898 2.2217534478841117e-07
0.6109604835510254 0.2755943536758423 -0.025820769369602203
0.49413731694221497 0.1808166801929474 -0.0469316802918911
0.3838431239128113 0.18236136436462402 -0.05886177346110344
0.3075481653213501 0.22658900916576385 -0.07156363874673843
0.45016276836395264 0.19527430832386017 -0.09118877351284027
0.2889237105846405 0.19190315902233124 -0.1285432130098343
0.18101730942726135 0.19235216081142426 -0.15128204226493835
0.09718576073646545 0.20186927914619446 -0.1671227067708969
0.4287450313568115 0.3266707956790924 -0.0907127782702446
0.31469398736953735 0.3047081232070923 -0.11931948363780975
0.3541623055934906 0.29353266954421997 -0.11252047121524811
0.4082190990447998 0.29801827669143677 -0.10851705074310303
0.4249062240123749 0.4428214430809021 -0.08827913552522659
0.32832273840904236 0.39946043491363525 -0.10892223566770554
0.36589276790618896 0.3892436623573303 -0.08438362181186676
0.41032421588897705 0.39555907249450684 -0.06904123723506927
0.4302154779434204 0.5412939786911011 -0.0878618061542511
0.35344836115837097 0.47914886474609375 -0.10296865552663803
0.394706666469574 0.4734715223312378 -0.0825662836432457
0.43470191955566406 0.48684489727020264 -0.06706495583057404
