0.6002770066261292 0.5335711240768433 5.9133718366410903e-08
0.5881515145301819 0.3448784053325653 -0.012644754722714424
0.48686906695365906 0.2542535662651062 -0.020292362198233604
0.3788543939590454 0.20826289057731628 -0.020846791565418243
0.31300678849220276 0.1875544637441635 -0.023924000561237335
0.4232481122016907 0.21457397937774658 -0.08557361364364624
0.2644652724266052 0.2163269817829132 -0.11958812922239304
0.15711772441864014 0.22964951395988464 -0.1377015858888626
0.07749903202056885 0.2535403370857239 -0.14915120601654053
0.38089650869369507 0.3397352993488312 -0.0812336653470993
0.30279842019081116 0.35409221053123474 -0.10280600935220718
0.34438765048980713 0.37523356080055237 -0.0863446295261383
0.4008857309818268 0.38939937949180603 -0.073346346616745
0.36538222432136536 0.4696589410305023 -0.07432056218385696
0.32793155312538147 0.468119740486145 -0.0870828852057457
0.3665721118450165 0.4822061061859131 -0.06245354562997818
0.4119775593280792 0.49459630250930786 -0.046878013759851456
0.3628010153770447 0.5878252983093262 -0.0680689662694931
0.35730138421058655 0.5678043365478516 -0.07406637817621231
0.39845559000968933 0.5760972499847412 -0.057983994483947754
0.4319164454936981 0.5814422369003296 -0.04480406269431114
