0.7696939706802368 0.6421501636505127 -1.4157429006900202e-07
0.7166398167610168 0.5101900696754456 -0.01850031688809395
0.5797325968742371 0.4088958501815796 -0.062275130301713943
0.41967424750328064 0.3814752399921417 -0.10239417105913162
0.29933658242225647 0.3785780668258667 -0.14825056493282318
0.6020362973213196 0.2899540066719055 -0.1103748083114624
0.3897225558757782 0.2216482162475586 -0.17650717496871948
0.2488808035850525 0.1783648431301117 -0.21519304811954498
0.14453330636024475 0.13914337754249573 -0.24523454904556274
0.6125181317329407 0.3568754196166992 -0.13223233819007874
0.3335435092449188 0.3989023268222809 -0.1947772055864334
0.3553127646446228 0.4712262451648712 -0.189183309674263
0.42174217104911804 0.48382604122161865 -0.1834971159696579
0.5994081497192383 0.4596238434314728 -0.15241166949272156
0.35451075434684753 0.5148706436157227 -0.2034841924905777
0.39366060495376587 0.5626708269119263 -0.16539153456687927
0.4642813205718994 0.5549878478050232 -0.1373039036989212
0.5734447240829468 0.5712161064147949 -0.1730276346206665
0.3758801519870758 0.6037231683731079 -0.21747522056102753
0.4099910855293274 0.6343223452568054 -0.1933361142873764
0.4719164967536926 0.6269946098327637 -0.16897419095039368
