0.7327781915664673 0.5768274068832397 -3.9008366314874365e-08
0.6824979782104492 0.4526846408843994 -0.025578487664461136
0.5517568588256836 0.3304232954978943 -0.0625964105129242
0.4165324568748474 0.30103689432144165 -0.08910617232322693
0.3173278570175171 0.3314635753631592 -0.12096850574016571
0.5831694602966309 0.23807701468467712 -0.13615629076957703
0.39113909006118774 0.18965159356594086 -0.20330500602722168
0.25681546330451965 0.17068028450012207 -0.2421656996011734
0.144753098487854 0.1600872129201889 -0.2702208459377289
0.5888568758964539 0.3223380446434021 -0.1559952050447464
0.35009467601776123 0.35187673568725586 -0.22241607308387756
0.39354854822158813 0.40316134691238403 -0.22223231196403503
0.4635886549949646 0.40312692523002625 -0.21822746098041534
0.5769590735435486 0.4360944628715515 -0.17223241925239563
0.35668230056762695 0.4649021625518799 -0.23198069632053375
0.4112321138381958 0.5037534236907959 -0.1961958110332489
0.4824901819229126 0.4964626729488373 -0.16476605832576752
0.5587501525878906 0.5530760288238525 -0.18815919756889343
0.384208083152771 0.5607572793960571 -0.23618823289871216
0.4266093969345093 0.5842176675796509 -0.21002890169620514
0.482726514339447 0.5847779512405396 -0.18350334465503693
