0.6424524188041687 0.48432475328445435 1.5477351666959294e-07
0.5911030173301697 0.3297538161277771 -0.011904332786798477
0.45970213413238525 0.2598530650138855 -0.026890814304351807
0.34533780813217163 0.29543980956077576 -0.03646278753876686
0.26888900995254517 0.36090970039367676 -0.048798780888319016
0.43478691577911377 0.2205287367105484 -0.06470281630754471
0.28056207299232483 0.21374619007110596 -0.09464110434055328
0.17917487025260925 0.21684876084327698 -0.11044355481863022
0.1024770438671112 0.22636312246322632 -0.12146256864070892
0.42055806517601013 0.34534239768981934 -0.07114455103874207
0.2683965563774109 0.3908461928367615 -0.09879991412162781
0.3006129264831543 0.4094768762588501 -0.09383989870548248
0.35325896739959717 0.4009630084037781 -0.08806717395782471
0.4210326075553894 0.474129855632782 -0.07458707690238953
0.2866305708885193 0.5052634477615356 -0.09804172813892365
0.32178235054016113 0.5062444806098938 -0.0750357061624527
0.3695994019508362 0.49075937271118164 -0.056837648153305054
0.43076997995376587 0.594882607460022 -0.07779059559106827
0.33276405930519104 0.5950404405593872 -0.09377238899469376
0.36638975143432617 0.5914139747619629 -0.07280980795621872
0.4090447425842285 0.5863630771636963 -0.05432504415512085
