0.7376079559326172 0.5850529074668884 2.1747658252024848e-07
0.69300776720047 0.4492941200733185 -0.02837003394961357
0.552253246307373 0.3244701623916626 -0.06261702626943588
0.41166141629219055 0.3126317858695984 -0.08510131388902664
0.312742680311203 0.35146456956863403 -0.11230111867189407
0.5734680891036987 0.27077794075012207 -0.1318313479423523
0.3672531843185425 0.23736193776130676 -0.18589705228805542
0.23598551750183105 0.2245934158563614 -0.21180453896522522
0.12688690423965454 0.22691060602664948 -0.22826626896858215
0.5626200437545776 0.38907793164253235 -0.14570726454257965
0.33986547589302063 0.38128045201301575 -0.211105078458786
0.39762842655181885 0.40899577736854553 -0.2132754772901535
0.47536176443099976 0.4211745262145996 -0.2040640264749527
0.5463831424713135 0.510632336139679 -0.15359079837799072
0.3425806760787964 0.5039991736412048 -0.2097044140100479
0.40457820892333984 0.5234066247940063 -0.17484375834465027
0.4748479723930359 0.5292630791664124 -0.13959147036075592
0.5284266471862793 0.6272983551025391 -0.16064052283763885
0.3693351745605469 0.5983282923698425 -0.2000371366739273
0.42915087938308716 0.6101142764091492 -0.1661970466375351
0.4900406002998352 0.6222227215766907 -0.1327030509710312
