0.7105278372764587 0.5707134008407593 1.5217243287679594e-07
0.6640614867210388 0.46237146854400635 -0.03530094772577286
0.5164831280708313 0.3520539402961731 -0.07228093594312668
0.35961663722991943 0.3134413957595825 -0.10046695917844772
0.22915086150169373 0.3009084463119507 -0.1348014622926712
0.54770827293396 0.2815815806388855 -0.12423381954431534
0.4017910957336426 0.23575571179389954 -0.19249868392944336
0.2817503809928894 0.21756082773208618 -0.22722333669662476
0.19242757558822632 0.20934641361236572 -0.24819812178611755
0.5387524962425232 0.3579608201980591 -0.14176344871520996
0.2918907403945923 0.379827082157135 -0.2159881442785263
0.3028884530067444 0.4320381283760071 -0.22294296324253082
0.37033677101135254 0.4549575746059418 -0.21789874136447906
0.5269105434417725 0.4628522992134094 -0.15794634819030762
0.30136701464653015 0.497444748878479 -0.23014388978481293
0.3420497179031372 0.5315418243408203 -0.2044372409582138
0.4210909307003021 0.5288411378860474 -0.17305663228034973
0.5137147307395935 0.5790930986404419 -0.17343060672283173
0.33792605996131897 0.5985369682312012 -0.23045511543750763
0.3764954209327698 0.6132060289382935 -0.2115989476442337
0.44830891489982605 0.6057089567184448 -0.18571265041828156
