0.6381756663322449 0.5111111998558044 6.3180941367591e-08
0.598552405834198 0.3428460359573364 -0.0047357273288071156
0.4954151511192322 0.25224730372428894 -0.01545825507491827
0.40105316042900085 0.2728997766971588 -0.02317340485751629
0.34260353446006775 0.33143073320388794 -0.032608795911073685
0.4542626440525055 0.19327329099178314 -0.052490007132291794
0.3045099377632141 0.17932167649269104 -0.08554499596357346
0.1975049376487732 0.17471127212047577 -0.10420253127813339
0.11577272415161133 0.17628291249275208 -0.11649244278669357
0.42317134141921997 0.30758434534072876 -0.06252875924110413
0.2988523244857788 0.32818251848220825 -0.08817880600690842
0.33890700340270996 0.35229626297950745 -0.08153311163187027
0.39493805170059204 0.34892556071281433 -0.07362502813339233
0.4090418219566345 0.42658424377441406 -0.07081227749586105
0.3261464834213257 0.4340972304344177 -0.09213260561227798
0.3708151876926422 0.445097416639328 -0.07258426398038864
0.4150671362876892 0.4353131055831909 -0.05628441646695137
0.4078303575515747 0.5403205156326294 -0.07942088693380356
0.3647741675376892 0.5180672407150269 -0.09222371131181717
0.4093247950077057 0.5236775875091553 -0.07362115383148193
0.44674044847488403 0.5216426849365234 -0.05637519434094429
