0.7033505439758301 0.5612213015556335 -4.3252999404330694e-08
0.6748802065849304 0.40723058581352234 -0.017846841365098953
0.545943021774292 0.2855833172798157 -0.04303192347288132
0.4081330895423889 0.28307247161865234 -0.06250554323196411
0.3142000138759613 0.3268872797489166 -0.085518017411232
0.5231302380561829 0.22703322768211365 -0.08600244671106339
0.3368585705757141 0.200381800532341 -0.13212738931179047
0.20940005779266357 0.1988920420408249 -0.1572054922580719
0.1129155158996582 0.2102762758731842 -0.17375662922859192
0.48478949069976807 0.3401515483856201 -0.09831934422254562
0.31659406423568726 0.35377535223960876 -0.14989013969898224
0.3675422668457031 0.3883565664291382 -0.1518876701593399
0.4350601136684418 0.39445072412490845 -0.14637181162834167
0.4570160210132599 0.4639943838119507 -0.10712534189224243
0.31406593322753906 0.476393461227417 -0.14948882162570953
0.3684377372264862 0.5015870928764343 -0.12253762036561966
0.4311622679233551 0.5023622512817383 -0.09738080203533173
0.44009003043174744 0.5869127511978149 -0.1159999892115593
0.33653175830841064 0.5746034383773804 -0.143356055021286
0.38547003269195557 0.5902817249298096 -0.11815916746854782
0.4389524459838867 0.5950486660003662 -0.093661367893219
