0.6220818758010864 0.4957084357738495 3.440565592427447e-07
0.5731711983680725 0.37434542179107666 -0.004225860349833965
0.4546443819999695 0.29883742332458496 -0.024763356894254684
0.35071200132369995 0.29965144395828247 -0.04186641797423363
0.2744959592819214 0.3324732184410095 -0.06502210348844528
0.4449663758277893 0.24246284365653992 -0.08637391775846481
0.3015928864479065 0.20876970887184143 -0.12509067356586456
0.19724434614181519 0.19497531652450562 -0.14669059216976166
0.11648473143577576 0.19684630632400513 -0.1590781956911087
0.4382375478744507 0.33392828702926636 -0.10178636759519577
0.26921963691711426 0.3258740305900574 -0.13340449333190918
0.21360687911510468 0.3687199652194977 -0.13701052963733673
0.20234884321689606 0.4134363532066345 -0.13632233440876007
0.43739259243011475 0.44626790285110474 -0.11185480654239655
0.27849578857421875 0.4315737187862396 -0.1341048926115036
0.22410748898983002 0.46224385499954224 -0.12155111134052277
0.2098103016614914 0.49115127325057983 -0.10916411876678467
0.443681925535202 0.5624520778656006 -0.12017132341861725
0.3107614517211914 0.5396831631660461 -0.13587935268878937
0.25175681710243225 0.5460360050201416 -0.12252052128314972
0.22438812255859375 0.5598465800285339 -0.10794231295585632
