0.7233710885047913 0.5811675786972046 -1.2288360551337973e-07
0.6616077423095703 0.42930519580841064 -0.025719253346323967
0.5160555243492126 0.2978415787220001 -0.0579070970416069
0.38100019097328186 0.2803473472595215 -0.07870057970285416
0.29695743322372437 0.3333883285522461 -0.10340767353773117
0.5658233761787415 0.23047617077827454 -0.12386906892061234
0.3677446246147156 0.18208062648773193 -0.18423767387866974
0.2300148904323578 0.16483893990516663 -0.2167939394712448
0.1199408769607544 0.1537851244211197 -0.24072906374931335
0.5730949640274048 0.31842631101608276 -0.14345471560955048
0.3342052102088928 0.3461659848690033 -0.20728231966495514
0.3775724768638611 0.39933955669403076 -0.20536866784095764
0.45132195949554443 0.39752572774887085 -0.1989469975233078
0.5602339506149292 0.4365052282810211 -0.16027142107486725
0.33887624740600586 0.4676384925842285 -0.21807324886322021
0.38867324590682983 0.5029699802398682 -0.18517211079597473
0.45891013741493225 0.4898673892021179 -0.15405488014221191
0.5406158566474915 0.5602009296417236 -0.1771634966135025
0.3637343645095825 0.5669885277748108 -0.21770748496055603
0.3993821442127228 0.5811381936073303 -0.19105641543865204
0.45351701974868774 0.5782079696655273 -0.16545434296131134
