0.7888844609260559 0.6515029668807983 8.405071838524236e-08
0.7107977271080017 0.5190180540084839 -0.022094212472438812
0.5520275235176086 0.41481196880340576 -0.06437668204307556
0.4057430624961853 0.3979361653327942 -0.09934384375810623
0.29778313636779785 0.4175552427768707 -0.14173419773578644
0.6111661195755005 0.3297179639339447 -0.1390623152256012
0.43945789337158203 0.2478359043598175 -0.21787355840206146
0.3120955228805542 0.1909801959991455 -0.2663481533527374
0.2042239010334015 0.14151856303215027 -0.3038133382797241
0.6343867778778076 0.3952313959598541 -0.16523897647857666
0.3470737338066101 0.43097203969955444 -0.242913618683815
0.3766014575958252 0.4989057779312134 -0.24201230704784393
0.4494841694831848 0.5132386684417725 -0.23827674984931946
0.626719057559967 0.49858009815216064 -0.18873991072177887
0.36530542373657227 0.5450982451438904 -0.25592127442359924
0.4131380617618561 0.5821621417999268 -0.21372868120670319
0.4921216368675232 0.5755910873413086 -0.1785663366317749
0.6086719632148743 0.6076855659484863 -0.21228447556495667
0.3982779383659363 0.6279687881469727 -0.26884254813194275
0.43709051609039307 0.6512782573699951 -0.24205823242664337
0.5034009218215942 0.6485840082168579 -0.21441532671451569
