0.85479736328125 0.7440985441207886 -1.0920267641267856e-06
0.744145393371582 0.5891153812408447 -0.0097674410790205
0.5571184754371643 0.44788968563079834 -0.054234303534030914
0.36673271656036377 0.405928373336792 -0.10220726579427719
0.26538586616516113 0.433968186378479 -0.15567117929458618
0.6274744868278503 0.36198967695236206 -0.10626370459794998
0.45568764209747314 0.25855228304862976 -0.19348323345184326
0.3296111524105072 0.20842616260051727 -0.2500143349170685
0.21474537253379822 0.1701384037733078 -0.2949918806552887
0.6612958908081055 0.436615526676178 -0.15036284923553467
0.31057295203208923 0.4621802866458893 -0.2375858575105667
0.3542520999908447 0.5325632691383362 -0.23951178789138794
0.44571006298065186 0.5432047843933105 -0.2426183819770813
0.6620457768440247 0.5416208505630493 -0.1951788365840912
0.335213303565979 0.5759445428848267 -0.26355648040771484
0.4083809554576874 0.6084833145141602 -0.22211770713329315
0.5130956172943115 0.5937414169311523 -0.19379417598247528
0.6421912908554077 0.6497704982757568 -0.24183346331119537
0.3741875886917114 0.6464747190475464 -0.2912207543849945
0.4163045585155487 0.6649026274681091 -0.2617040276527405
0.5006504654884338 0.6566646099090576 -0.23748397827148438
