0.5888947248458862 0.5801085233688354 1.962256561682807e-07
0.5452716946601868 0.3856084942817688 -0.00740065285935998
0.41427963972091675 0.28082871437072754 -0.013667863793671131
0.3076314926147461 0.2889861464500427 -0.014504455961287022
0.24075233936309814 0.34388965368270874 -0.017780136317014694
0.37190625071525574 0.26554572582244873 -0.05702504515647888
0.21706050634384155 0.262662410736084 -0.07591462135314941
0.11588099598884583 0.2746201157569885 -0.08454655855894089
0.03688123822212219 0.3017881512641907 -0.09168101102113724
0.3507171869277954 0.4133290648460388 -0.06420867145061493
0.1835835576057434 0.4249539375305176 -0.08484793454408646
0.2197074592113495 0.41743385791778564 -0.07847534120082855
0.28100335597991943 0.41925644874572754 -0.07073088735342026
0.3447738289833069 0.5573205351829529 -0.067111536860466
0.20193561911582947 0.546981692314148 -0.07939276099205017
0.24166235327720642 0.5321468114852905 -0.05360215902328491
0.29489758610725403 0.5348816514015198 -0.03523104265332222
0.3492727279663086 0.686880350112915 -0.07023642957210541
0.24513675272464752 0.6478793621063232 -0.07759084552526474
0.2789957821369171 0.6302791833877563 -0.054517608135938644
0.32331758737564087 0.6372827291488647 -0.03631442412734032
