0.6903604865074158 0.5206686854362488 2.406778207841853e-07
0.6651875972747803 0.39632925391197205 -0.030554167926311493
0.5372542142868042 0.2888355851173401 -0.05615120381116867
0.40775781869888306 0.2884202003479004 -0.07181990891695023
0.3194091320037842 0.3468109965324402 -0.09208004921674728
0.4972626566886902 0.23656445741653442 -0.09315332770347595
0.33438777923583984 0.2323763072490692 -0.1401168406009674
0.21987450122833252 0.23077043890953064 -0.16732025146484375
0.1309005320072174 0.23612672090530396 -0.1856461614370346
0.4729934632778168 0.34202104806900024 -0.10096323490142822
0.30917805433273315 0.38659560680389404 -0.15911026298999786
0.36867809295654297 0.42479753494262695 -0.16404989361763
0.44321638345718384 0.425860196352005 -0.1564187854528427
0.45903322100639343 0.46365267038345337 -0.10630138218402863
0.32415610551834106 0.5044810771942139 -0.15931273996829987
0.38889288902282715 0.5264052748680115 -0.1329064667224884
0.45474931597709656 0.5139734148979187 -0.10375206172466278
0.4570210576057434 0.5856923460960388 -0.11158633977174759
0.35827821493148804 0.5999058485031128 -0.1510961502790451
0.42193907499313354 0.6123338937759399 -0.12408993393182755
0.47929415106773376 0.6059051752090454 -0.09435708820819855
