0.7816832065582275 0.7453187704086304 -9.24846688121761e-08
0.8293662667274475 0.663071870803833 -0.059601813554763794
0.8141576051712036 0.5461901426315308 -0.08281698822975159
0.7487637996673584 0.4832041263580322 -0.10118795931339264
0.6841560006141663 0.4424538016319275 -0.1195114403963089
0.6661546230316162 0.5185741186141968 -0.05483764782547951
0.5652858018875122 0.4519333243370056 -0.1003977581858635
0.4887538552284241 0.41497743129730225 -0.12689514458179474
0.4278813600540161 0.38743966817855835 -0.1432812660932541
0.6289871335029602 0.5827017426490784 -0.04894893988966942
0.5793908834457397 0.5402200222015381 -0.1321815848350525
0.6551410555839539 0.594867467880249 -0.1551436185836792
0.7199180126190186 0.6399105191230774 -0.14861547946929932
0.6049585342407227 0.64760822057724 -0.04842438921332359
0.5665533542633057 0.6190711259841919 -0.1341284066438675
0.6498620510101318 0.6703032851219177 -0.12450409680604935
0.7104108333587646 0.706316351890564 -0.09229651838541031
0.5826189517974854 0.7164734601974487 -0.05143880099058151
0.5425836443901062 0.6789993047714233 -0.1116083636879921
0.6091949939727783 0.7091561555862427 -0.09945330768823624
0.6608700752258301 0.7348833680152893 -0.0730438381433487
