0.6425161957740784 0.8823744058609009 -1.710371577701153e-07
0.6664291024208069 0.7852553129196167 -0.08008081465959549
0.6107968091964722 0.6667060256004333 -0.11199627816677094
0.5188494324684143 0.6220393180847168 -0.13394945859909058
0.44923898577690125 0.5774005055427551 -0.15448634326457977
0.4602310359477997 0.692947506904602 -0.08207035064697266
0.32112380862236023 0.6591284275054932 -0.13732878863811493
0.22541040182113647 0.6507022976875305 -0.16702470183372498
0.15417373180389404 0.6493397951126099 -0.18422788381576538
0.43668586015701294 0.7730288505554199 -0.06600112468004227
0.3831248879432678 0.7804325222969055 -0.16578103601932526
0.4800727367401123 0.8244231939315796 -0.18852993845939636
0.5614210963249207 0.8468741178512573 -0.1776634305715561
0.4274125397205353 0.8423610329627991 -0.057352110743522644
0.39320796728134155 0.8590178489685059 -0.15326453745365143
0.4873281419277191 0.8888023495674133 -0.143963024020195
0.5542765259742737 0.896027147769928 -0.10949389636516571
0.42551589012145996 0.9114375710487366 -0.05406036227941513
0.38502734899520874 0.918263852596283 -0.12085682898759842
0.458862841129303 0.9346972703933716 -0.11201922595500946
0.5128891468048096 0.9337488412857056 -0.08546759188175201
