0.9093538493118372 1.0 -8.319632627262763e-08
1.0 0.7553481315520891 -0.06291031837463379
0.957763266528157 0.42779227324177965 -0.08524303138256073
0.8008876768038758 0.24568777247879342 -0.10193292796611786
0.6665976056060098 0.10646833254999227 -0.11814058572053909
0.6037674450649151 0.36825198830277955 -0.05512138828635216
0.3504501751027481 0.171985992922726 -0.10030635446310043
0.15358645925005215 0.07113109364928698 -0.1256638616323471
0.0 0.0 -0.14071330428123474
0.5080895711797208 0.5455709097129673 -0.047392550855875015
0.3436445300804747 0.44470669650076483 -0.1316419094800949
0.5210216859763566 0.5914336755778941 -0.15366868674755096
0.6903784498870451 0.7078886461184878 -0.14523854851722717
0.4493855668384428 0.7252523893066514 -0.045537061989307404
0.32744681707660067 0.6629408195047538 -0.13128386437892914
0.5272655335643843 0.7897133833266758 -0.12173826992511749
0.6856251445958574 0.8790165924326343 -0.08887933194637299
0.4028168407109353 0.9153286902572436 -0.04776429384946823
0.2844010556064634 0.8185910176141717 -0.10765711218118668
0.43966964666442876 0.8998422490430025 -0.09597338736057281
0.5679531775931991 0.9686118711349823 -0.06948938965797424
