0.8402929082194819 1.0 1.6153674664565187e-07
1.0 0.7993913222169036 -0.07821623980998993
0.9805849523129518 0.4920199495642549 -0.10061261057853699
0.8122342283024312 0.3221762321866264 -0.11476880311965942
0.6660915427987212 0.19078293253157086 -0.12952132523059845
0.602420027255551 0.4152844304919472 -0.06681894510984421
0.35047533425721394 0.2174864599258258 -0.1221425011754036
0.15533862415663702 0.09100759507048063 -0.15437060594558716
0.0 0.0 -0.17391246557235718
0.4780920617261589 0.5641425060021737 -0.05561408773064613
0.317670456339299 0.43608600989914004 -0.16269640624523163
0.49428753403343356 0.5874481680276491 -0.1921055167913437
0.6571553502587945 0.7161962960910516 -0.18067961931228638
0.3923143954752329 0.7238434938497211 -0.05085492506623268
0.2691580266773208 0.6372629901204283 -0.1643400490283966
0.4780197688310425 0.7896140865774341 -0.15106195211410522
0.635317022135915 0.8923833167057731 -0.10518939048051834
0.32245844867015244 0.9001739055888938 -0.04992883652448654
0.19270676516347712 0.7840121856145486 -0.12882418930530548
0.352730420754251 0.8698216879843116 -0.10966462641954422
0.4814609671174072 0.9418916238261017 -0.0706346184015274
