0.8528624211411575 1.0 9.485169982781372e-09
1.0 0.7983405678635794 -0.11103010922670364
0.9461437335558232 0.481786707264998 -0.14544275403022766
0.7605643337986372 0.29383180754328314 -0.16867752373218536
0.6129982747247128 0.1560249186058569 -0.19274067878723145
0.6072143467367078 0.4093332988986392 -0.09661241620779037
0.3619512130156222 0.21468074301591078 -0.17169822752475739
0.15777573777523066 0.0895121655049067 -0.2097339779138565
0.0 0.0 -0.23307134211063385
0.47992259866463405 0.5610913219768924 -0.08171402662992477
0.32638761127871935 0.42200989512948506 -0.22319921851158142
0.5152675636550088 0.5863525011289691 -0.2540254294872284
0.6864430618603691 0.7250687298758738 -0.23303836584091187
0.394019956301677 0.7274865126094788 -0.077145516872406
0.28147944426141713 0.6356965093905271 -0.23197485506534576
0.5030176737203839 0.7936211978592868 -0.2104739248752594
0.6627183710273272 0.9060313534811767 -0.14729401469230652
0.3158688872738473 0.9157204804366597 -0.07855482399463654
0.2081207544154421 0.7896350791939565 -0.189625546336174
0.3800837205434792 0.8753199322674757 -0.16769349575042725
0.5121866722420033 0.9516652830062492 -0.11943600326776505
