0.39812034368515015 0.8628227114677429 -1.5645343864889583e-07
0.460838258266449 0.7812716364860535 -0.05087887868285179
0.48354336619377136 0.6684039831161499 -0.06491844356060028
0.4390757381916046 0.5952059030532837 -0.07481284439563751
0.3883509039878845 0.5469947457313538 -0.08458109945058823
0.3491058349609375 0.6182766556739807 -0.031133519485592842
0.2766864001750946 0.5399453639984131 -0.06350062787532806
0.21557247638702393 0.4986858069896698 -0.08428000658750534
0.16642148792743683 0.4689754843711853 -0.09767232835292816
0.29864153265953064 0.6681337952613831 -0.02370970882475376
0.23575246334075928 0.6234115362167358 -0.0873071476817131
0.27966558933258057 0.6826523542404175 -0.10801289975643158
0.3273771405220032 0.7333622574806213 -0.1041438952088356
0.2621952295303345 0.722487211227417 -0.021791528910398483
0.2073276787996292 0.6926475167274475 -0.08768564462661743
0.2602667808532715 0.7481537461280823 -0.08356604725122452
0.30723872780799866 0.7894444465637207 -0.06038868799805641
0.23200392723083496 0.7814401388168335 -0.023396946489810944
0.18316492438316345 0.747802734375 -0.07034703344106674
0.2263079285621643 0.7842021584510803 -0.06354989856481552
0.26686418056488037 0.8135172724723816 -0.04461793974041939
