0.5336114764213562 0.4891040623188019 2.0155125923793094e-07
0.5705167055130005 0.4401969313621521 -0.03305703401565552
0.5704777836799622 0.3726533353328705 -0.048258546739816666
0.5490626692771912 0.3296833634376526 -0.06123059242963791
0.5250977873802185 0.29296910762786865 -0.07568156719207764
0.49018394947052 0.34187430143356323 -0.029017029330134392
0.4414038062095642 0.30287671089172363 -0.05348223075270653
0.40200522541999817 0.274538516998291 -0.06868389993906021
0.367850661277771 0.25440332293510437 -0.07836456596851349
0.45564940571784973 0.37446844577789307 -0.025243261829018593
0.4199761152267456 0.3418145775794983 -0.06553186476230621
0.4594569802284241 0.3726978600025177 -0.0760650709271431
0.4909631609916687 0.3992270231246948 -0.07185468822717667
0.42957326769828796 0.4144895672798157 -0.024487873539328575
0.4026550054550171 0.3896252512931824 -0.06927478313446045
0.44828057289123535 0.42606356739997864 -0.06051183119416237
0.47791481018066406 0.4520360827445984 -0.040662575513124466
0.40955641865730286 0.45855963230133057 -0.02525259181857109
0.38297370076179504 0.43132200837135315 -0.05704154819250107
0.4219391345977783 0.4541262984275818 -0.0459640808403492
0.44875675439834595 0.47437480092048645 -0.02828933298587799
