0.7611850662849726 1.0 -8.931322348360027e-09
0.9456994863161218 0.8468407958741957 -0.033855970948934555
1.0 0.6041329350006532 -0.05063087120652199
0.9340099380637731 0.44248080004054297 -0.06623528897762299
0.8289798014934314 0.3342656851132796 -0.08166876435279846
0.5450315549381549 0.4125161554190146 -0.03151802718639374
0.3158979803990558 0.1979112236964312 -0.060118164867162704
0.14660654252119373 0.08151814971397109 -0.07846701145172119
0.0 0.0 -0.08973972499370575
0.4213426399570694 0.5205435809856671 -0.030246829614043236
0.3447837401110672 0.384228949441274 -0.07634355127811432
0.5104438567318658 0.49965316941626065 -0.08992762118577957
0.644242138359283 0.6044042059734113 -0.08810354769229889
0.31564377292830276 0.6511302490309295 -0.032407499849796295
0.26376996671080755 0.5400003208800467 -0.07840392738580704
0.43859378819823086 0.6632541158595981 -0.07141362130641937
0.5639258123714136 0.7717902127001776 -0.05357882007956505
0.2193460874898211 0.8008640841255802 -0.037228550761938095
0.16287881720110584 0.6812477446080055 -0.07006023079156876
0.3249181004958544 0.7535317305799448 -0.061888985335826874
0.45407821948892313 0.8386161818788851 -0.04629776254296303
