0.6899757385253906 0.8752793669700623 2.8354889991533128e-08
0.7351294159889221 0.8254935145378113 -0.03046666458249092
0.7344080209732056 0.7456336617469788 -0.038524046540260315
0.6974316239356995 0.7019726037979126 -0.043510183691978455
0.6700810790061951 0.6666719913482666 -0.04831424355506897
0.624809205532074 0.7155052423477173 -0.020857833325862885
0.5606919527053833 0.668862521648407 -0.04264053702354431
0.5141841173171997 0.642704963684082 -0.05639041215181351
0.4764421284198761 0.6259697675704956 -0.0651644766330719
0.5948429107666016 0.7539442181587219 -0.017265111207962036
0.5542624592781067 0.7139639854431152 -0.05555104464292526
0.6018560528755188 0.7467306852340698 -0.06623125076293945
0.6415347456932068 0.7732799649238586 -0.0625445544719696
0.5748406052589417 0.7974711656570435 -0.016777312383055687
0.5466086864471436 0.7645338177680969 -0.06126963347196579
0.5958156585693359 0.8000338673591614 -0.05428454652428627
0.6276476383209229 0.8259233832359314 -0.0357864685356617
0.5568417906761169 0.8456851243972778 -0.017805738374590874
0.530471920967102 0.8076245784759521 -0.04991539195179939
0.5733881592750549 0.8308334350585938 -0.040365684777498245
0.6025435924530029 0.8530260324478149 -0.024198034778237343
