0.8880056734201839 0.9985998026866999 -8.821304220418824e-08
1.0 0.7385838391483469 -0.06718431413173676
0.9389103256529995 0.37431588966980595 -0.09250342100858688
0.76020041634064 0.20647506564715953 -0.11126629263162613
0.5779556561483665 0.16112754470534382 -0.13012491166591644
0.5978423721389199 0.3658907439570736 -0.06922280788421631
0.3374002580307894 0.17962756701463656 -0.12033545970916748
0.1486110504501945 0.07409767173610916 -0.15004420280456543
0.0 0.0 -0.1689111590385437
0.5155111552789882 0.5642423351054072 -0.0631205216050148
0.4027995755164031 0.43378957214081626 -0.15848523378372192
0.589870753776027 0.597871693473623 -0.1837727278470993
0.7513395332416701 0.7451302119052301 -0.17645618319511414
0.46273496889222204 0.7590968206779051 -0.06275468319654465
0.38460672916464633 0.6637746662281927 -0.15851235389709473
0.58747618605701 0.808222544283946 -0.1491515189409256
0.7342414771673843 0.9209598284002254 -0.1151551753282547
0.41238255719400974 0.9678856904891354 -0.0663873702287674
0.33277452010896486 0.8636745222919411 -0.13561570644378662
0.4968861265346866 0.9342931837674281 -0.1254313886165619
0.6237252655159166 1.0 -0.09897229820489883
