0.6480448246002197 0.7154183983802795 1.1064651062042685e-07
0.6825090050697327 0.6440677046775818 -0.04813002049922943
0.6654853224754333 0.5429611802101135 -0.06808450073003769
0.6053416728973389 0.49955064058303833 -0.0833728089928627
0.5411099195480347 0.4878517985343933 -0.0990135446190834
0.541974663734436 0.5466243028640747 -0.04922818765044212
0.4548318386077881 0.497006356716156 -0.08932863920927048
0.3898159861564636 0.46508461236953735 -0.1142190545797348
0.33641332387924194 0.44201987981796265 -0.13035254180431366
0.5100646615028381 0.604027509689331 -0.04601143300533295
0.4770585298538208 0.566261351108551 -0.1174473688006401
0.5494435429573059 0.6101880073547363 -0.13888627290725708
0.6078968048095703 0.6508924961090088 -0.13475002348423004
0.4908783733844757 0.6618773341178894 -0.046489063650369644
0.4648585319519043 0.6322870850563049 -0.11940968781709671
0.5406655669212341 0.6735075116157532 -0.11223631352186203
0.5955094695091248 0.7055486440658569 -0.08574593812227249
0.4774942994117737 0.7237522006034851 -0.04925200715661049
0.4550093412399292 0.6955370306968689 -0.10276013612747192
0.5173349380493164 0.7148110866546631 -0.09404715895652771
0.5639516115188599 0.7315446138381958 -0.07222642749547958
