0.8440760891745835 0.9790571708866558 1.4122805680472084e-07
0.995524309363511 0.8054910062014857 -0.05378657579421997
1.0 0.5365967142166076 -0.08351712673902512
0.9114842174196792 0.35730577648872497 -0.10666445642709732
0.8087726681646168 0.22747936779908362 -0.13020507991313934
0.6677284114902082 0.4226069803334457 -0.08339569717645645
0.39062461972449053 0.2118767411840236 -0.13496917486190796
0.1833142314119459 0.0848951346287048 -0.16433772444725037
0.0 0.0 -0.18338797986507416
0.526160521289625 0.5810676290250002 -0.07759255915880203
0.4098775592424781 0.5079698596572486 -0.15230852365493774
0.6244918583130427 0.6490277680330966 -0.16550885140895844
0.7780709318430216 0.7470232710019566 -0.1587768793106079
0.4372602041141083 0.7541088997572124 -0.07568144053220749
0.41044837033339937 0.7396063523949847 -0.14490875601768494
0.621202159234765 0.8452287315519997 -0.12801790237426758
0.7516565503240462 0.9026248742056913 -0.099427729845047
0.38376215617945597 0.936709922500331 -0.07732219249010086
0.3494167018314256 0.9005177371074351 -0.12457651644945145
0.527296152669595 0.9676591470552394 -0.10978664457798004
0.6345549077585003 1.0 -0.08687619119882584
