0.5364169478416443 0.45887434482574463 -6.718403611216672e-09
0.5918736457824707 0.392653226852417 -0.05574513226747513
0.596793532371521 0.28093090653419495 -0.07864415645599365
0.5395431518554688 0.22168973088264465 -0.09572446346282959
0.4747728705406189 0.20498421788215637 -0.11258436739444733
0.4645470082759857 0.2434033751487732 -0.05236620828509331
0.39086049795150757 0.1759275496006012 -0.0957142785191536
0.33182066679000854 0.13119083642959595 -0.1220824345946312
0.28463077545166016 0.09952306747436523 -0.138901948928833
0.41535454988479614 0.29140445590019226 -0.046504952013492584
0.3966459035873413 0.2590954005718231 -0.12272211164236069
0.4594985842704773 0.3247794508934021 -0.14152832329273224
0.5098143219947815 0.3786795139312744 -0.13457825779914856
0.3830775022506714 0.34311890602111816 -0.046050745993852615
0.379008412361145 0.32353097200393677 -0.12171943485736847
0.4430009126663208 0.38287532329559326 -0.1123124286532402
0.48662662506103516 0.42496249079704285 -0.0844125971198082
0.35456931591033936 0.4013519883155823 -0.04929351061582565
0.35395336151123047 0.3757592439651489 -0.10409374535083771
0.41091278195381165 0.4159628748893738 -0.09573321789503098
0.44860154390335083 0.4437532126903534 -0.07437565177679062
