0.8131810426712036 0.4586925804615021 -1.3691170863694424e-07
0.8503121733665466 0.3794395625591278 -0.04575243592262268
0.8435389995574951 0.2677870988845825 -0.060433775186538696
0.7887722253799438 0.21323610842227936 -0.06958192586898804
0.7295639514923096 0.20393335819244385 -0.07770095020532608
0.7220107316970825 0.26624828577041626 -0.049124445766210556
0.6393948793411255 0.21046105027198792 -0.08822164684534073
0.5770660638809204 0.18153733015060425 -0.1112641915678978
0.5262293815612793 0.16264712810516357 -0.1255592703819275
0.684708833694458 0.32030853629112244 -0.0444435216486454
0.6471396088600159 0.2973022162914276 -0.11361772567033768
0.7110516428947449 0.3459405303001404 -0.1327970176935196
0.76566481590271 0.38441115617752075 -0.12762857973575592
0.6640943884849548 0.36875736713409424 -0.04363804683089256
0.6495351195335388 0.36487990617752075 -0.11069728434085846
0.7144445180892944 0.40633952617645264 -0.10659825056791306
0.7602537274360657 0.4331722855567932 -0.08429651707410812
0.6483847498893738 0.4195130467414856 -0.045856814831495285
0.6394927501678467 0.40889233350753784 -0.09367240965366364
0.6942375898361206 0.4417245388031006 -0.0882783755660057
0.7340234518051147 0.45991432666778564 -0.070664182305336
