0.5035303831100464 0.7402498722076416 5.37513642484555e-08
0.5491461157798767 0.6652310490608215 -0.06571874022483826
0.5434301495552063 0.5505111813545227 -0.09450950473546982
0.47875893115997314 0.495084285736084 -0.11370066553354263
0.40503960847854614 0.49435994029045105 -0.13427191972732544
0.42691802978515625 0.5516026020050049 -0.07276143878698349
0.3945066034793854 0.5109955668449402 -0.12663660943508148
0.364500492811203 0.48887091875076294 -0.16144202649593353
0.33458244800567627 0.4686630666255951 -0.18343788385391235
0.3748020827770233 0.6079136729240417 -0.06598599255084991
0.32651785016059875 0.570016086101532 -0.1436048448085785
0.3957485258579254 0.6249311566352844 -0.16619598865509033
0.45434513688087463 0.6665331125259399 -0.162601500749588
0.3426153063774109 0.66889488697052 -0.06478291004896164
0.3145444095134735 0.6470049619674683 -0.14990553259849548
0.39207738637924194 0.6955965757369995 -0.14471562206745148
0.44676899909973145 0.7252078056335449 -0.1178305521607399
0.32334622740745544 0.7358832955360413 -0.06628145277500153
0.3054467439651489 0.7136070728302002 -0.13041937351226807
0.37298086285591125 0.7414357662200928 -0.12213698029518127
0.4205383062362671 0.759276270866394 -0.09964431077241898
