0.5208038091659546 0.8833096027374268 2.562123654570314e-06
0.3262462019920349 0.8273502588272095 -0.08026362955570221
0.2125416398048401 0.706264853477478 -0.14243023097515106
0.26523515582084656 0.5889905691146851 -0.2210894376039505
0.40766409039497375 0.5130043625831604 -0.2988933026790619
0.31886088848114014 0.550033450126648 -0.06912032514810562
0.27437824010849 0.3883184790611267 -0.18028780817985535
0.2544419467449188 0.2818169593811035 -0.24493005871772766
0.24532528221607208 0.19168341159820557 -0.2753278613090515
0.4660196900367737 0.5465556979179382 -0.10911475867033005
0.4197539687156677 0.35424453020095825 -0.23597657680511475
0.3697667717933655 0.2361735999584198 -0.29943257570266724
0.3366984724998474 0.13907501101493835 -0.31304919719696045
0.6190973520278931 0.5699930191040039 -0.1606244295835495
0.5074237585067749 0.47816264629364014 -0.3398233950138092
0.4419734477996826 0.5940685272216797 -0.33640092611312866
0.4360105097293854 0.687061607837677 -0.2660277485847473
0.7689484357833862 0.611815333366394 -0.2166561633348465
0.6497441530227661 0.5208911299705505 -0.3249163329601288
0.5762008428573608 0.5970941781997681 -0.27837899327278137
0.5555580258369446 0.6725788116455078 -0.20577652752399445
