0.570972204208374 0.9162589311599731 2.2039735085854772e-06
0.36254799365997314 0.8524966239929199 -0.09340755641460419
0.2439664900302887 0.725745677947998 -0.1569974571466446
0.31309810280799866 0.6073926091194153 -0.24034014344215393
0.48843705654144287 0.544247031211853 -0.32364511489868164
0.38625356554985046 0.5818799138069153 -0.08199357241392136
0.3591444194316864 0.4150695502758026 -0.21086040139198303
0.3509986400604248 0.314083069562912 -0.28247544169425964
0.3556366562843323 0.22859430313110352 -0.3153112530708313
0.5512534379959106 0.5832657814025879 -0.1250331550836563
0.5304466485977173 0.3929523229598999 -0.2748822271823883
0.47495347261428833 0.27669426798820496 -0.346503347158432
0.4411613941192627 0.18216189742088318 -0.36100855469703674
0.7245165705680847 0.6106154918670654 -0.18205563724040985
0.620112955570221 0.51119464635849 -0.39096584916114807
0.5201625227928162 0.6172787547111511 -0.39072680473327637
0.49633079767227173 0.7071208953857422 -0.31306105852127075
0.8934083580970764 0.658466100692749 -0.24496586620807648
0.7859699130058289 0.5572021007537842 -0.37095674872398376
0.6939303874969482 0.6245633959770203 -0.3223678469657898
0.6690338850021362 0.6977764964103699 -0.24321438372135162
