0.4681680202484131 0.9308695793151855 3.5903428852179786e-06
0.24310873448848724 0.8728163242340088 -0.10285245627164841
0.14452573657035828 0.7445703744888306 -0.18474289774894714
0.2588682472705841 0.6412062048912048 -0.27832722663879395
0.4617750346660614 0.5878914594650269 -0.37271052598953247
0.2890026569366455 0.5837284922599792 -0.1355590671300888
0.2935978174209595 0.418186217546463 -0.269957035779953
0.30239492654800415 0.3049679100513458 -0.350646436214447
0.307168185710907 0.21346095204353333 -0.39142003655433655
0.46816444396972656 0.587105929851532 -0.18239276111125946
0.465945839881897 0.3921435475349426 -0.32072216272354126
0.4379473030567169 0.27288538217544556 -0.38894981145858765
0.4095022678375244 0.1747998595237732 -0.40413153171539307
0.6506917476654053 0.6229740381240845 -0.23904787003993988
0.5521847009658813 0.5428382158279419 -0.4314364194869995
0.461002379655838 0.6502395868301392 -0.4261617660522461
0.43769538402557373 0.7360097765922546 -0.3499985933303833
0.8179466128349304 0.6831464171409607 -0.3018966317176819
0.7183314561843872 0.6001352071762085 -0.42084673047065735
0.6320825219154358 0.6683762669563293 -0.3645375967025757
0.6116623282432556 0.7353599667549133 -0.2805585265159607
