0.5670986175537109 0.9150183200836182 3.4588613289088244e-06
0.2956051230430603 0.836572527885437 -0.07987925410270691
0.2148788869380951 0.6813837885856628 -0.12273641675710678
0.36216187477111816 0.5660820007324219 -0.1776600182056427
0.5206995010375977 0.5023653507232666 -0.2319129854440689
0.28194114565849304 0.5725681781768799 -0.07854416221380234
0.26694920659065247 0.4217493534088135 -0.20990891754627228
0.2788842022418976 0.31262078881263733 -0.30601170659065247
0.300342857837677 0.22147980332374573 -0.3657224774360657
0.4872054159641266 0.5697516798973083 -0.1299045979976654
0.46464794874191284 0.3910537362098694 -0.2673700749874115
0.45894184708595276 0.27339667081832886 -0.3619740903377533
0.4674341380596161 0.17032158374786377 -0.4075581729412079
0.7043303847312927 0.6023253798484802 -0.19046826660633087
0.6955174207687378 0.4894222021102905 -0.37942859530448914
0.6090914011001587 0.600250780582428 -0.38226863741874695
0.5522474646568298 0.6917152404785156 -0.32421454787254333
0.8996924161911011 0.6615333557128906 -0.25596892833709717
0.8421777486801147 0.5897917747497559 -0.392216295003891
0.7508550882339478 0.6618786454200745 -0.35133054852485657
0.6975654363632202 0.7246994972229004 -0.2815358638763428
