0.6166933178901672 0.9680131673812866 2.186714255003608e-06
0.37717849016189575 0.8944706916809082 -0.1365232616662979
0.27775153517723083 0.752839207649231 -0.22345301508903503
0.42206668853759766 0.6358472108840942 -0.3136346936225891
0.5860803127288818 0.5379316210746765 -0.39715686440467834
0.3955220580101013 0.5847923755645752 -0.13776887953281403
0.4147545397281647 0.41311007738113403 -0.28624656796455383
0.4382384419441223 0.3089953660964966 -0.36766552925109863
0.47491103410720825 0.21902957558631897 -0.4083727300167084
0.6036525964736938 0.5895548462867737 -0.17121611535549164
0.6412076950073242 0.3898724317550659 -0.32343998551368713
0.6273279190063477 0.27883678674697876 -0.39461591839790344
0.635243833065033 0.19062328338623047 -0.41424694657325745
0.7927469611167908 0.6387169361114502 -0.2213297337293625
0.7277786731719971 0.5376130938529968 -0.4451248049736023
0.5797046422958374 0.6473500728607178 -0.44808509945869446
0.5311172604560852 0.7285891175270081 -0.38018080592155457
0.9405813217163086 0.7146503925323486 -0.2785350978374481
0.7796584367752075 0.6489595174789429 -0.45033496618270874
0.6395344138145447 0.734310507774353 -0.42266204953193665
0.6030491590499878 0.8014475107192993 -0.3549012243747711
