0.43591564893722534 0.8540269136428833 2.090528141707182e-06
0.2501017153263092 0.8059782385826111 -0.04246148839592934
0.15504863858222961 0.6728816628456116 -0.07084409147500992
0.20393264293670654 0.5679270625114441 -0.11634314060211182
0.31782713532447815 0.5090690851211548 -0.15938322246074677
0.33031079173088074 0.5458377003669739 -0.03733617812395096
0.28292497992515564 0.41808193922042847 -0.12805460393428802
0.26007476449012756 0.32797160744667053 -0.1851910948753357
0.25467365980148315 0.255479097366333 -0.22069594264030457
0.4881344437599182 0.5448015332221985 -0.08727815747261047
0.42926400899887085 0.39501065015792847 -0.19417217373847961
0.37138986587524414 0.29814013838768005 -0.2591882348060608
0.3446165919303894 0.21843719482421875 -0.2816994786262512
0.6423172354698181 0.5767215490341187 -0.14282967150211334
0.4675247073173523 0.5016663670539856 -0.289789080619812
0.33775413036346436 0.5941214561462402 -0.28015801310539246
0.30041947960853577 0.6694949269294739 -0.2209218591451645
0.7713737487792969 0.6334238052368164 -0.20175306499004364
0.5878797173500061 0.5899755954742432 -0.3078206777572632
0.4644539952278137 0.642414927482605 -0.27924445271492004
0.43023425340652466 0.690966784954071 -0.22302702069282532
