0.46018317341804504 0.8614829778671265 2.117744315910386e-06
0.269506573677063 0.7925193905830383 -0.045003198087215424
0.19055336713790894 0.6633780598640442 -0.08587411046028137
0.2474471479654312 0.5622854232788086 -0.14443404972553253
0.3577229082584381 0.5053396821022034 -0.20284093916416168
0.35894840955734253 0.526249885559082 -0.07948720455169678
0.3488537073135376 0.3808094263076782 -0.19388025999069214
0.33994489908218384 0.2879689931869507 -0.26328855752944946
0.34919002652168274 0.21042895317077637 -0.3036605417728424
0.526485025882721 0.5307014584541321 -0.13860975205898285
0.4883900582790375 0.36610543727874756 -0.26546886563301086
0.4516942501068115 0.2642519772052765 -0.3424092233181
0.437435120344162 0.1740904450416565 -0.37356123328208923
0.6876225471496582 0.5711926817893982 -0.20108437538146973
0.49255430698394775 0.5049856305122375 -0.3638589680194855
0.3621644377708435 0.5963270664215088 -0.36233216524124146
0.32512766122817993 0.6665987968444824 -0.30908846855163574
0.8039721250534058 0.6382725238800049 -0.2667368948459625
0.582453727722168 0.6120333671569824 -0.3784630298614502
0.46675893664360046 0.6648694276809692 -0.3505155146121979
0.45170602202415466 0.7065321803092957 -0.29641789197921753
