0.6010020971298218 0.8978919982910156 1.3379702750171418e-06
0.364965558052063 0.8295055627822876 -0.11306530237197876
0.29425251483917236 0.6789333820343018 -0.17058338224887848
0.46862661838531494 0.5624467730522156 -0.23819506168365479
0.6381770968437195 0.4678071439266205 -0.2995145320892334
0.4397500157356262 0.5346383452415466 -0.05035144090652466
0.4400704801082611 0.3701987862586975 -0.1760765165090561
0.4386388957500458 0.26368969678878784 -0.24826347827911377
0.4497831165790558 0.1735120415687561 -0.2881486117839813
0.6407788395881653 0.5391267538070679 -0.09403034299612045
0.6428731083869934 0.3489975929260254 -0.24279773235321045
0.5865456461906433 0.22431185841560364 -0.3200373947620392
0.5557695627212524 0.12557560205459595 -0.34122583270072937
0.8257050514221191 0.5828683376312256 -0.156988725066185
0.73609459400177 0.47185996174812317 -0.3827129006385803
0.5840370655059814 0.581298828125 -0.3782762289047241
0.536231279373169 0.6664400100708008 -0.30051425099372864
0.983649492263794 0.6524608135223389 -0.22759413719177246
0.8464409708976746 0.5600324869155884 -0.40252068638801575
0.709387481212616 0.6456682682037354 -0.36837634444236755
0.6749327182769775 0.7199839949607849 -0.2927995026111603
