0.561477541923523 0.8867268562316895 1.656287622608943e-06
0.36180227994918823 0.84149569272995 -0.08227702230215073
0.2560396194458008 0.6968772411346436 -0.1125376969575882
0.32864880561828613 0.5646775364875793 -0.14867831766605377
0.4461725056171417 0.4946742355823517 -0.17862528562545776
0.2740370035171509 0.5745667815208435 -0.05200308933854103
0.21969345211982727 0.4183539152145386 -0.14273710548877716
0.20616327226161957 0.31281670928001404 -0.20059548318386078
0.20100049674510956 0.22476494312286377 -0.2383502721786499
0.4342380464076996 0.5623786449432373 -0.07845956087112427
0.3648148477077484 0.3854391574859619 -0.18810774385929108
0.3228960633277893 0.2668449878692627 -0.2565361559391022
0.2951676547527313 0.15829670429229736 -0.28745025396347046
0.5989071130752563 0.5872701406478882 -0.11571559309959412
0.564078152179718 0.46731632947921753 -0.2750788927078247
0.5236172676086426 0.5878556966781616 -0.27065128087997437
0.5017073154449463 0.6807078123092651 -0.21569456160068512
0.7588722705841064 0.63664311170578 -0.15886113047599792
0.6989748477935791 0.5613766312599182 -0.28585657477378845
0.6485204696655273 0.6411902904510498 -0.2666303217411041
0.6259973049163818 0.7082895040512085 -0.21692076325416565
