0.5090371370315552 0.8518678545951843 2.3166539904195815e-06
0.32066217064857483 0.7859364748001099 -0.07016133517026901
0.20490771532058716 0.6603914499282837 -0.12429676949977875
0.2502845525741577 0.5500727891921997 -0.19938206672668457
0.40916699171066284 0.48000484704971313 -0.27309882640838623
0.32170337438583374 0.5180543065071106 -0.03878025338053703
0.28817233443260193 0.36412760615348816 -0.14518636465072632
0.2762772738933563 0.2646869421005249 -0.20570611953735352
0.2758515179157257 0.18175235390663147 -0.23359866440296173
0.4634498953819275 0.5180074572563171 -0.08711741864681244
0.4170377850532532 0.33375704288482666 -0.21307814121246338
0.36945459246635437 0.22528797388076782 -0.2768368124961853
0.3391398787498474 0.13469979166984558 -0.2890632152557373
0.618571937084198 0.5430716276168823 -0.14847531914710999
0.49616900086402893 0.4582412838935852 -0.331149697303772
0.4168464243412018 0.5655772089958191 -0.33105239272117615
0.4047129154205322 0.6476595997810364 -0.2612951993942261
0.769364058971405 0.5853484869003296 -0.21406406164169312
0.6391011476516724 0.49557894468307495 -0.3208288848400116
0.5654760003089905 0.5665531158447266 -0.27459433674812317
0.556338369846344 0.6315423846244812 -0.20341160893440247
