0.5145924091339111 0.923107385635376 2.555162382122944e-06
0.3133471608161926 0.8491768836975098 -0.0686190277338028
0.20430098474025726 0.7258331775665283 -0.12772923707962036
0.3152693510055542 0.6253340244293213 -0.207100510597229
0.49281251430511475 0.5729986429214478 -0.2908509075641632
0.27549752593040466 0.5562828779220581 -0.07862555235624313
0.2347288429737091 0.4004250168800354 -0.2049304097890854
0.21260662376880646 0.2956444025039673 -0.2882497012615204
0.19596756994724274 0.20750460028648376 -0.3364909589290619
0.4417364001274109 0.5521198511123657 -0.14032810926437378
0.39404404163360596 0.36312440037727356 -0.2679884433746338
0.3344320058822632 0.25557205080986023 -0.341519832611084
0.29533788561820984 0.16279149055480957 -0.36840635538101196
0.618729293346405 0.5875431299209595 -0.21281400322914124
0.5252596735954285 0.5030477046966553 -0.39173761010169983
0.4413232207298279 0.6172838807106018 -0.3991183340549469
0.4302702248096466 0.6990453004837036 -0.343405544757843
0.7755131125450134 0.6541494131088257 -0.28993281722068787
0.6387156248092651 0.5939263105392456 -0.4116186499595642
0.5457974672317505 0.6775470972061157 -0.3759791851043701
0.5369971990585327 0.7435177564620972 -0.31307128071784973
