0.529756486415863 0.8992748260498047 3.343407115607988e-06
0.26855334639549255 0.8282990455627441 -0.08374377340078354
0.15954577922821045 0.6825123429298401 -0.13553306460380554
0.2892692983150482 0.5679080486297607 -0.1964864730834961
0.4700627326965332 0.5077531933784485 -0.25452902913093567
0.2650510370731354 0.5731083154678345 -0.09992336481809616
0.2438662350177765 0.42131495475769043 -0.23174725472927094
0.26081517338752747 0.3137240707874298 -0.32209452986717224
0.29034900665283203 0.22364100813865662 -0.3790225386619568
0.46536877751350403 0.5723510980606079 -0.1494183987379074
0.4322403371334076 0.3919643461704254 -0.2923963963985443
0.4161469638347626 0.2765676975250244 -0.38146984577178955
0.4198516011238098 0.17108002305030823 -0.4218113422393799
0.6762363314628601 0.6071190237998962 -0.20544718205928802
0.6493175029754639 0.498308002948761 -0.3993569314479828
0.5558096170425415 0.6131347417831421 -0.3831094205379486
0.5005407333374023 0.7049206495285034 -0.3094334602355957
0.8716696500778198 0.6690672039985657 -0.26657095551490784
0.8040421009063721 0.5988211035728455 -0.4098149836063385
0.708991289138794 0.673210859298706 -0.3598700761795044
0.655059278011322 0.7369610667228699 -0.280947208404541
