0.5510930418968201 0.9192310571670532 2.704599864955526e-06
0.3567964434623718 0.8632078766822815 -0.07859562337398529
0.23393239080905914 0.7424771785736084 -0.14438748359680176
0.2776361405849457 0.6298671960830688 -0.22729258239269257
0.40932172536849976 0.5484427809715271 -0.31178590655326843
0.3472653031349182 0.5903385877609253 -0.08497803658246994
0.29866909980773926 0.42392176389694214 -0.20354992151260376
0.2779919505119324 0.31688928604125977 -0.2729375958442688
0.2722461223602295 0.22363358736038208 -0.3097180724143982
0.4824426770210266 0.5833635330200195 -0.12999211251735687
0.43214553594589233 0.3848142623901367 -0.26569363474845886
0.38478171825408936 0.26787951588630676 -0.3343662619590759
0.3598332703113556 0.16543543338775635 -0.3543420135974884
0.6288731694221497 0.6060323119163513 -0.1851782649755478
0.5063055753707886 0.5050619840621948 -0.3700522780418396
0.44188565015792847 0.627675473690033 -0.3643724322319031
0.44728097319602966 0.7206894159317017 -0.29595285654067993
0.7740689516067505 0.6499373912811279 -0.24498246610164642
0.6392744779586792 0.5639690160751343 -0.36772385239601135
0.5734787583351135 0.6430166363716125 -0.32677361369132996
0.5732290148735046 0.7153013944625854 -0.2586328983306885
