0.37023118138313293 0.8689720034599304 1.747011992847547e-06
0.25117945671081543 0.8358590006828308 -0.04537758231163025
0.14938749372959137 0.7295454144477844 -0.08490069955587387
0.14131928980350494 0.6281521320343018 -0.13810694217681885
0.2642439603805542 0.5739703178405762 -0.19013677537441254
0.29686540365219116 0.5739609003067017 -0.020682169124484062
0.2540452182292938 0.4352261424064636 -0.08989489823579788
0.21452023088932037 0.3379233479499817 -0.1289626508951187
0.18863654136657715 0.2619650363922119 -0.14953000843524933
0.39076799154281616 0.5693063139915466 -0.0538870207965374
0.346794068813324 0.412324458360672 -0.13750244677066803
0.2786669135093689 0.31123021245002747 -0.18135608732700348
0.2257576435804367 0.2281201183795929 -0.19007684290409088
0.48354947566986084 0.5890818238258362 -0.09558553248643875
0.33035218715667725 0.5209780931472778 -0.22113606333732605
0.2837848365306854 0.6186119914054871 -0.2301156371831894
0.30540964007377625 0.6914451122283936 -0.1892727166414261
0.5612085461616516 0.6294228434562683 -0.1398840695619583
0.4000951051712036 0.5773400664329529 -0.23159101605415344
0.3548021614551544 0.6536464095115662 -0.22169026732444763
0.3795555830001831 0.7172706723213196 -0.18489216268062592
