0.5746855139732361 0.9657676219940186 2.8034457955072867e-06
0.3644877076148987 0.9072397947311401 -0.10119881480932236
0.2327192723751068 0.7829167246818542 -0.1762414425611496
0.3079339861869812 0.6678558588027954 -0.26770490407943726
0.48885107040405273 0.6047179698944092 -0.3581255078315735
0.36531582474708557 0.5981026291847229 -0.08180505782365799
0.3304710388183594 0.4398178160190582 -0.2162729799747467
0.33049851655960083 0.33457985520362854 -0.29863521456718445
0.34572362899780273 0.24483337998390198 -0.339889794588089
0.5343718528747559 0.5992999076843262 -0.126848503947258
0.5004379749298096 0.40582704544067383 -0.27804434299468994
0.4530608355998993 0.28749558329582214 -0.35570818185806274
0.4213981032371521 0.18678012490272522 -0.3732622265815735
0.7132576107978821 0.6332861185073853 -0.18707001209259033
0.5731791853904724 0.5512955188751221 -0.4078142046928406
0.48617133498191833 0.6733554005622864 -0.411867618560791
0.4780428111553192 0.765078067779541 -0.33279749751091003
0.8787693977355957 0.6921280026435852 -0.2523128092288971
0.7164666652679443 0.6105444431304932 -0.3905925452709198
0.6313890218734741 0.7007757425308228 -0.3428490459918976
0.6276953816413879 0.7763136625289917 -0.26126623153686523
