0.6327118873596191 0.9240634441375732 2.2556841940968297e-06
0.4446013569831848 0.8645194172859192 -0.05492125451564789
0.3444916605949402 0.73589026927948 -0.09082958102226257
0.4152200520038605 0.6149956583976746 -0.1401350498199463
0.5436149835586548 0.5429470539093018 -0.1897781640291214
0.35248512029647827 0.607332170009613 -0.04852627217769623
0.26803627610206604 0.44824790954589844 -0.13548265397548676
0.226625457406044 0.341394305229187 -0.18558654189109802
0.19825315475463867 0.25378111004829407 -0.20837002992630005
0.4978196918964386 0.5914018154144287 -0.08601485937833786
0.40535271167755127 0.4128054976463318 -0.18021249771118164
0.3390694856643677 0.2998100221157074 -0.2349994033575058
0.2912755310535431 0.20719164609909058 -0.24893756210803986
0.6586861610412598 0.6062973737716675 -0.13057434558868408
0.5719422101974487 0.5328999757766724 -0.2712649703025818
0.5341711044311523 0.6363903284072876 -0.2768976390361786
0.5336518287658691 0.7169681787490845 -0.22502216696739197
0.8180933594703674 0.6450541019439697 -0.17711587250232697
0.7124401330947876 0.5777167677879333 -0.2642754912376404
0.6603140234947205 0.6547238230705261 -0.22557216882705688
0.6539114713668823 0.7239488959312439 -0.1637345552444458
