0.5502316355705261 0.890410304069519 2.879676912925788e-06
0.3260771334171295 0.7892016172409058 -0.08570176362991333
0.2832898199558258 0.6366322040557861 -0.15776070952415466
0.34467852115631104 0.5198901295661926 -0.2504599690437317
0.49877166748046875 0.43444523215293884 -0.3322235941886902
0.6177805662155151 0.5021207332611084 -0.0574164092540741
0.646632194519043 0.33712127804756165 -0.18492631614208221
0.6704622507095337 0.23557132482528687 -0.2625885307788849
0.7105382680892944 0.14815759658813477 -0.3130163550376892
0.7856408953666687 0.5206344127655029 -0.1256563812494278
0.8349023461341858 0.32159096002578735 -0.28337082266807556
0.8459253311157227 0.2001749575138092 -0.3798329830169678
0.8731532096862793 0.0995747447013855 -0.4268087148666382
0.8999777436256409 0.5704182982444763 -0.20864400267601013
0.7049089074134827 0.4304763078689575 -0.4226304590702057
0.5018347501754761 0.5222300887107849 -0.415645569562912
0.42835742235183716 0.60065758228302 -0.34822067618370056
0.931015133857727 0.6379824280738831 -0.29999375343322754
0.670720100402832 0.538579523563385 -0.46156343817710876
0.4981660842895508 0.5957428216934204 -0.44150111079216003
0.4429858326911926 0.654442548751831 -0.38683009147644043
