0.38144469261169434 0.9275442361831665 8.45429156015598e-07
0.20459982752799988 0.8618553876876831 -0.05338474363088608
0.10010471940040588 0.7288733124732971 -0.08600764721632004
0.1299036741256714 0.6119294166564941 -0.13727189600467682
0.29117822647094727 0.5635119676589966 -0.18351809680461884
0.2380533367395401 0.5839528441429138 0.017182642593979836
0.19558699429035187 0.42249417304992676 -0.06453733891248703
0.1637430489063263 0.323666512966156 -0.10593771189451218
0.14481616020202637 0.2462175488471985 -0.12726062536239624
0.3711659014225006 0.5769966840744019 -0.021269019693136215
0.3240046501159668 0.39854666590690613 -0.12415880709886551
0.2609108090400696 0.28990060091018677 -0.1779642403125763
0.21118700504302979 0.20487523078918457 -0.18954817950725555
0.50922691822052 0.5967895984649658 -0.07438389211893082
0.3535648584365845 0.4992094337940216 -0.2257024496793747
0.2796442210674286 0.6062337160110474 -0.23686553537845612
0.277627170085907 0.6936708688735962 -0.18960638344287872
0.6356801986694336 0.6369421482086182 -0.13258512318134308
0.4360378384590149 0.5838132500648499 -0.24412991106510162
0.35752129554748535 0.6665728092193604 -0.24175812304019928
0.3591271638870239 0.7388245463371277 -0.20565277338027954
