0.5739490985870361 0.8811553716659546 2.4594016849732725e-06
0.3599439859390259 0.8274317979812622 -0.046924129128456116
0.24084414541721344 0.6954295039176941 -0.07225039601325989
0.28937697410583496 0.5746093392372131 -0.11206281185150146
0.40616631507873535 0.5047122836112976 -0.14992830157279968
0.31042248010635376 0.5891753435134888 -0.03651358187198639
0.2320568710565567 0.43250128626823425 -0.1256878525018692
0.2104310244321823 0.3279314935207367 -0.18153023719787598
0.20730382204055786 0.2429424226284027 -0.21470460295677185
0.46547171473503113 0.5750447511672974 -0.08270672708749771
0.39245325326919556 0.3987252712249756 -0.18221119046211243
0.34515586495399475 0.2872481942176819 -0.24568970501422882
0.3262593746185303 0.19196030497550964 -0.2723003029823303
0.6337100267410278 0.593833863735199 -0.13527682423591614
0.5503764748573303 0.48130926489830017 -0.27927178144454956
0.5027344822883606 0.587692379951477 -0.267035573720932
0.5007928609848022 0.6739662289619446 -0.20936782658100128
0.7955845594406128 0.6391412615776062 -0.19081196188926697
0.6963208317756653 0.5699611902236938 -0.2979193329811096
0.6338729858398438 0.642825186252594 -0.2604183256626129
0.6220542192459106 0.7068029046058655 -0.19994163513183594
