0.48465314507484436 0.8918571472167969 1.922626552186557e-06
0.27647632360458374 0.8405150175094604 -0.09096653759479523
0.17600515484809875 0.6949880719184875 -0.13777633011341095
0.27969661355018616 0.5712483525276184 -0.1986839324235916
0.48643428087234497 0.520721971988678 -0.25810226798057556
0.31106406450271606 0.5696792006492615 -0.057103004306554794
0.26402539014816284 0.4060729444026947 -0.16866542398929596
0.2530408501625061 0.30207034945487976 -0.23014140129089355
0.24980565905570984 0.21600067615509033 -0.261654794216156
0.4882681667804718 0.5674131512641907 -0.09037577360868454
0.4496084153652191 0.38364091515541077 -0.22016125917434692
0.38778921961784363 0.2696077227592468 -0.28286322951316833
0.34856733679771423 0.17617973685264587 -0.2941398024559021
0.66478431224823 0.5936810374259949 -0.13865120708942413
0.5579184889793396 0.4953511953353882 -0.3274339437484741
0.45842447876930237 0.602861762046814 -0.32498273253440857
0.4385743737220764 0.6926512718200684 -0.2501029074192047
0.8341541290283203 0.6396325826644897 -0.19341731071472168
0.7112232446670532 0.5486056804656982 -0.3137015402317047
0.6195201277732849 0.6162203550338745 -0.2759365439414978
0.6054015755653381 0.6846139430999756 -0.20646271109580994
