0.45771896839141846 0.9274202585220337 2.771151685010409e-06
0.264606237411499 0.8586471676826477 -0.08429494500160217
0.1339060664176941 0.7259613275527954 -0.1540384143590927
0.2155933380126953 0.6217364072799683 -0.2433900088071823
0.43446797132492065 0.5781523585319519 -0.33360418677330017
0.32468050718307495 0.5686664581298828 -0.08104010671377182
0.3159412741661072 0.40964776277542114 -0.2196776568889618
0.32442396879196167 0.3040134608745575 -0.3017609715461731
0.3406218886375427 0.21849894523620605 -0.34304139018058777
0.4951346814632416 0.5777473449707031 -0.13808102905750275
0.48305007815361023 0.38660696148872375 -0.28868046402931213
0.4247211813926697 0.27523094415664673 -0.35953497886657715
0.3842046856880188 0.1785915493965149 -0.37120017409324646
0.6718304753303528 0.6167601943016052 -0.20939232409000397
0.5221173167228699 0.5290625691413879 -0.41775307059288025
0.4108516275882721 0.6331217885017395 -0.41106826066970825
0.40044891834259033 0.712017297744751 -0.32782721519470215
0.8296658992767334 0.6805662512779236 -0.2866074740886688
0.667186975479126 0.5941222310066223 -0.40859997272491455
0.57293301820755 0.6630759835243225 -0.35461094975471497
0.583044171333313 0.723357081413269 -0.2717962861061096
