0.6830291152000427 0.7138140201568604 7.113303013284167e-07
0.7378771901130676 0.6516068577766418 -0.03207496553659439
0.7434049844741821 0.5640980005264282 -0.04222032427787781
0.6873155832290649 0.5145458579063416 -0.052388109266757965
0.6273216009140015 0.499868780374527 -0.06135199964046478
0.7200782895088196 0.48836129903793335 -0.018805861473083496
0.7144548296928406 0.3916115164756775 -0.04666969180107117
0.7051228284835815 0.33041802048683167 -0.06267106533050537
0.694415807723999 0.28205710649490356 -0.0690956637263298
0.668438732624054 0.4984279274940491 -0.02253219671547413
0.6576278805732727 0.38885512948036194 -0.054678767919540405
0.6513463854789734 0.3184785544872284 -0.07170186191797256
0.6434287428855896 0.26554208993911743 -0.07516562193632126
0.6220315098762512 0.5303816795349121 -0.03036600723862648
0.6183307766914368 0.48902806639671326 -0.08440611511468887
0.64566570520401 0.5389335751533508 -0.09194593876600266
0.6612660884857178 0.5820806622505188 -0.07670421898365021
0.5790238976478577 0.5754180550575256 -0.03907132148742676
0.5898839831352234 0.5312544703483582 -0.07743395119905472
0.6198397874832153 0.5693732500076294 -0.06881602108478546
0.6334022879600525 0.6097619533538818 -0.04984702914953232
