0.7613879442214966 0.767989993095398 7.520287113038648e-07
0.8184456825256348 0.7042086124420166 -0.030302926898002625
0.824455976486206 0.6132949590682983 -0.03891052305698395
0.7627580761909485 0.5679630637168884 -0.04817674309015274
0.7006393074989319 0.5601287484169006 -0.056005071848630905
0.8007043600082397 0.5308367609977722 -0.011655453592538834
0.795287013053894 0.4353158473968506 -0.03684020787477493
0.7859453558921814 0.37674957513809204 -0.052303899079561234
0.7731266617774963 0.33059239387512207 -0.05926654860377312
0.7486229538917542 0.5425428152084351 -0.01792430877685547
0.7370936274528503 0.4352673590183258 -0.04715997353196144
0.7304002046585083 0.3679426312446594 -0.06471028923988342
0.7199863791465759 0.31693553924560547 -0.06925040483474731
0.7013601064682007 0.5766152143478394 -0.028806699439883232
0.696143627166748 0.5366801023483276 -0.08215964585542679
0.7272635698318481 0.5887507200241089 -0.09202054142951965
0.7445406913757324 0.6303717494010925 -0.0787329152226448
0.657979428768158 0.6236677169799805 -0.04075409099459648
0.6693828105926514 0.5857753157615662 -0.08038921654224396
0.700707733631134 0.6255776882171631 -0.07464992254972458
0.7151248455047607 0.6634341478347778 -0.057954635471105576
