0.814032793045044 0.8566554188728333 8.081163969109184e-07
0.8631941676139832 0.8035690188407898 -0.031340450048446655
0.8721315264701843 0.7186285257339478 -0.042257994413375854
0.8180668950080872 0.6741169691085815 -0.053132958710193634
0.7592545747756958 0.6640931367874146 -0.06306563317775726
0.8525641560554504 0.6369819045066833 -0.02080698497593403
0.8464413285255432 0.5431451201438904 -0.048688504844903946
0.8375366926193237 0.4816495478153229 -0.06587792187929153
0.8262757658958435 0.4328189194202423 -0.07382354140281677
0.8012009859085083 0.6473027467727661 -0.026885947212576866
0.7894959449768066 0.5412147045135498 -0.05830361694097519
0.7831213474273682 0.4713062644004822 -0.07610318809747696
0.7757942080497742 0.4165947735309601 -0.08066190034151077
0.7548069953918457 0.6790486574172974 -0.03680797293782234
0.7507693767547607 0.6350927948951721 -0.09015114605426788
0.7754619717597961 0.6869089007377625 -0.09668216854333878
0.789431095123291 0.7285025119781494 -0.08140159398317337
0.7127043604850769 0.7241746187210083 -0.0477554053068161
0.7208084464073181 0.6815978288650513 -0.08724704384803772
0.7488968372344971 0.7213638424873352 -0.07836964726448059
0.762317419052124 0.7600389719009399 -0.05909829959273338
