0.5707783058231356 1.0 1.6803824109956622e-06
0.8746153703217304 0.8976438224420076 -0.05865679681301117
1.0 0.7101365485476916 -0.0830329954624176
0.7323072859043361 0.5916712627392889 -0.10751143097877502
0.4208880302222963 0.5772176535785442 -0.12908510863780975
0.745981947578371 0.5357358873121263 -0.047183699905872345
0.7851854232696749 0.31565938758073314 -0.09743667393922806
0.7809402466149826 0.17740662602062302 -0.12649866938591003
0.7558282664582833 0.06379324454559719 -0.14055222272872925
0.4809616574787444 0.5507991250475143 -0.06056980416178703
0.4859018920406997 0.29782159851886625 -0.12253008037805557
0.5179672134221173 0.13446571701088308 -0.16062219440937042
0.5153186443759319 0.0 -0.17343558371067047
0.23293488033938647 0.6093436260527952 -0.07973713427782059
0.3473732686956264 0.51467518106542 -0.18508145213127136
0.5021790868927848 0.6402176944419906 -0.20240506529808044
0.551363389900534 0.7418737522543823 -0.1757117658853531
0.0 0.6954108085532197 -0.10054779052734375
0.174578558367538 0.6027119889882689 -0.17862622439861298
0.3592095926026554 0.6942442101079368 -0.16763631999492645
0.4169725540850304 0.7862261847633245 -0.13519129157066345
