0.6771564984567319 1.0 1.2913659475088934e-06
1.0 0.8706240935941627 -0.057021819055080414
0.9830235562671837 0.6656963159445377 -0.07240574061870575
0.5818077233890033 0.5698082506494044 -0.08487377315759659
0.19902885557784006 0.5479150627000183 -0.09451279789209366
0.8453758533224002 0.4983395360445172 -0.03488243371248245
0.7892940113457062 0.2711709727883134 -0.07361705601215363
0.7039969043369523 0.13305598658230497 -0.09500031173229218
0.6211233698478329 0.02346661692206175 -0.10387664288282394
0.5288566224833855 0.5242299510547627 -0.038289301097393036
0.426286722924192 0.2809135098357456 -0.08521976321935654
0.37365055449118006 0.12197332353791762 -0.11198323220014572
0.32620571358321127 0.0 -0.11822105944156647
0.25069669462755334 0.5979240748773658 -0.04808557778596878
0.20071364534007155 0.4888775215273407 -0.13657131791114807
0.3980236227944693 0.6116929132166741 -0.15047526359558105
0.5115567791688884 0.7141649361520293 -0.12704980373382568
0.0 0.7030620004013662 -0.059454966336488724
0.03208638474565629 0.601386870018874 -0.1309168040752411
0.2364166402665138 0.6967149748015684 -0.12217361479997635
0.33953074401806993 0.7923833773986606 -0.09353762865066528
