0.624027580640932 1.0 1.1614041568464017e-06
0.9482958434733018 0.8410860834197365 -0.04877525568008423
1.0 0.628607325077002 -0.06403063237667084
0.6533208755403062 0.5059276285242533 -0.07911106199026108
0.30247037991843556 0.46991899699968237 -0.09268849343061447
0.8024145897491571 0.5115028872398656 -0.02225729264318943
0.8155819474203163 0.29239369815162025 -0.05782853439450264
0.7828670749022246 0.158204262592578 -0.07923185080289841
0.7379876414626394 0.04593490368259291 -0.08902079612016678
0.5229808868475526 0.5294389216056798 -0.02656097523868084
0.5064061048159588 0.28146456365635963 -0.06908934563398361
0.5154756004958687 0.12389392407089811 -0.09232982993125916
0.49186028561714074 0.0 -0.09902791678905487
0.26014533531098605 0.5884655190288675 -0.03782051429152489
0.28026238165983486 0.44662752748668794 -0.11834060400724411
0.473253797873259 0.5741642286191574 -0.12899792194366455
0.555396566068452 0.6933284492052093 -0.10687050968408585
0.0 0.6765540963970766 -0.0504402257502079
0.10040639600004783 0.5370475955828504 -0.11193566024303436
0.29435749089720575 0.6269321863192812 -0.10255708545446396
0.3710584958553445 0.7372432631306071 -0.07717084139585495
