0.5052740484160455 1.0 9.327204679721035e-07
0.8651677242424202 0.8675130499695651 -0.038578491657972336
1.0 0.6608905660932038 -0.050789352506399155
0.7129892431094734 0.5246312187662329 -0.06368961185216904
0.3611472410456281 0.49238693373027675 -0.07484970986843109
0.8479540225577495 0.4990433828313926 -0.018153151497244835
0.9408830099484842 0.2869324441129 -0.0468539334833622
0.9570310607388888 0.15743616624481369 -0.06438064575195312
0.9458271375589072 0.04846107871348968 -0.07312613725662231
0.5622078059396453 0.4998346098290741 -0.024967320263385773
0.650855184173438 0.2598963876907296 -0.05878538638353348
0.7137093136710349 0.11136052773664824 -0.0773792490363121
0.7265900108278268 0.0 -0.08297859132289886
0.2777836817020434 0.5457025722489415 -0.03746788203716278
0.364061786872498 0.4304864402895811 -0.10176464915275574
0.4902216291529534 0.5515039586285714 -0.11263427138328552
0.516854335614449 0.6586393068994291 -0.09703940153121948
0.0 0.6223291692247765 -0.051582690328359604
0.15267342926243627 0.5191628700772407 -0.09972642362117767
0.31034291687467963 0.6128699328753715 -0.0933605208992958
0.35025945293375216 0.7160530308975928 -0.07464925199747086
