0.6128103547807788 1.0 8.598385647928808e-07
0.9225161270778319 0.8492574791192533 -0.03178410604596138
1.0 0.6538516395850396 -0.040133826434612274
0.5998838602927216 0.5727005001644198 -0.047998905181884766
0.25695061161081334 0.5739008919419589 -0.05529187247157097
0.795519191851959 0.4839568314581177 -0.010403309017419815
0.7853741622858275 0.27664017932793344 -0.03437049686908722
0.749582993596956 0.13899375799105623 -0.049177248030900955
0.7071252691757451 0.03284500987367693 -0.05552734434604645
0.49876244224481586 0.5131933435173609 -0.013650636188685894
0.4435843051820411 0.27069283837223845 -0.039765484631061554
0.42190261758078684 0.11868377575744885 -0.055381715297698975
0.3944850279191835 0.0 -0.058961693197488785
0.24484554314939996 0.5902075990806076 -0.021656053140759468
0.23703568117303664 0.47205995633961373 -0.07287468761205673
0.41717715657398957 0.5767139984344746 -0.08230918645858765
0.5263544548025817 0.6698485385316776 -0.0692945122718811
0.0 0.7009567759912023 -0.030207963660359383
0.04714128638592602 0.5909114770669774 -0.0690511018037796
0.22699006583098985 0.6755744363174723 -0.062592513859272
0.3150785777707235 0.7670519730657187 -0.04525682330131531
