0.610853374004364 0.6650195121765137 1.0503366638658918e-06
0.6931814551353455 0.5796708464622498 -0.033961210399866104
0.7107857465744019 0.47525420784950256 -0.04851030930876732
0.6275410652160645 0.4158215820789337 -0.0635390654206276
0.5520808696746826 0.40261244773864746 -0.07862989604473114
0.6877509355545044 0.4199847877025604 -0.025266049429774284
0.7056583762168884 0.30985674262046814 -0.0581979937851429
0.7069094181060791 0.23884062469005585 -0.07875087112188339
0.7046190500259399 0.17952163517475128 -0.08953330665826797
0.6236387491226196 0.4265172779560089 -0.03297826647758484
0.6372726559638977 0.2966306209564209 -0.06804061681032181
0.6511381268501282 0.21861682832241058 -0.08566128462553024
0.6556746363639832 0.15549257397651672 -0.09123531728982925
0.5596132278442383 0.4573604166507721 -0.04508395120501518
0.5488474369049072 0.3831477463245392 -0.10928208380937576
0.5867350697517395 0.44566670060157776 -0.11494363844394684
0.6042203307151794 0.49940305948257446 -0.09698621183633804
0.49385467171669006 0.5077124834060669 -0.05752905458211899
0.5042816400527954 0.4429890513420105 -0.10617733001708984
0.5457599759101868 0.4889092445373535 -0.0954594835639
0.5622416138648987 0.538456916809082 -0.07406583428382874
