0.6157963392821453 1.0 1.0722883416747209e-06
0.9408127084143815 0.8667404217730773 -0.03586339205503464
1.0 0.6501256386852553 -0.048555970191955566
0.6032949951272626 0.5572294509591003 -0.06047331914305687
0.2466871860237168 0.559236201038002 -0.07219585031270981
0.8044365837578799 0.5169474553713984 -0.028750047087669373
0.8034958160892102 0.294117173366519 -0.06049453467130661
0.7764922371184922 0.14628480848191983 -0.07944969832897186
0.7321925516648097 0.034625668573417874 -0.08779255300760269
0.5055066717936909 0.549199043702688 -0.034667953848838806
0.4878859976500513 0.29757236884284494 -0.06860742717981339
0.4794762328081887 0.13061610188363562 -0.08772532641887665
0.4408608446415934 0.0 -0.09334713220596313
0.24115320888476524 0.6237367760366934 -0.04463154077529907
0.1930879192707615 0.5014271675034836 -0.10361603647470474
0.381693539442712 0.6057175900044074 -0.11144063621759415
0.4913306936289592 0.6988669444046107 -0.09548692405223846
0.0 0.7294342650903475 -0.05556459724903107
0.06539742789277612 0.6173179756701065 -0.09853769838809967
0.2599682807597529 0.6969201564838884 -0.08916588872671127
0.3571983927567082 0.7841346200006628 -0.06901291757822037
