0.5856458935556387 1.0 9.524147799311322e-07
0.9450502419319292 0.8371642759737182 -0.032230984419584274
1.0 0.6298817172151769 -0.04255305975675583
0.6028207144350111 0.5335014232340837 -0.05398501083254814
0.25536778914171393 0.5311416014604253 -0.06552061438560486
0.8385575368585392 0.50881457119452 -0.014981240034103394
0.8665266594340656 0.29489957144975415 -0.04456502944231033
0.8442586844533675 0.15720732546239916 -0.06377456337213516
0.8253943924117407 0.0425941996222535 -0.07398038357496262
0.5408156155934122 0.5282917301713472 -0.02230500429868698
0.5325309222135172 0.28138261539620846 -0.054913029074668884
0.5442190141576034 0.12584950423810184 -0.07323189824819565
0.5479414813371876 0.0 -0.07964277267456055
0.2659718440431283 0.5960189553875062 -0.03443627804517746
0.21767702691750426 0.44577733375143114 -0.09500115364789963
0.38311353524897734 0.5761356095355468 -0.10015525668859482
0.4772259799202897 0.6923551303274046 -0.08249777555465698
0.0 0.6997735708712235 -0.04746994748711586
0.030697130799647945 0.581865372508125 -0.09399183839559555
0.2145872938459854 0.6708858082535423 -0.08484145998954773
0.3068905455305511 0.7657193834515919 -0.0647611990571022
