0.7882775664329529 0.9604560136795044 1.0520304840611061e-06
0.8621094822883606 0.8924210071563721 -0.036531127989292145
0.8784403800964355 0.7854104042053223 -0.04893893375992775
0.7938414812088013 0.7412833571434021 -0.06092315912246704
0.7184372544288635 0.7493429183959961 -0.07194207608699799
0.8347256779670715 0.7245888113975525 -0.020927023142576218
0.8375378251075745 0.6201843619346619 -0.047418560832738876
0.8322766423225403 0.5531982779502869 -0.06272897869348526
0.8253418207168579 0.498285710811615 -0.0705265998840332
0.7728843092918396 0.7365361452102661 -0.027478942647576332
0.7689389586448669 0.6126593947410583 -0.057801105082035065
0.773284912109375 0.5346424579620361 -0.07365835458040237
0.7715107202529907 0.4725503623485565 -0.07798049598932266
0.7178338170051575 0.7697963118553162 -0.03882981464266777
0.7109963893890381 0.6954172849655151 -0.09910589456558228
0.7495105862617493 0.7617812156677246 -0.10432104021310806
0.7677798867225647 0.8172006011009216 -0.08626953512430191
0.6666255593299866 0.8179463744163513 -0.05137290433049202
0.6799344420433044 0.7628644704818726 -0.09732906520366669
0.717232346534729 0.8092777132987976 -0.08882647752761841
0.7311137914657593 0.8544281721115112 -0.06955403834581375
