0.24922308325767517 0.8500440120697021 1.265429432351084e-06
0.3330445885658264 0.7497350573539734 -0.04314730688929558
0.34970661997795105 0.620377242565155 -0.05698126181960106
0.25172290205955505 0.5630042552947998 -0.07021582871675491
0.16098299622535706 0.5882598161697388 -0.08235146850347519
0.3272503614425659 0.5693149566650391 -0.020171115174889565
0.3257630467414856 0.4357765018939972 -0.05027033016085625
0.3173289895057678 0.35539916157722473 -0.06874551624059677
0.30931276082992554 0.28665193915367126 -0.07891232520341873
0.255400687456131 0.5784281492233276 -0.025324324145913124
0.25816062092781067 0.4302663505077362 -0.0595179982483387
0.2669857144355774 0.3388015627861023 -0.07695350050926208
0.2694031596183777 0.2634192705154419 -0.08206998556852341
0.18661771714687347 0.6108466386795044 -0.036497052758932114
0.17006903886795044 0.5203637480735779 -0.10665906965732574
0.20922289788722992 0.5984546542167664 -0.11301076412200928
0.22848761081695557 0.665893018245697 -0.0917840376496315
0.11791081726551056 0.6624419689178467 -0.04919445514678955
0.1185438334941864 0.5874370336532593 -0.10257848352193832
0.16137714684009552 0.6417807340621948 -0.09222560375928879
0.1807977259159088 0.6996825933456421 -0.06962312757968903
