0.6198732852935791 0.9611874222755432 1.1265893817835604e-06
0.6924831867218018 0.9068820476531982 -0.030301526188850403
0.7273182272911072 0.8182852268218994 -0.04736975580453873
0.6601962447166443 0.7750476002693176 -0.06703530997037888
0.5867975354194641 0.7766594290733337 -0.08651894330978394
0.6636903882026672 0.7320345640182495 -0.023117737844586372
0.6809293031692505 0.6372963786125183 -0.05357399955391884
0.6866847276687622 0.5746675133705139 -0.07253492623567581
0.6904810667037964 0.5213867425918579 -0.08276994526386261
0.6054871082305908 0.741762638092041 -0.03600052371621132
0.6206773519515991 0.6304778456687927 -0.07182010263204575
0.6360737085342407 0.5570122003555298 -0.09253953397274017
0.6424391269683838 0.49423930048942566 -0.10027515888214111
0.5517821311950684 0.7689221501350403 -0.05286165699362755
0.5708317756652832 0.706640362739563 -0.11637302488088608
0.6015353202819824 0.7796971797943115 -0.12196828424930573
0.6092973947525024 0.8363902568817139 -0.10406941175460815
0.5006589293479919 0.8106517195701599 -0.07061657309532166
0.53328537940979 0.7629467248916626 -0.11677329242229462
0.5684466361999512 0.8158217668533325 -0.10676691681146622
0.5761204361915588 0.8644155859947205 -0.08621121942996979
