0.56035248254326 1.0 7.497082492591289e-07
0.9197555233180337 0.851106815044243 -0.02999047003686428
1.0 0.6568356343226045 -0.039723850786685944
0.610450445176598 0.5673844370442441 -0.049331098794937134
0.2742757991134885 0.5551617606241485 -0.05820423737168312
0.8596253089344482 0.5190883039277164 -0.018558310344815254
0.8243938847900892 0.2944334523183946 -0.04297826066613197
0.7570460835984392 0.15988091012384886 -0.0570610910654068
0.698644072757607 0.04306864145989409 -0.06400486081838608
0.5503860880255087 0.532297701711728 -0.021021289750933647
0.5235801820952478 0.28320807953515403 -0.048040855675935745
0.49732711104444083 0.12733059443952957 -0.0619598887860775
0.4736598510528925 0.0 -0.06567198783159256
0.2757367320543615 0.5880688500818463 -0.027459878474473953
0.17285145352400222 0.45039514207154946 -0.07469899207353592
0.3219489350336695 0.5841221158015104 -0.07871907204389572
0.43370829270612854 0.6924644843802628 -0.06451631337404251
0.04037523987582253 0.6767797417804463 -0.035118911415338516
0.0 0.5848104170685411 -0.07137919962406158
0.14417867798923234 0.6765705151269057 -0.06586278975009918
0.2354224101185979 0.7604403193064802 -0.050919707864522934
