0.5941246375932258 1.0 8.403735023421177e-07
0.9191785608747876 0.8681551037212211 -0.02976773865520954
1.0 0.6716805583029151 -0.03985927999019623
0.6687176053006801 0.6028458159858863 -0.049329131841659546
0.3298220934330638 0.5998412328597564 -0.05941692739725113
0.7683461816623764 0.5092810690912587 -0.018197698518633842
0.7406424052161856 0.31037878834827737 -0.04529884085059166
0.6883108857425683 0.16950230462756216 -0.062415190041065216
0.6538741429297487 0.05297770878532167 -0.07046841084957123
0.48209005478283307 0.5327795773099162 -0.02031768299639225
0.45257092049167097 0.2913844330485552 -0.05066875368356705
0.419119759310591 0.13274266173051996 -0.06782697141170502
0.3914053086951034 0.0 -0.07229252904653549
0.23658079016568184 0.6037748189855284 -0.026168450713157654
0.1579108515852265 0.49756782609613226 -0.07587717473506927
0.32588781934960975 0.6233228242294165 -0.08161568641662598
0.447673723977967 0.7140028296361085 -0.06782975792884827
0.01279271100304607 0.7149845931053959 -0.03259875997900963
0.0 0.6178038278641942 -0.06981430947780609
0.1804829743254393 0.7135130784829573 -0.0633106529712677
0.2932948988332197 0.7988687150346737 -0.04698803275823593
