0.4031586736345558 1.0 6.479304488493653e-07
0.8269772699531388 0.8638501748709836 -0.035603322088718414
1.0 0.670885758097953 -0.04834024980664253
0.7074093083942948 0.5078757555599723 -0.06034260243177414
0.3489389334216829 0.4396408182767523 -0.07080767303705215
0.9005351011332045 0.5399262382515541 -0.01923898421227932
0.9755789031563992 0.31429748510089006 -0.04502200707793236
0.9853533312661154 0.18101264152718058 -0.06048784777522087
0.9837521218678047 0.06481838116554457 -0.06779656559228897
0.5895638599760576 0.530473004979067 -0.020412711426615715
0.6321350292607371 0.2790270724087735 -0.051626164466142654
0.6786553935055493 0.12523189752289396 -0.06858432292938232
0.6899696209940387 0.0 -0.073789082467556
0.2898086660909793 0.5604546574641104 -0.026219898834824562
0.32491055744376623 0.4292593565162051 -0.08089396357536316
0.46696557930497506 0.5621810234233344 -0.08897174149751663
0.5124836713790644 0.6774003814206194 -0.07494457066059113
0.0 0.6168978442201923 -0.03341890871524811
0.13345003764206753 0.493293786799124 -0.07372289896011353
0.292415559327765 0.5881955382895315 -0.06863583624362946
0.3355841495432535 0.69285397418126 -0.05279985070228577
