0.40853444170179876 1.0 7.689750418649055e-07
0.8536100391562607 0.8727280208254548 -0.03979851305484772
1.0 0.6643129784758784 -0.047799304127693176
0.6663085545865652 0.515078705515561 -0.0543457493185997
0.298687161453202 0.45759997488551657 -0.05879998207092285
0.8648825218997029 0.540736283465738 -0.01580478809773922
0.9073261734637085 0.312858259483945 -0.04179356247186661
0.9058020086919409 0.17883636040980322 -0.05675689876079559
0.8862489535768484 0.06448050743640411 -0.06399514526128769
0.5524261175697602 0.5378326999552664 -0.0166464876383543
0.5654155729451604 0.28164143954163345 -0.049517203122377396
0.6004848321377156 0.12707845028405032 -0.06771264225244522
0.5870608813691188 0.0 -0.07229812443256378
0.27056957441138113 0.577556679646095 -0.023155858740210533
0.20476025325261607 0.437003312096342 -0.0865647941827774
0.3567860319007212 0.5742532210516956 -0.09622549265623093
0.41934794685890076 0.6807520054048152 -0.07967401295900345
0.0 0.6478376048956153 -0.031033309176564217
0.044734134395211046 0.5163067517434241 -0.08169855922460556
0.20997453682486117 0.6134234561040037 -0.07863196730613708
0.27061828465725524 0.7071558971342708 -0.06183105334639549
