0.7210985422134399 0.8702012896537781 7.799612262715527e-07
0.7845747470855713 0.817768931388855 -0.03849470987915993
0.8019585013389587 0.7358989715576172 -0.050671208649873734
0.7508835792541504 0.6805108785629272 -0.06213788315653801
0.6943527460098267 0.656679093837738 -0.07175684720277786
0.7679359912872314 0.6525912284851074 -0.015251124277710915
0.7685808539390564 0.5583788156509399 -0.04213324561715126
0.7631775140762329 0.49978381395339966 -0.05834395810961723
0.7526775002479553 0.4525071978569031 -0.06524854153394699
0.7204161286354065 0.6565084457397461 -0.01607118360698223
0.7214136719703674 0.5483786463737488 -0.048271436244249344
0.7205563187599182 0.4773288369178772 -0.06591855734586716
0.7132915258407593 0.4225873649120331 -0.06944607943296432
0.6739966869354248 0.6828563809394836 -0.022510308772325516
0.6782274842262268 0.6299779415130615 -0.08096332848072052
0.7066221833229065 0.6878532767295837 -0.08975719660520554
0.7205530405044556 0.7359110713005066 -0.07375768572092056
0.6279340982437134 0.7237763404846191 -0.030224354937672615
0.6505967378616333 0.6775755286216736 -0.07598680257797241
0.6810806393623352 0.7221543788909912 -0.07170551270246506
0.6921784281730652 0.7655864953994751 -0.054106514900922775
