0.4467654526233673 0.6710822582244873 5.416974886429671e-07
0.5068960785865784 0.6098499298095703 -0.027478378266096115
0.5256608724594116 0.5299085378646851 -0.0350988544523716
0.47672030329704285 0.47085481882095337 -0.04349353909492493
0.42349734902381897 0.4525250792503357 -0.0506741888821125
0.49744051694869995 0.47410014271736145 -0.009222499094903469
0.5042310357093811 0.3861091732978821 -0.029743731021881104
0.500942587852478 0.3352598547935486 -0.04195346683263779
0.49242228269577026 0.2924034595489502 -0.047655392438173294
0.4521627724170685 0.4770831763744354 -0.01304442435503006
0.4586948752403259 0.37805411219596863 -0.0397501103579998
0.4594895839691162 0.3169616460800171 -0.05571191385388374
0.45205390453338623 0.26811009645462036 -0.06107093393802643
0.40876927971839905 0.4969596862792969 -0.020984238013625145
0.41171756386756897 0.4452899694442749 -0.0692138522863388
0.43869495391845703 0.4942888021469116 -0.07828186452388763
0.45065200328826904 0.5380313396453857 -0.06682398915290833
0.36607569456100464 0.5274622440338135 -0.029846472665667534
0.38041722774505615 0.47822922468185425 -0.06543514132499695
0.4112938940525055 0.5101660490036011 -0.06190928816795349
0.42632389068603516 0.5488964319229126 -0.048637405037879944
