0.3358526054239629 1.0 7.999202011887974e-07
0.7055831404853253 0.8862601007767915 -0.04512130469083786
0.830952486595388 0.7000307957944986 -0.057846490293741226
0.5313238778880405 0.5581892480768404 -0.06839337944984436
0.21400478642054224 0.4713263044049077 -0.07635243982076645
0.9298738087678018 0.5299329035392408 -0.01791395992040634
0.9954101249710555 0.31209333927089083 -0.05048813670873642
1.0 0.17760957389398782 -0.07183101773262024
0.9839584890329683 0.06065898283495382 -0.08270883560180664
0.6014566553014599 0.5221459623775017 -0.017876561731100082
0.67144037703461 0.27882941943951783 -0.0556238628923893
0.7073735418541417 0.12726477604560774 -0.07817619293928146
0.7135118627523027 0.0 -0.0845874771475792
0.2987932036156055 0.5636899767640424 -0.024574855342507362
0.19169392421315934 0.46321620340024705 -0.08897282183170319
0.2912686648909398 0.5935879350599141 -0.10069504380226135
0.3642976288361039 0.684208966372605 -0.08521390706300735
0.011067037618880572 0.6332339749607213 -0.0335431806743145
0.0 0.5420350803076112 -0.08285295963287354
0.10460554320742865 0.6421687390911642 -0.07966770231723785
0.15706135686425673 0.7215180570661401 -0.06252244114875793
