0.2180713266134262 0.7963254451751709 1.1860598760904395e-06
0.3285951614379883 0.7442790865898132 -0.06050511822104454
0.36706456542015076 0.6095862984657288 -0.07353101670742035
0.29229921102523804 0.5169463753700256 -0.08385509252548218
0.20481091737747192 0.4718499481678009 -0.09102196991443634
0.3572112023830414 0.4704495072364807 -0.026191899552941322
0.37925630807876587 0.32743215560913086 -0.06437063217163086
0.38235461711883545 0.234690859913826 -0.08734238147735596
0.37656691670417786 0.1589253544807434 -0.09920905530452728
0.2759181559085846 0.46793508529663086 -0.03126205876469612
0.2914258539676666 0.29906386137008667 -0.07761562615633011
0.3073568046092987 0.19414082169532776 -0.10408508032560349
0.31021228432655334 0.11113646626472473 -0.11031477898359299
0.20151519775390625 0.5037237405776978 -0.0454985536634922
0.2099587321281433 0.4338591694831848 -0.1360791027545929
0.24459658563137054 0.5278359651565552 -0.15246723592281342
0.25601574778556824 0.5923880934715271 -0.1309947818517685
0.1293373554944992 0.5619551539421082 -0.06262468546628952
0.16052210330963135 0.49782595038414 -0.1366078406572342
0.19753572344779968 0.5678774118423462 -0.1344023048877716
0.20774051547050476 0.6247092485427856 -0.11199045926332474
