0.6617182493209839 0.8218071460723877 -9.63820184551878e-07
0.5854500532150269 0.9202588796615601 -0.17349566519260406
0.4707568287849426 0.8898280262947083 -0.26063793897628784
0.4296765625476837 0.7277365922927856 -0.3136800229549408
0.43669864535331726 0.5814021229743958 -0.3508627414703369
0.3861105144023895 0.7980270385742188 -0.24890373647212982
0.3276064395904541 0.635921835899353 -0.3829626441001892
0.4182060956954956 0.6640379428863525 -0.44830313324928284
0.4905630350112915 0.7362338304519653 -0.47699499130249023
0.4000109136104584 0.7012698650360107 -0.20179326832294464
0.3800896406173706 0.5520177483558655 -0.3368838131427765
0.5013166666030884 0.6264253258705139 -0.3677273392677307
0.5562165975570679 0.7231801748275757 -0.36940228939056396
0.42157796025276184 0.6186607480049133 -0.1693558394908905
0.4354529082775116 0.4881012737751007 -0.29220885038375854
0.5519710183143616 0.5813189148902893 -0.28075671195983887
0.5800381898880005 0.6823009848594666 -0.2504645884037018
0.4672308564186096 0.5523335337638855 -0.14962564408779144
0.4805793762207031 0.44535043835639954 -0.22675475478172302
0.5577324628829956 0.5111798644065857 -0.21423062682151794
0.578682005405426 0.5983796119689941 -0.1910739541053772
