0.05888789992983044 1.0 2.6877685854742595e-07
0.31318387269888104 0.9711963460140791 -0.05933882296085358
0.5094726786659973 0.7719163765903704 -0.07335857301950455
0.38634370644773625 0.5427577940462652 -0.08035970479249954
0.18796009788750923 0.43613519373543375 -0.08577693998813629
0.6329624825216653 0.5154463690623746 -0.026068000122904778
0.813486444693363 0.287236580164099 -0.057843681424856186
0.9207800324748474 0.13268729026734746 -0.08150516450405121
1.0 0.0 -0.10004235804080963
0.4199149023996364 0.4559763577056575 -0.022035857662558556
0.4843650874009502 0.3071609428597353 -0.08603265881538391
0.395118806732249 0.5016127121818188 -0.11174826323986053
0.3301805624838646 0.6432301914257423 -0.10996025055646896
0.21342046304135126 0.45144193601063876 -0.023580040782690048
0.2468883219014025 0.3203064630216306 -0.10391039401292801
0.21483601156286924 0.5331332998553169 -0.1104634627699852
0.1746139216338004 0.6691607849705544 -0.08977831900119781
0.0 0.49471572624252497 -0.027441086247563362
0.048448521146907425 0.3729564275087196 -0.0925944596529007
0.07684876295004779 0.5339899610922892 -0.08740857243537903
0.06848884876507051 0.6673022141739391 -0.06450783461332321
