0.0 0.9451289716115095 5.2407873596393983e-08
0.2448528582314157 1.0 -0.01976807788014412
0.4643946318512234 0.8490942812248835 -0.023635825142264366
0.48092706353224335 0.509688187034881 -0.029403291642665863
0.3809190577312054 0.2966881443924999 -0.03626092150807381
0.5645191455070383 0.559705810753113 0.0025897608138620853
0.776231690021308 0.3172042575448676 -0.014343369752168655
0.9009416648626873 0.14237400390906485 -0.02759585529565811
1.0 0.0 -0.03843001648783684
0.43507924796812686 0.4009598314168552 -0.003787539666518569
0.5577378288580247 0.1737323472687555 -0.04645354300737381
0.44962512198973037 0.3602320393259913 -0.06501568108797073
0.3463672381887077 0.5441480888926313 -0.06428638100624084
0.2966540935273387 0.3041880755709356 -0.012232583947479725
0.3794444434845163 0.11258614165798975 -0.06013580411672592
0.29783513430944863 0.3602865568004612 -0.06191100552678108
0.2145497905285861 0.5534908186635445 -0.04704033210873604
0.1431301464321074 0.24949004570291647 -0.021412642672657967
0.226649986954576 0.09939480205568663 -0.056542009115219116
0.18612368411330651 0.3070869478149018 -0.050498683005571365
0.12593668077843373 0.4929032822218516 -0.03505798801779747
