0.0 0.9773901176074131 6.689749625365948e-07
0.2835183306885664 1.0 -0.023839544504880905
0.502255549920657 0.8204531305682881 -0.030837344005703926
0.4808713825314509 0.5407795415975267 -0.03787381947040558
0.3568762576275623 0.36227426103527294 -0.04516257345676422
0.5568664419978079 0.6191639172217888 -0.014849464409053326
0.7615096438562338 0.4042260908126977 -0.0374576561152935
0.8910231976049864 0.24370821401556608 -0.05356380715966225
1.0 0.1197848197047268 -0.06349427998065948
0.4175826557822239 0.46750742782981775 -0.018220188096165657
0.5982325731673401 0.21177810758769258 -0.0434526763856411
0.725635766518887 0.09007605239756676 -0.05916133150458336
0.8352577420779688 0.0 -0.06669548153877258
0.2517792873852798 0.3878441630062676 -0.02473461627960205
0.3557613656812865 0.21737563020584463 -0.06700993329286575
0.31270796865542233 0.43563314157209754 -0.07283443957567215
0.25608855333976804 0.6305624734951102 -0.06398379802703857
0.07124633958807074 0.3648493540236652 -0.03214864432811737
0.17187719829208042 0.29710963934226264 -0.06675832718610764
0.1752010159176796 0.4750666676314597 -0.06571370363235474
0.148420706070967 0.6327913392938593 -0.0564875528216362
