0.27295684814453125 0.3845658004283905 1.1518376652475126e-07
0.38176992535591125 0.37884652614593506 -0.03064749762415886
0.4709210991859436 0.3224310278892517 -0.04199524596333504
0.46431154012680054 0.23302090167999268 -0.05344507098197937
0.41883763670921326 0.17396539449691772 -0.06600407510995865
0.4751996397972107 0.23786427080631256 -0.014032489620149136
0.5520240068435669 0.1678033173084259 -0.03755367919802666
0.5984495282173157 0.1234411671757698 -0.054017528891563416
0.6366989612579346 0.08316609263420105 -0.06753001362085342
0.4198448061943054 0.2041591852903366 -0.01612473838031292
0.4595920145511627 0.1515621542930603 -0.06261391192674637
0.4387527108192444 0.21303528547286987 -0.08100027590990067
0.41236811876296997 0.2654826045036316 -0.08213980495929718
0.3608381152153015 0.1868925243616104 -0.021117795258760452
0.3956795930862427 0.1419629007577896 -0.07621869444847107
0.3834173083305359 0.21721485257148743 -0.07539970427751541
0.35811421275138855 0.27647799253463745 -0.05950618535280228
0.2924031615257263 0.18238528072834015 -0.02746252343058586
0.3352610170841217 0.15251050889492035 -0.07430367916822433
0.34530553221702576 0.2142922282218933 -0.07295544445514679
0.33599233627319336 0.26871776580810547 -0.060127850621938705
