0.19896134734153748 0.6763603091239929 1.893020566967607e-07
0.3108651638031006 0.7074692249298096 -0.08402585983276367
0.4380509853363037 0.641656219959259 -0.11667291820049286
0.4215371310710907 0.5059598088264465 -0.13705897331237793
0.3600677251815796 0.4086923897266388 -0.15555322170257568
0.5289373397827148 0.4906795620918274 -0.06185903400182724
0.6347222924232483 0.37163686752319336 -0.11345652490854263
0.6975910067558289 0.2883799076080322 -0.14846916496753693
0.7463198900222778 0.21636517345905304 -0.1738838106393814
0.4477274417877197 0.42774829268455505 -0.052201706916093826
0.5065028667449951 0.34663456678390503 -0.1409277468919754
0.42706987261772156 0.4415646195411682 -0.17092421650886536
0.373497873544693 0.5150233507156372 -0.16583757102489471
0.35713499784469604 0.3934341073036194 -0.04976271092891693
0.40334975719451904 0.3207869827747345 -0.15297535061836243
0.3428577780723572 0.43381959199905396 -0.151713028550148
0.30569326877593994 0.5059126615524292 -0.12039223313331604
0.25320953130722046 0.37989524006843567 -0.051026325672864914
0.2824892997741699 0.33384013175964355 -0.13764311373233795
0.25374817848205566 0.42990049719810486 -0.13032276928424835
0.23064912855625153 0.49596983194351196 -0.100716732442379
