0.24199047684669495 0.7652100324630737 2.4931281927820237e-07
0.38114893436431885 0.7770688533782959 -0.09530127793550491
0.5131781697273254 0.6980130076408386 -0.13781754672527313
0.4925607144832611 0.5462437868118286 -0.17012546956539154
0.42768993973731995 0.4287125766277313 -0.2010534256696701
0.5956827998161316 0.5247657299041748 -0.06546945124864578
0.7017595171928406 0.3843703269958496 -0.1338646411895752
0.7617641091346741 0.2830919623374939 -0.1790395975112915
0.8099277019500732 0.19409137964248657 -0.20987969636917114
0.4928675889968872 0.4637714922428131 -0.056826282292604446
0.5550894737243652 0.3618842661380768 -0.1696675568819046
0.49634799361228943 0.4797065854072571 -0.20836153626441956
0.4505285620689392 0.5713624358177185 -0.20333465933799744
0.38324421644210815 0.4347116947174072 -0.057488784193992615
0.4167734980583191 0.3675670325756073 -0.18843171000480652
0.37348872423171997 0.5157659649848938 -0.18340393900871277
0.3418431878089905 0.6096546649932861 -0.14069317281246185
0.2637367248535156 0.4257012605667114 -0.062471866607666016
0.30456578731536865 0.3680213689804077 -0.16586704552173615
0.28183263540267944 0.4858326017856598 -0.15293028950691223
0.2576688528060913 0.5632047653198242 -0.11460893601179123
