0.3170265555381775 0.9208044409751892 1.0567961084007038e-07
0.4634226858615875 0.9275128841400146 -0.07802440226078033
0.629239559173584 0.8308237791061401 -0.11178851127624512
0.6411730051040649 0.6724047064781189 -0.14103135466575623
0.5770246982574463 0.5571585297584534 -0.17061612010002136
0.6323601603507996 0.6495664715766907 -0.04576045647263527
0.7364227771759033 0.5149255394935608 -0.09301475435495377
0.793545126914978 0.422392338514328 -0.11970975250005722
0.8404010534286499 0.3389562964439392 -0.1392214447259903
0.5382201671600342 0.6052713394165039 -0.040139030665159225
0.612637996673584 0.5122655630111694 -0.13239023089408875
0.5757820010185242 0.6329841613769531 -0.16079573333263397
0.5334582924842834 0.7206829786300659 -0.15325947105884552
0.4426150619983673 0.5885137319564819 -0.041185032576322556
0.5095677971839905 0.5020866990089417 -0.15077760815620422
0.494489848613739 0.6492279767990112 -0.14137065410614014
0.4619503915309906 0.7529982328414917 -0.10090015083551407
0.3310312032699585 0.5909944176673889 -0.04592348262667656
0.4132096469402313 0.5260131359100342 -0.13376812636852264
0.4297412037849426 0.6338892579078674 -0.12409477680921555
0.41163772344589233 0.7216885089874268 -0.09175210446119308
