0.0 1.0 8.879687385388024e-08
0.36222608570262815 0.9919669395157008 -0.022690609097480774
0.6775031830017058 0.8295682160673981 -0.02540767379105091
0.7268858363388189 0.5190183820218073 -0.03324757143855095
0.5615572047264094 0.3423880093402287 -0.04419044405221939
0.6278842419703968 0.5075481025811993 0.016826264560222626
0.7976803823862435 0.303543318200944 -0.0027985109481960535
0.9060500792268378 0.14580714739897213 -0.02077621780335903
1.0 0.0 -0.03736760467290878
0.4537679038725292 0.4137334499293568 0.005221921019256115
0.557325000450618 0.23405352214540268 -0.05153335630893707
0.4719037217769752 0.4754921499329864 -0.0776880756020546
0.36806904450958833 0.6667895585169094 -0.07867372781038284
0.2691454480208038 0.3634357872718547 -0.00973026268184185
0.3725106632605408 0.215263335838221 -0.07613159716129303
0.3190937498463802 0.4972248510846522 -0.07868867367506027
0.22321288996891556 0.6942140455638619 -0.058766335248947144
0.05290910789105859 0.3322378370675876 -0.025601843371987343
0.2078720507051762 0.20691873275089093 -0.07174108922481537
0.20005309099370283 0.41074455657438913 -0.06505632400512695
0.13028562626889933 0.5712957013170152 -0.04754885658621788
