0.4958982765674591 0.933700442314148 -3.0838215536732605e-08
0.6269620656967163 0.9566166400909424 -0.035842109471559525
0.7621942162513733 0.8920764923095703 -0.04404479265213013
0.7884694337844849 0.7683749794960022 -0.05382504686713219
0.7262692451477051 0.6881987452507019 -0.0672990083694458
0.7549940347671509 0.7712906002998352 -0.010416778735816479
0.8413457870483398 0.6820080876350403 -0.03197414055466652
0.8908624649047852 0.6166576147079468 -0.05024275928735733
0.932721734046936 0.5612286329269409 -0.06865424662828445
0.6828023791313171 0.7338792681694031 -0.018154632300138474
0.7222946286201477 0.658420741558075 -0.08040255308151245
0.6931701898574829 0.7413959503173828 -0.10871054977178574
0.6519865989685059 0.8146700859069824 -0.11300036311149597
0.6066645383834839 0.7144804000854492 -0.028401456773281097
0.6498632431030273 0.6465937495231628 -0.10056809335947037
0.6290848851203918 0.7537612915039062 -0.10166800767183304
0.5893323421478271 0.8343872427940369 -0.08272851258516312
0.5212068557739258 0.7036362886428833 -0.04042450711131096
0.5748879313468933 0.6497772932052612 -0.09745004773139954
0.565157413482666 0.7290353775024414 -0.09272069483995438
0.5332567095756531 0.7956236004829407 -0.07646654546260834
