0.43488240242004395 0.4149395823478699 2.477527800692769e-07
0.5310589075088501 0.4439019560813904 -0.03206279128789902
0.6247133016586304 0.40948063135147095 -0.04489583894610405
0.6289905905723572 0.31943267583847046 -0.058440111577510834
0.6002696752548218 0.25429123640060425 -0.07470878958702087
0.6553133130073547 0.325630247592926 -0.02154448628425598
0.7205072641372681 0.2604764699935913 -0.05541564151644707
0.7706449031829834 0.206513911485672 -0.08174532651901245
0.8102339506149292 0.15951323509216309 -0.10225509852170944
0.6004945039749146 0.2835090160369873 -0.028768667951226234
0.6157708764076233 0.23992648720741272 -0.09310140460729599
0.5806829333305359 0.2867160737514496 -0.12103968113660812
0.5445740222930908 0.3303339183330536 -0.1252504587173462
0.5380343198776245 0.2587825655937195 -0.039208438247442245
0.5460840463638306 0.22421327233314514 -0.11017393320798874
0.5125009417533875 0.30369874835014343 -0.11070501804351807
0.4812006950378418 0.36510375142097473 -0.09182588756084442
0.4686678647994995 0.24815219640731812 -0.05118053779006004
0.4840821623802185 0.22142393887043 -0.10613590478897095
0.46095216274261475 0.27990779280662537 -0.10178868472576141
0.43934428691864014 0.3273325264453888 -0.08527598530054092
