0.0 1.0 8.179370070138248e-07
0.2605690704202471 0.9743172459557816 -0.1422634720802307
0.4744693416610976 0.8444594752039984 -0.21849325299263
0.4425763047403207 0.5929410903726039 -0.2853681743144989
0.28311510601083284 0.4051189239632386 -0.34801802039146423
0.5442833162877765 0.5671442063193992 -0.06143650785088539
0.7581334494243726 0.31432621203083844 -0.16773472726345062
0.891213823784409 0.14223706042043574 -0.24566535651683807
1.0 0.0 -0.2953721880912781
0.37890812886776665 0.49015161736185925 -0.04184930771589279
0.4836835084824442 0.3166124040283134 -0.2153850495815277
0.39170354089977044 0.5179266052450866 -0.29636427760124207
0.3114772456080699 0.6686618166650915 -0.3093835711479187
0.21552873169308867 0.4302884970465156 -0.04117736592888832
0.3144107232943898 0.2876926140329177 -0.2290855199098587
0.2547720986107004 0.5291070359444426 -0.2550656199455261
0.19033628528589713 0.7032704174073855 -0.21849465370178223
0.04792174830688447 0.39132589482843344 -0.04826842620968819
0.15176359418126112 0.2995595308996224 -0.19437770545482635
0.13630192587381276 0.49155911604467234 -0.2113136500120163
0.0921769117344478 0.6565837009147237 -0.18526434898376465
