0.30863386392593384 0.8738546967506409 -1.3034105350584468e-08
0.4104995131492615 0.8766033053398132 -0.02559305541217327
0.4958542287349701 0.8335645794868469 -0.030319590121507645
0.5040208101272583 0.746679425239563 -0.03602711483836174
0.4654799699783325 0.6950384378433228 -0.04272685572504997
0.5138433575630188 0.7902103066444397 0.0023976305965334177
0.5877900719642639 0.7330594658851624 -0.012192860245704651
0.627952516078949 0.6915092468261719 -0.02346891164779663
0.6600168347358704 0.6576074361801147 -0.033190615475177765
0.4681376814842224 0.7553601264953613 0.000626992026809603
0.4848554730415344 0.7079465985298157 -0.04338527098298073
0.44510945677757263 0.7490748763084412 -0.06361774355173111
0.40841585397720337 0.7893278002738953 -0.06434570252895355
0.41979464888572693 0.7310498356819153 -0.0038855653256177902
0.42781195044517517 0.6893834471702576 -0.05295355245471001
0.3979131281375885 0.7466332912445068 -0.058777619153261185
0.368625670671463 0.792599081993103 -0.046701475977897644
0.3664979636669159 0.7155279517173767 -0.009705047123134136
0.3833896815776825 0.685373842716217 -0.04609580338001251
0.3641776442527771 0.7297770977020264 -0.04497043788433075
0.34261220693588257 0.7703270316123962 -0.033469513058662415
