0.0 0.965790082281434 -7.579043881378311e-08
0.2603174113258673 1.0 -0.03368411958217621
0.4988726345500135 0.8042925105843556 -0.03854013979434967
0.5698661147028838 0.40054223736062705 -0.0421220064163208
0.5078601308084719 0.1214889669518959 -0.04566241428256035
0.5792785632737677 0.6384233592302329 0.0018007742473855615
0.7956701964956344 0.3513714821904267 -0.012579008936882019
0.9045316136549307 0.16065814766134906 -0.02333604171872139
1.0 0.0 -0.03285790979862213
0.46897414084400174 0.4434056335705021 0.004896275699138641
0.5501877763556436 0.1599620399244028 -0.03887719660997391
0.4436534292453998 0.3540019274167828 -0.05893288180232048
0.3490347867715166 0.5514150826418874 -0.0587424673140049
0.3464702031829869 0.307197477171761 0.004450409673154354
0.4006613084255175 0.05940100131089717 -0.047681111842393875
0.2979479151696482 0.32669512615006285 -0.051863349974155426
0.21066269412210656 0.5448761683738704 -0.03738369047641754
0.20769068037059507 0.2156281665837143 0.0022781724110245705
0.2547444032807894 0.05784124706518787 -0.04012922942638397
0.18515269508341348 0.26781923345100456 -0.04066309705376625
0.11790284627223505 0.45347439655764055 -0.028625596314668655
