0.23564422130584717 0.7949272394180298 1.1928304957109503e-06
0.4302043318748474 0.7933034300804138 -0.1561807245016098
0.6027783155441284 0.6942763328552246 -0.24348270893096924
0.5774591565132141 0.5131896734237671 -0.31819745898246765
0.44883814454078674 0.38445761799812317 -0.3896102011203766
0.630817174911499 0.49992692470550537 -0.07252861559391022
0.7844002842903137 0.3432278037071228 -0.18121197819709778
0.8873437643051147 0.22373157739639282 -0.2574926018714905
0.9708634614944458 0.1335037648677826 -0.30304598808288574
0.5035378932952881 0.4473739266395569 -0.046049971133470535
0.5963853597640991 0.31872013211250305 -0.2199031114578247
0.5406227707862854 0.46048176288604736 -0.2927300035953522
0.4840186834335327 0.5624364018440247 -0.2934892773628235
0.38100290298461914 0.41235658526420593 -0.03897285461425781
0.46453970670700073 0.3156087398529053 -0.2281264215707779
0.4315938353538513 0.48560258746147156 -0.2483956217765808
0.3851637542247772 0.6012334227561951 -0.20293234288692474
0.2516474723815918 0.3906135559082031 -0.04005015268921852
0.34454965591430664 0.3307887613773346 -0.18352045118808746
0.34111467003822327 0.4579794704914093 -0.19524049758911133
0.30453401803970337 0.5631648898124695 -0.16331002116203308
