0.3652193248271942 0.5442602038383484 3.3623700801399536e-07
0.4479934573173523 0.5471839904785156 -0.03352140635251999
0.5416257977485657 0.5076277256011963 -0.0496361218392849
0.5493407845497131 0.42561012506484985 -0.06556923687458038
0.5096825361251831 0.3639557659626007 -0.08354128897190094
0.550644040107727 0.39038944244384766 -0.03021593950688839
0.6294156908988953 0.3223196268081665 -0.06026273965835571
0.6816223859786987 0.2724308967590332 -0.07961365580558777
0.7223465442657471 0.2300330549478531 -0.09312298148870468
0.49299919605255127 0.3640732765197754 -0.034650567919015884
0.528596043586731 0.3196663558483124 -0.09157274663448334
0.4958029091358185 0.3908112645149231 -0.10974935442209244
0.46345609426498413 0.4482007622718811 -0.10693615674972534
0.4331780970096588 0.35399356484413147 -0.04125294089317322
0.4602927565574646 0.3280816078186035 -0.10541164129972458
0.4369296431541443 0.4095878303050995 -0.10102207958698273
0.408139169216156 0.46654197573661804 -0.07895320653915405
0.36746877431869507 0.351959228515625 -0.04901187866926193
0.4086983799934387 0.326498419046402 -0.09544630348682404
0.40229833126068115 0.38868483901023865 -0.08463077247142792
0.37937676906585693 0.437264621257782 -0.0633479431271553
