0.0 0.9155011503253936 5.580934043791785e-07
0.23055239127679011 1.0 -0.03814148157835007
0.5218252473018634 0.8660755294688638 -0.05096016079187393
0.5619144202230197 0.5488097249105655 -0.06045538932085037
0.45921763875350247 0.308496114612647 -0.07146542519330978
0.5639157403319506 0.5312534064403933 -0.024824002757668495
0.7353207820989732 0.3384823540338131 -0.052534110844135284
0.8829260957559809 0.15717169058770417 -0.07367482781410217
1.0 0.0 -0.08778642117977142
0.4316179202601751 0.3730768087348679 -0.023591190576553345
0.5434872731882379 0.1467523904713465 -0.0663030743598938
0.5157718047462725 0.2214859765851226 -0.08643341064453125
0.4635614091070031 0.31012037452926305 -0.08832576125860214
0.2739029326525884 0.27587517719251464 -0.025515731424093246
0.3608539618567201 0.14636372498477257 -0.08374360203742981
0.2681061682308355 0.43356919824290474 -0.08560097962617874
0.1710751019587444 0.6485179204403017 -0.06766872107982635
0.09197356285161014 0.226495647707058 -0.028597600758075714
0.1908391434154103 0.15483785401341765 -0.07372552156448364
0.1533914122979949 0.37985627327758276 -0.06838128715753555
0.08301212139756697 0.5555362996049739 -0.051404908299446106
