0.0 1.0 -1.0186393240019243e-07
0.2907988833312715 0.887954220262616 -0.03709561750292778
0.5038929695012633 0.7191116104241256 -0.037163570523262024
0.47755059254421206 0.4040250356800337 -0.030971650034189224
0.37090781129858535 0.23573276816038574 -0.021234776824712753
0.6114310128462082 0.5812179574171208 -0.0013370596570894122
0.8079850743766387 0.30777706331691795 -0.021744824945926666
0.9046792048067792 0.15036914148419833 -0.041172709316015244
1.0 0.0 -0.055171091109514236
0.4562211892109005 0.4668168856043929 0.005720359738916159
0.5372841457429519 0.22628700864244644 -0.02389259822666645
0.44441918878629955 0.4277822001488224 -0.04097210615873337
0.4011931886666489 0.5768883094267241 -0.04368837550282478
0.30458659026908513 0.388527332226425 0.007753381039947271
0.36131387698608153 0.17230587283790835 -0.029869019985198975
0.29883930054141034 0.40823104449826175 -0.03215779736638069
0.2589568122951446 0.571525147251294 -0.0209440216422081
0.132591793483699 0.3787220400144633 0.0069407327100634575
0.18573467876185235 0.17252172907219163 -0.01952105574309826
0.18291441784933443 0.3281654588129 -0.011920743621885777
0.14891581165577253 0.48665767113892855 0.0028647086583077908
