0.641944944858551 0.3464851379394531 -2.44158560036567e-08
0.7331477403640747 0.32077229022979736 -0.03761272877454758
0.8009351491928101 0.26955732703208923 -0.042218003422021866
0.7889481782913208 0.1885915845632553 -0.041762825101614
0.7500188946723938 0.14532703161239624 -0.03935392200946808
0.829644501209259 0.2457052320241928 -0.009295285679399967
0.8913816213607788 0.17689144611358643 -0.03162849694490433
0.9228160381317139 0.13252508640289307 -0.050671081990003586
0.9514533281326294 0.09308771789073944 -0.06467484682798386
0.7783821821212769 0.21948255598545074 -0.0025583822280168533
0.792785108089447 0.150344580411911 -0.03905539587140083
0.7680841684341431 0.19311460852622986 -0.05881662294268608
0.7571306824684143 0.23285618424415588 -0.06248689070343971
0.7289445400238037 0.20183062553405762 0.00013580592349171638
0.7355964779853821 0.1416245996952057 -0.044112347066402435
0.720014214515686 0.19367453455924988 -0.04768885299563408
0.7095063924789429 0.23703651130199432 -0.03616838902235031
0.6756696701049805 0.19699114561080933 0.00045355394831858575
0.6855084896087646 0.14459256827831268 -0.03308844566345215
0.6857337355613708 0.17957289516925812 -0.030066950246691704
0.6793212890625 0.22023910284042358 -0.017772572115063667
