0.40800243616104126 0.3613109588623047 -5.0630120540517964e-08
0.5027996897697449 0.3274269104003906 -0.036311689764261246
0.5676348209381104 0.27218908071517944 -0.037436213344335556
0.5500407814979553 0.19043463468551636 -0.033472657203674316
0.5049030184745789 0.15135881304740906 -0.027141842991113663
0.5945300459861755 0.24627187848091125 -0.002439443953335285
0.6539537310600281 0.16722577810287476 -0.021340446546673775
0.6819987893104553 0.12013988196849823 -0.03718988597393036
0.7078034281730652 0.07761600613594055 -0.04903707280755043
0.5402045845985413 0.22006914019584656 0.0029926192946732044
0.561096727848053 0.15107427537441254 -0.032477740198373795
0.5360956192016602 0.19976308941841125 -0.05114182457327843
0.5230041146278381 0.2423616200685501 -0.05294203385710716
0.4884295165538788 0.2033112645149231 0.004017116501927376
0.4957319498062134 0.14392083883285522 -0.041166260838508606
0.4799708127975464 0.20388147234916687 -0.04598832130432129
0.46903952956199646 0.24958914518356323 -0.03392612561583519
0.4334051012992859 0.20231389999389648 0.0028157862834632397
0.43964526057243347 0.14622151851654053 -0.030857829377055168
0.43986690044403076 0.18744097650051117 -0.027107445523142815
0.43359488248825073 0.23156803846359253 -0.013716865330934525
