0.0 1.0 6.115067918699424e-08
0.3048801139686961 0.9171619112749619 -0.03453334793448448
0.5185066464180514 0.7130773873880382 -0.03824913874268532
0.4571162930987054 0.43033776565217774 -0.0379401333630085
0.2961418506022103 0.3091668813796857 -0.036390069872140884
0.614516142248603 0.5884812284634815 -0.006917338818311691
0.8053649335553293 0.3179890279640631 -0.024759633466601372
0.9087278841302648 0.1440505631099756 -0.040105193853378296
1.0 0.0 -0.05270012840628624
0.43525346602107295 0.49922367196987755 -0.002855392638593912
0.478291593325917 0.2892637871844822 -0.03932523354887962
0.39753616051761953 0.45615871185031254 -0.05739050731062889
0.35518877918721214 0.6012163191526421 -0.0590393953025341
0.258886343071216 0.4506340656050613 -0.0020745680667459965
0.27420664200882705 0.2546382025430048 -0.04649645835161209
0.23233334985166668 0.46173533068614253 -0.04910154268145561
0.2007930555886139 0.623006178918954 -0.036867354065179825
0.0661875309474877 0.4567771656115629 -0.0034085039515048265
0.07742198111525284 0.26763425985011025 -0.03920440748333931
0.08568244843841269 0.408363744322145 -0.036037299782037735
0.07917933018028266 0.5609937480384862 -0.0231766477227211
