0.27215325832366943 0.4410615563392639 8.38502813849118e-08
0.37195122241973877 0.4171164035797119 -0.03823293745517731
0.4492798149585724 0.3548184931278229 -0.04190263897180557
0.4308862090110779 0.26591426134109497 -0.04033876210451126
0.37772583961486816 0.22564858198165894 -0.037220414727926254
0.48113903403282166 0.32178598642349243 -0.00903322733938694
0.5489197373390198 0.24025265872478485 -0.029483117163181305
0.5846610069274902 0.1863924264907837 -0.0472896583378315
0.6158825159072876 0.14145530760288239 -0.06095894053578377
0.42448318004608154 0.2900914251804352 -0.0032546750735491514
0.44106054306030273 0.21878889203071594 -0.04205108806490898
0.41664642095565796 0.26813164353370667 -0.06236155331134796
0.40310901403427124 0.3156105875968933 -0.06481695920228958
0.37057361006736755 0.26961004734039307 -0.001058344729244709
0.37331700325012207 0.209657222032547 -0.0478288009762764
0.35789352655410767 0.2701426148414612 -0.0521007664501667
0.34775665402412415 0.3198319375514984 -0.0400543250143528
0.31375184655189514 0.2636409401893616 -0.0011566320899873972
0.3162873387336731 0.20757490396499634 -0.03624259680509567
0.3128167986869812 0.24905267357826233 -0.03229125961661339
0.30576127767562866 0.29474902153015137 -0.01871851086616516
