0.1662590808827641 1.0 7.615685149175988e-08
0.4783571225105898 0.8651038254547311 -0.03473810851573944
0.6791572072424706 0.6726829620349366 -0.04418210685253143
0.5069407120240986 0.4895654590613463 -0.050293706357479095
0.278508034726914 0.41168231249035553 -0.055200882256031036
0.732703019362682 0.5286752998810564 -0.012612487189471722
0.8769072074069347 0.2805718384743318 -0.036014437675476074
0.9419881335895464 0.13192780764548662 -0.053353358060121536
1.0 0.0 -0.06580492854118347
0.48252306279434953 0.5017115041163741 -0.009615125134587288
0.4711646489120045 0.3327359702955966 -0.05122000724077225
0.42354085846289263 0.4843201373573464 -0.06765791773796082
0.4248198625212076 0.6052896613954801 -0.06705578416585922
0.25558885038968115 0.501530636454005 -0.010202830657362938
0.21721504464541222 0.35560671810124045 -0.05572954937815666
0.21738187698220302 0.521633901681519 -0.052647534757852554
0.23606433570665927 0.6438564207422034 -0.036387231200933456
0.0358482957247898 0.5375338279548197 -0.013147844932973385
0.0 0.410890099369555 -0.04667048528790474
0.027669169371003936 0.5312768276067212 -0.03860039263963699
0.0531151794401512 0.6415395921147122 -0.02213105745613575
