0.5836957693099976 0.5744499564170837 4.071871728683618e-09
0.6727855205535889 0.5410017371177673 -0.03612944483757019
0.7421921491622925 0.48368099331855774 -0.045598194003105164
0.730534553527832 0.3986857831478119 -0.052116312086582184
0.6867104768753052 0.353404700756073 -0.05740192160010338
0.7614583969116211 0.43549537658691406 -0.010356221348047256
0.8174613118171692 0.35450658202171326 -0.03162972256541252
0.848652184009552 0.3097233772277832 -0.049082692712545395
0.8765599727630615 0.26683926582336426 -0.06178892031311989
0.7090480923652649 0.41197437047958374 -0.006393600255250931
0.7300286293029785 0.34094202518463135 -0.044995203614234924
0.7148993015289307 0.39513295888900757 -0.06274285912513733
0.7023001313209534 0.44260555505752563 -0.06384459882974625
0.6586076021194458 0.39737725257873535 -0.006071973592042923
0.6726660132408142 0.3316516876220703 -0.04984670877456665
0.6665282249450684 0.3944969177246094 -0.048799097537994385
0.6551163792610168 0.44811663031578064 -0.034003790467977524
0.6039037108421326 0.39601585268974304 -0.008278457447886467
0.6218206286430359 0.33838963508605957 -0.04105164855718613
0.6290565133094788 0.3827279806137085 -0.034714821726083755
0.6230280995368958 0.43206244707107544 -0.019811924546957016
