0.0 0.9354267819473279 -2.3136722404615284e-07
0.24406183762347833 1.0 -0.04807674139738083
0.4856992522196506 0.7845542037296624 -0.05012219399213791
0.4341270664878062 0.48228068603434426 -0.042061738669872284
0.2664883456641085 0.34901427744813207 -0.030814386904239655
0.6100295170607722 0.5599657377694012 -0.030992407351732254
0.7951585482848782 0.3050141924000419 -0.06131863221526146
0.9110337191401366 0.1429836844351364 -0.09166326373815536
1.0 0.0 -0.11849065124988556
0.4274589907710392 0.4840325248196145 -0.02482326328754425
0.4583024310239827 0.2804354462215108 -0.07616100460290909
0.38101166941018877 0.4985186445156891 -0.09741014987230301
0.3268718548272184 0.6618647401249296 -0.10077688843011856
0.25160033499848783 0.44278723853407465 -0.02313775196671486
0.25987564815511227 0.26173261184203533 -0.08220067620277405
0.2193411802190946 0.5029510168562277 -0.0789145827293396
0.18491910180037885 0.6604939471577992 -0.06267274171113968
0.061288919058640284 0.43734036397545145 -0.025123687461018562
0.08134289138984703 0.3085307790556928 -0.08211706578731537
0.05715522940065546 0.5027241207014645 -0.08082893490791321
0.023936397255652782 0.6386271719535698 -0.06769586354494095
