0.026801717969247317 0.9993548326057595 1.3388800823577185e-07
0.27163466870448894 1.0 -0.06932231038808823
0.5069233036421009 0.8639489973012614 -0.09951752424240112
0.39695526868716946 0.6457020096484797 -0.1216830238699913
0.24342475680586553 0.4957817224258657 -0.14112359285354614
0.6267082840209718 0.532213850828952 -0.054090213030576706
0.8209293563388477 0.29467891128196627 -0.1026642918586731
0.9190164671636644 0.1400946392395786 -0.13341712951660156
1.0 0.0 -0.1554342657327652
0.42776727806398784 0.46198534518723655 -0.04918718710541725
0.4656462362830608 0.313115496239094 -0.12948238849639893
0.3762373921141748 0.527997322905244 -0.15488353371620178
0.3393261209415103 0.6721957348188341 -0.15138296782970428
0.23289178829538498 0.44273620961175 -0.05117420852184296
0.22335841110633392 0.34479324121704646 -0.13795123994350433
0.17147864160712467 0.5767637091915099 -0.1328241229057312
0.16668153000748992 0.6989682376237829 -0.10541774332523346
0.03574418240737505 0.46537539009104273 -0.057395532727241516
0.027159805475077445 0.3983658524225595 -0.12417804449796677
0.001905065031547251 0.5842370493791528 -0.1149957999587059
0.0 0.6888023798356288 -0.08982336521148682
