0.001520467210205966 0.9916009620244172 -1.2044399966271158e-07
0.27215393782923863 1.0 -0.07185357064008713
0.5134049221183711 0.8027067513714229 -0.08264061063528061
0.4141140732332815 0.5413084384132604 -0.078977569937706
0.230736179553434 0.4122418250258642 -0.07011403143405914
0.6498475409734086 0.5722165913276775 -0.04064055159687996
0.8217184925124585 0.30762600666459 -0.08002607524394989
0.9216331524927344 0.14416776975094203 -0.11204572021961212
1.0 0.0 -0.13718639314174652
0.4479085185079631 0.5036155574918988 -0.02912360057234764
0.48362083569565134 0.32855037407700716 -0.09504546970129013
0.3891973625752982 0.5330169109560948 -0.11929097026586533
0.335177954701072 0.6804225647230138 -0.11743473261594772
0.24673327402884315 0.473360787656754 -0.025058183819055557
0.25991453845863394 0.312530775771 -0.10453448444604874
0.2038129874518778 0.546413004783864 -0.10259393602609634
0.17635314709948818 0.6795408840609992 -0.07848352193832397
0.02994264323170025 0.4866647127524882 -0.025652732700109482
0.048444891888415935 0.3751602552849651 -0.09480082988739014
0.027164861033492377 0.5584139401607784 -0.08869936317205429
0.0 0.676525278926953 -0.06581384688615799
