1.0 0.5388174630114322 -9.409640711055545e-07
0.8737327671050287 0.38725768891856266 -0.1358713060617447
0.5854006349403161 0.2733464278177844 -0.17439299821853638
0.29757234780676944 0.27648313504587124 -0.18467210233211517
0.055256727190066204 0.3250202370721967 -0.1912757158279419
0.36282060223753176 0.0 -0.08849698305130005
0.0946868953795047 0.2812886799257283 -0.1415162831544876
0.031579885462759895 0.5862853587704837 -0.1943684220314026
0.018911947882197647 0.826436208727516 -0.22246071696281433
0.3256183435238929 0.15594740823652734 -0.02326115407049656
0.08675291832311695 0.4370350421619957 -0.07445299625396729
0.024587663352474535 0.7357485659497897 -0.1374024599790573
0.008422646032397972 1.0 -0.17495404183864594
0.331538425771654 0.3164035457657063 0.031010963022708893
0.1075556089408276 0.5274165963005666 -0.023711785674095154
0.03738940853423847 0.7649262628727884 -0.08067242056131363
0.0 0.9636723903995392 -0.10856320708990097
0.3610396437308039 0.44293675529210735 0.07803653925657272
0.1609367048715783 0.5816045715055166 0.03163261339068413
0.11667396408893298 0.7116856974628618 -0.0012810679618269205
0.09002752355194603 0.8219533504705567 -0.015696464106440544
