0.41199782490730286 0.5467737913131714 -7.149232033043518e-07
0.34930622577667236 0.5295773148536682 -0.01596486009657383
0.2672956585884094 0.5173742175102234 -0.019941704347729683
0.19897939264774323 0.5194889903068542 -0.02248224802315235
0.14743244647979736 0.5347959399223328 -0.02511199191212654
0.19763807952404022 0.47531455755233765 0.00022311240900307894
0.1514219343662262 0.5612931847572327 -0.022444169968366623
0.1414090096950531 0.6273239850997925 -0.04815112426877022
0.14111006259918213 0.673830509185791 -0.06346341222524643
0.20001590251922607 0.48475050926208496 0.002551704877987504
0.1521330177783966 0.5695424675941467 -0.018147991970181465
0.14852860569953918 0.6360860466957092 -0.04448075219988823
0.15145504474639893 0.6911133527755737 -0.06225382536649704
0.21563896536827087 0.49960365891456604 0.002549622906371951
0.158577561378479 0.5661534667015076 -0.01859068125486374
0.14200538396835327 0.6270145177841187 -0.03718556836247444
0.13444848358631134 0.6774227023124695 -0.047744911164045334
0.23798421025276184 0.5179866552352905 0.001988561823964119
0.18145650625228882 0.5399035811424255 -0.016079822555184364
0.1450604498386383 0.5504358410835266 -0.028845056891441345
0.11314591020345688 0.5606061220169067 -0.03567126393318176
