0.986719693772425 0.4183990750223958 -7.147238534344069e-07
1.0 0.29599855620430526 -0.1001700907945633
0.8473879074786439 0.2178441211619285 -0.14778147637844086
0.6106415666614003 0.2584982930549625 -0.1764923632144928
0.3873173269163318 0.32997088086457693 -0.1992812603712082
0.44299974871242626 0.0 -0.11776179075241089
0.23374796516476498 0.373961479841534 -0.17577505111694336
0.18231401969020775 0.6425859639921768 -0.2135854810476303
0.16054406620261347 0.8600300981531719 -0.23441091179847717
0.3396732909474422 0.10338488744055124 -0.08439993858337402
0.15656967377063827 0.48696608531271035 -0.13904818892478943
0.09463454821266762 0.7402062968214217 -0.17476390302181244
0.06322351347557119 0.9787389638231481 -0.1977892965078354
0.28195152306234617 0.2214184556904538 -0.05820530280470848
0.12844931802488846 0.5505441928407436 -0.10799850523471832
0.05076541490835045 0.7725326862141834 -0.13366854190826416
0.0 1.0 -0.14724427461624146
0.26265562996386477 0.35395885958943796 -0.03920278325676918
0.1243961506792466 0.5880160460804646 -0.08418069034814835
0.058450017757361826 0.7512442620669048 -0.10729826986789703
0.011012908963925051 0.9162314397958248 -0.1180807575583458
