0.3706516921520233 0.6540979146957397 -7.010743843238743e-07
0.31794577836990356 0.6417403221130371 -0.10160452872514725
0.2169281244277954 0.6305674314498901 -0.13262324035167694
0.12704376876354218 0.6478005051612854 -0.14604100584983826
0.05062398314476013 0.6723810434341431 -0.15450003743171692
0.12250518798828125 0.566948652267456 -0.05996854975819588
0.03816879540681839 0.6641217470169067 -0.11048623919487
0.016202181577682495 0.7527262568473816 -0.15801358222961426
0.013360872864723206 0.8226204514503479 -0.18503010272979736
0.11414880305528641 0.6010861396789551 -0.01955125480890274
0.04120320826768875 0.6892920136451721 -0.06316431611776352
0.019723303616046906 0.7777585983276367 -0.11257224529981613
0.016437336802482605 0.8605901002883911 -0.1444965898990631
0.11881689727306366 0.6339707374572754 0.009742946363985538
0.049003683030605316 0.7072789072990417 -0.03262872248888016
0.02922816574573517 0.783191442489624 -0.07211661338806152
0.014744706451892853 0.8527129292488098 -0.09390068799257278
0.1307714283466339 0.6598517894744873 0.031139826402068138
0.06460664421319962 0.7169610261917114 -0.0032481991220265627
0.04193173348903656 0.7669031023979187 -0.0288062933832407
0.025536037981510162 0.8165879845619202 -0.042837243527173996
