1.0 0.3521896763850922 -6.557780238836131e-07
0.7984343086040254 0.2463092989639474 -0.08717096596956253
0.4933839030687147 0.1955861650104517 -0.1106816753745079
0.22495157069512595 0.24239902194273644 -0.11604155600070953
0.0 0.34319568432121544 -0.11832303553819656
0.1924832899709123 0.0 -0.04265836998820305
0.015652638928319577 0.3657547530062695 -0.07013412564992905
0.048232847748059186 0.6459544504189717 -0.10330108553171158
0.0829592195036261 0.8303534699216669 -0.1228409931063652
0.21207488455957751 0.12777176209021032 0.0006506274221464992
0.047301571015753295 0.4664042365327191 -0.029209375381469727
0.059375522841201435 0.7546522991122353 -0.07284095883369446
0.09049095043858908 1.0 -0.10002699494361877
0.27802807762912973 0.25627864206380463 0.03688941150903702
0.09616323702270489 0.5201503597785374 0.003583155805245042
0.05090051593799728 0.7796689329843779 -0.036436039954423904
0.028075588773845202 0.9919671623684416 -0.057400308549404144
0.3559989184170491 0.35050715702918767 0.06861702352762222
0.17632833484999788 0.4854800354160897 0.04328152537345886
0.10431829668756963 0.5709269528176987 0.020937729626893997
0.03605143717812171 0.6456527725911497 0.009317598305642605
