1.0 0.4957268658472466 -4.607315418070357e-07
0.864485225474952 0.19332518389606362 -0.06611156463623047
0.6423528843993142 0.016613968753276854 -0.08938629180192947
0.42599673185364373 0.059553614584776385 -0.10191209614276886
0.24800265282392278 0.13427505556296745 -0.11192706227302551
0.37318966258311753 0.0 -0.056091077625751495
0.1458076634789546 0.19063197693984477 -0.08814960718154907
0.06906824649696033 0.37359077222035486 -0.1140325665473938
0.0 0.5535969398595909 -0.13003386557102203
0.35831164120669556 0.18079965011881022 -0.03325827047228813
0.22500931278437925 0.47897685613244034 -0.07224779576063156
0.17380313754115345 0.7467004847435786 -0.10784175246953964
0.1347976524242648 1.0 -0.12894916534423828
0.38121109933083686 0.3121484780686817 -0.015430647879838943
0.26836692219639946 0.5537517032900833 -0.05667209252715111
0.19975696272020776 0.7837374344789352 -0.08685596287250519
0.13529873300888146 0.9889514535134902 -0.10154780000448227
0.4232377723518136 0.3984924641052219 -0.0013648414751514792
0.30378095275439737 0.4737073566305051 -0.03225294500589371
0.251745487258452 0.5353401081283194 -0.04882847145199776
0.2046092250104439 0.6066359434093845 -0.056269947439432144
