1.0 0.0 4.94732034894696e-07
0.8819617492276506 0.1102658458536352 -0.032309021800756454
0.6429850936384761 0.29592047878040445 -0.044412970542907715
0.302562724445621 0.4311142179226531 -0.05229396000504494
0.0 0.527025892383704 -0.057906318455934525
0.9822514607728672 0.5382280605232441 -0.017999080941081047
0.8560364796376637 0.7690788319590341 -0.03632081672549248
0.6632166489577507 0.9057607667195969 -0.052865561097860336
0.45954235882760897 1.0 -0.06394437700510025
0.9034832477544195 0.545706608770677 -0.011738809756934643
0.7201954811513688 0.7627662867811589 -0.02819282002747059
0.486281241894555 0.893420109008479 -0.0460825078189373
0.2483740492548521 0.9900313853112644 -0.05788552016019821
0.8077496015190044 0.5159185983751287 -0.009515705518424511
0.6330724762606937 0.7147165241609783 -0.026140689849853516
0.42895929185727755 0.835029255861395 -0.039711229503154755
0.22361438367502912 0.9294595656415612 -0.04795263335108757
0.7203382949899447 0.4568548978912422 -0.010111171752214432
0.5933024077562378 0.6089908798446645 -0.023815561085939407
0.4702965447316036 0.699550514829728 -0.029732998460531235
0.33888569228977866 0.766668080291218 -0.03247543051838875
