1.0 0.28248058698877127 -4.0326850125893543e-07
0.856389336989302 0.129086408885014 -0.058383069932460785
0.5687260167627144 0.0 -0.07899061590433121
0.3147671274285316 0.013392531362784604 -0.09079582989215851
0.10187226540961106 0.10628808809910302 -0.09932950884103775
0.25882460157503423 0.017986541098819978 -0.03484033793210983
0.08732554317271013 0.294766249351211 -0.07263638079166412
0.032173014350473136 0.5817697309771599 -0.10661014169454575
0.01346260668812446 0.838499854884158 -0.1264551281929016
0.23758275400047618 0.16217948989248604 -0.016185453161597252
0.09591386511634979 0.4545155138004973 -0.04899599030613899
0.03562783536833344 0.7262240550124346 -0.08068471401929855
0.0 0.9733143316867207 -0.1007513478398323
0.24791037569915655 0.2915635690109512 -0.004708202090114355
0.10513451125656473 0.5446694520187262 -0.036946408450603485
0.038754656068602886 0.7802362611592671 -0.058268990367650986
0.0006959035985227127 1.0 -0.06815513968467712
0.28151632485339234 0.39862533039023273 0.0018723404500633478
0.1438700832992219 0.5908371946459372 -0.02187679521739483
0.06992285052890816 0.7555073161341243 -0.03391582518815994
0.01884307736143645 0.9121498318823673 -0.038385674357414246
