0.4107776880264282 0.6079025268554688 -6.945862764951016e-07
0.34732329845428467 0.5862852931022644 -0.03189226984977722
0.2675873041152954 0.5697253942489624 -0.04137410596013069
0.20111896097660065 0.5762134194374084 -0.046524737030267715
0.15493130683898926 0.5957785844802856 -0.051522497087717056
0.1933814436197281 0.522213876247406 -0.00967391300946474
0.14560455083847046 0.6029613614082336 -0.033629003912210464
0.15035754442214966 0.6647114157676697 -0.06032600626349449
0.16280223429203033 0.7013975977897644 -0.07627217471599579
0.19899220764636993 0.5454637408256531 0.0012746714055538177
0.15197771787643433 0.6274382472038269 -0.024034256115555763
0.15194784104824066 0.692484974861145 -0.056006040424108505
0.16121836006641388 0.7446645498275757 -0.07646079361438751
0.2161937952041626 0.5716059803962708 0.00905806664377451
0.16137413680553436 0.6371564269065857 -0.016513118520379066
0.14909379184246063 0.695411205291748 -0.04132387787103653
0.14676576852798462 0.7427257895469666 -0.054519541561603546
0.2400718629360199 0.5973888039588928 0.015518521890044212
0.18794961273670197 0.6235436201095581 -0.004478073678910732
0.15808647871017456 0.6344028115272522 -0.0191926471889019
0.13038022816181183 0.6440715193748474 -0.026704035699367523
