1.0 0.2255560259791829 -7.729123012722994e-07
0.7511187965078933 0.32015325978023806 0.009624496102333069
0.42235171859366927 0.3283210159754451 0.00144285149872303
0.18087641161112253 0.3508138155650507 -0.009683783166110516
0.0034874909767581806 0.41877890960566966 -0.02526579238474369
0.35472196020926655 0.0 -0.06338421255350113
0.036661073574520114 0.3264062657934485 -0.10122593492269516
0.0 0.657386470070858 -0.1180352047085762
0.04026534848625369 0.9210479315700216 -0.12545742094516754
0.40769143483328213 0.0007379571586019619 -0.08526207506656647
0.06053756510731087 0.3548699003091045 -0.12747056782245636
0.013127134004703838 0.7171187490348665 -0.1477326601743698
0.029794327783977288 1.0 -0.16246788203716278
0.49343670011552315 0.06469557366541115 -0.10376335680484772
0.1176742922765324 0.297810270105282 -0.14351530373096466
0.020661888177191893 0.6245746090141947 -0.16596359014511108
0.00830768645575609 0.8893542856167151 -0.1802854835987091
0.5943312885638076 0.18914349234829037 -0.11812681704759598
0.3019434214423425 0.21874727752884932 -0.15609313547611237
0.13127112635273835 0.28807287492081074 -0.1809934377670288
0.0066744209205010195 0.36371666184125856 -0.19876347482204437
