1.0 0.3411100303993792 -9.447848015042837e-07
0.7842880577106834 0.23202570715673673 -0.004275216255337
0.5228237012976424 0.19847416660597747 -0.0085992943495512
0.31106995752484007 0.22046219167964026 -0.0154462531208992
0.1579091058599135 0.2944238463865013 -0.025249408558011055
0.24965656944015438 0.0 -0.0062611592002213
0.12012862281620047 0.3566288307500746 -0.03347020968794823
0.09709447916098864 0.6338724747899694 -0.059723783284425735
0.10621445553106529 0.8291007166428244 -0.07630636543035507
0.271507912436971 0.0707645814758405 -0.01582217589020729
0.12713392603815357 0.49004954152171143 -0.044308409094810486
0.0928771528178637 0.778930428566299 -0.07434846460819244
0.08445973804888207 1.0 -0.09676084667444229
0.3457699781637518 0.17491546379173584 -0.02638612501323223
0.1559544192196255 0.4940767529451333 -0.06041369214653969
0.08226390692270098 0.7691247799570985 -0.08570318669080734
0.03537472203858405 0.993069162161502 -0.10078135877847672
0.44746549038846345 0.29556071360592556 -0.03546405956149101
0.25422256760175377 0.35890549177780484 -0.06571779400110245
0.1272558959500678 0.3909096547379279 -0.08305169641971588
0.0 0.4305379194181761 -0.09358536452054977
