1.0 0.41176696085558395 -5.893393222322629e-07
0.9266646317514311 0.19276773583794307 -0.09097009152173996
0.6732114961158888 0.05700777555942323 -0.13103289902210236
0.3830170328625481 0.06935709845398719 -0.1545906811952591
0.1477509521448362 0.16521575080306025 -0.17821133136749268
0.3176336068472676 0.0 -0.11287122219800949
0.0547293340584385 0.18289303703601606 -0.16602136194705963
0.03840047220696776 0.4510893740841032 -0.2014147937297821
0.09036589819736723 0.7052338391088381 -0.21931390464305878
0.248945887249701 0.19532333627267404 -0.08004507422447205
0.034189463937569865 0.4710808392637915 -0.13592006266117096
0.030328234493323877 0.7351845329156447 -0.17694194614887238
0.0677088054070097 0.9637297057080676 -0.20092885196208954
0.2393220266689415 0.37234321951814126 -0.05261097848415375
0.03355488584036668 0.5932648788913736 -0.10563019663095474
0.0 0.8084651074341774 -0.14016012847423553
0.017702540711633852 1.0 -0.15643081068992615
0.27689553687106455 0.5179254378025777 -0.029924679547548294
0.09658538557644972 0.6044710570416951 -0.07202624529600143
0.049530303353433676 0.7057433870487171 -0.0950980857014656
0.022768835406458767 0.8146757344376554 -0.10634873807430267
