0.7969790697097778 0.5000430345535278 -7.712575325058424e-07
0.7461976408958435 0.46398431062698364 -0.04410088434815407
0.6693031787872314 0.4419149160385132 -0.058997396379709244
0.595411479473114 0.44664666056632996 -0.06781570613384247
0.5386099219322205 0.4595128893852234 -0.07584962248802185
0.5874624848365784 0.3899555802345276 -0.026374801993370056
0.5424066185951233 0.44529861211776733 -0.05890035629272461
0.538936972618103 0.5064529776573181 -0.08724692463874817
0.5438789129257202 0.5538504123687744 -0.10262247174978256
0.5803778767585754 0.4237664043903351 -0.011660688556730747
0.5336209535598755 0.5006356239318848 -0.04679231718182564
0.5248855352401733 0.5723475217819214 -0.08200492709875107
0.5227237343788147 0.632258415222168 -0.1035931184887886
0.5882845520973206 0.4592228829860687 -0.001411735313013196
0.5370237231254578 0.5206667184829712 -0.04019761458039284
0.5191245079040527 0.5859311819076538 -0.07126021385192871
0.5081234574317932 0.6408036947250366 -0.08607044816017151
0.6063694953918457 0.4935157001018524 0.007348404731601477
0.5504193902015686 0.5154802203178406 -0.020619822666049004
0.5201054215431213 0.5361822247505188 -0.038302693516016006
0.4913085699081421 0.5583615303039551 -0.04688762500882149
