1.0 0.3200166173040006 1.0888565071809353e-07
0.8288720711366351 0.1103225347994584 -0.07774189859628677
0.6357434831655119 0.021207299239172177 -0.1027541235089302
0.4595877879189928 0.0 -0.11389447748661041
0.3028732344564871 0.05542373311083886 -0.12238357216119766
0.40222611775916184 0.22471042417157133 -0.046733081340789795
0.21390089775390606 0.5262872769928262 -0.0665404424071312
0.11001771685927142 0.7244388577883029 -0.09190704673528671
0.012799055456920845 0.8840588323273553 -0.11254114657640457
0.417339861918527 0.2942535157670163 -0.015535720624029636
0.22976608618181119 0.6071309029053067 -0.04248594120144844
0.10700966976244346 0.8100066920469778 -0.08033546805381775
0.0 1.0 -0.1097797304391861
0.47664226792890607 0.33270731563782746 0.009333794005215168
0.29395197860516986 0.5320375061669411 -0.024178067222237587
0.15841393249112823 0.696359242665905 -0.06424978375434875
0.045092932057420355 0.8502855110553686 -0.09202171862125397
0.5443830158506335 0.3431738445868039 0.02943165972828865
0.41383868577972344 0.3218787369453329 0.0026330098044127226
0.324231744210641 0.31427592493649303 -0.022967925295233727
0.23597713526344014 0.3157354052549665 -0.0429951548576355
