0.7305338978767395 0.5150797367095947 7.37201560241374e-07
0.7185976505279541 0.5220310091972351 -0.20681124925613403
0.6498705744743347 0.5228497982025146 -0.29638412594795227
0.5508468151092529 0.5314342975616455 -0.34334108233451843
0.4439179599285126 0.543550431728363 -0.3837125897407532
0.47613680362701416 0.547508716583252 -0.23627890646457672
0.3561631441116333 0.6480746269226074 -0.3024924397468567
0.2699505686759949 0.7170915603637695 -0.3443751335144043
0.20139914751052856 0.7670633792877197 -0.36802297830581665
0.44412392377853394 0.525789737701416 -0.13664960861206055
0.32559484243392944 0.6407092809677124 -0.19569391012191772
0.2491929978132248 0.7232776284217834 -0.22037573158740997
0.1865364909172058 0.7881590127944946 -0.2310686558485031
0.43894991278648376 0.5025288462638855 -0.047563571482896805
0.3868706226348877 0.5669220685958862 -0.10640422999858856
0.42718222737312317 0.5885620713233948 -0.11660526692867279
0.4612506926059723 0.5949416160583496 -0.10919668525457382
0.4362693727016449 0.492481529712677 0.026472454890608788
0.40230754017829895 0.5441536903381348 -0.01995285414159298
0.430732399225235 0.5723753571510315 -0.031210260465741158
0.45971715450286865 0.5781328082084656 -0.02815105952322483
