0.5104615688323975 0.6358109712600708 -1.913075038828538e-06
0.33642035722732544 0.5597190856933594 -0.021157484501600266
0.22003546357154846 0.41904449462890625 -0.038011763244867325
0.18227747082710266 0.29494720697402954 -0.073824442923069
0.1903352588415146 0.18585173785686493 -0.10209361463785172
0.2672845423221588 0.2870781123638153 0.04885092005133629
0.1785006821155548 0.16612309217453003 -0.05283557251095772
0.14442703127861023 0.23704741895198822 -0.10631024092435837
0.16898156702518463 0.30720362067222595 -0.11977041512727737
0.3656759560108185 0.2769325077533722 0.01778087206184864
0.2911206781864166 0.15057778358459473 -0.08355402201414108
0.2644423842430115 0.289787620306015 -0.10176859050989151
0.2985910177230835 0.36673104763031006 -0.07895421236753464
0.477735310792923 0.28218305110931396 -0.03129590302705765
0.39405983686447144 0.19260606169700623 -0.134375661611557
0.3673265278339386 0.3374648094177246 -0.10763335227966309
0.4058046042919159 0.41742417216300964 -0.051713887602090836
0.5965487957000732 0.3019169270992279 -0.08368833363056183
0.5038747787475586 0.21404702961444855 -0.13193130493164062
0.45810043811798096 0.3032175898551941 -0.09556472301483154
0.4782772660255432 0.36855220794677734 -0.047385137528181076
