0.5792359709739685 0.6847882270812988 -3.1981828669813694e-06
0.36180511116981506 0.5791794061660767 -0.06847871094942093
0.27265942096710205 0.39529281854629517 -0.1064779981970787
0.33168596029281616 0.2545216977596283 -0.15301546454429626
0.44604653120040894 0.15212368965148926 -0.18506310880184174
0.4924708604812622 0.25641557574272156 0.008835399523377419
0.3735828399658203 0.14514417946338654 -0.1549288034439087
0.2974829077720642 0.21087685227394104 -0.2498970776796341
0.283860981464386 0.29719606041908264 -0.2847651541233063
0.6643314957618713 0.27372562885284424 -0.021142572164535522
0.5420933961868286 0.19056397676467896 -0.20504170656204224
0.45298707485198975 0.3313685357570648 -0.24895700812339783
0.43808019161224365 0.4395827651023865 -0.22507964074611664
0.8170456886291504 0.3207519054412842 -0.07821830362081528
0.6624655723571777 0.2815104126930237 -0.25484499335289
0.5754287242889404 0.4224829077720642 -0.22582650184631348
0.5669765472412109 0.5096765756607056 -0.1519763171672821
0.9392733573913574 0.3843652904033661 -0.14233537018299103
0.7656105756759644 0.38023632764816284 -0.2485400289297104
0.6937090158462524 0.4754446744918823 -0.22069057822227478
0.7069060802459717 0.521840512752533 -0.16539911925792694
