0.4980451464653015 0.6716119050979614 -1.0621217825246276e-06
0.3039371371269226 0.5734015107154846 -0.037017177790403366
0.22595816850662231 0.4028252363204956 -0.05558466166257858
0.26168808341026306 0.2748262286186218 -0.09258167445659637
0.30951493978500366 0.16513419151306152 -0.13084101676940918
0.34843650460243225 0.31794583797454834 0.06414424628019333
0.27519774436950684 0.22460758686065674 -0.057541653513908386
0.23163437843322754 0.18342509865760803 -0.1440684199333191
0.2148345410823822 0.18013164401054382 -0.1842130571603775
0.5113139152526855 0.3258582055568695 0.019977061077952385
0.45567023754119873 0.21808993816375732 -0.1495000571012497
0.3666280508041382 0.3103178143501282 -0.21184740960597992
0.30878400802612305 0.4060684144496918 -0.19688774645328522
0.6770555973052979 0.3577532172203064 -0.044679462909698486
0.5667271614074707 0.2915123403072357 -0.22850552201271057
0.46818292140960693 0.4127607047557831 -0.2204493135213852
0.4192107319831848 0.5080592632293701 -0.1480417102575302
0.8403367400169373 0.4083470404148102 -0.10995027422904968
0.7140845060348511 0.34373605251312256 -0.22680598497390747
0.6218710541725159 0.43249329924583435 -0.19409622251987457
0.5814208388328552 0.5083564519882202 -0.1286286562681198
