0.4754974842071533 0.6337604522705078 -2.549838427512441e-06
0.3489621579647064 0.5867223739624023 -0.027222152799367905
0.25272491574287415 0.4618853032588959 -0.04974004253745079
0.22967225313186646 0.35059577226638794 -0.07753060013055801
0.24453893303871155 0.2678591012954712 -0.09820973873138428
0.4032425582408905 0.25652679800987244 -0.03264329954981804
0.23331984877586365 0.19761759042739868 -0.13069352507591248
0.14115065336227417 0.25651004910469055 -0.18415509164333344
0.10511466860771179 0.317518949508667 -0.20962056517601013
0.5019389986991882 0.2652888894081116 -0.0604439377784729
0.23692794144153595 0.3122580945491791 -0.15469633042812347
0.21689048409461975 0.4338654577732086 -0.16133539378643036
0.2641640305519104 0.4844256043434143 -0.14919358491897583
0.5722464323043823 0.3132307827472687 -0.10104486346244812
0.30258694291114807 0.3728857636451721 -0.19283539056777954
0.30703574419021606 0.47999244928359985 -0.15454530715942383
0.3702710270881653 0.5168878436088562 -0.11143063753843307
0.6144680380821228 0.38638678193092346 -0.1465265154838562
0.39206477999687195 0.4294908046722412 -0.21680507063865662
0.38007989525794983 0.5049910545349121 -0.19756406545639038
0.4346529543399811 0.5338602066040039 -0.1660097986459732
