0.501874566078186 0.6860884428024292 -1.6830520053190412e-06
0.3160460591316223 0.6049838066101074 -0.034558918327093124
0.21250289678573608 0.44146230816841125 -0.05500771105289459
0.22093859314918518 0.31091493368148804 -0.0950334370136261
0.25902771949768066 0.21152587234973907 -0.12631602585315704
0.3346536159515381 0.31768321990966797 0.050771553069353104
0.25317609310150146 0.18288591504096985 -0.0889013260602951
0.1709553599357605 0.21382267773151398 -0.1500300168991089
0.1625150442123413 0.2715804874897003 -0.15874849259853363
0.46814218163490295 0.32254523038864136 0.00393376499414444
0.421686589717865 0.17178338766098022 -0.14750131964683533
0.3146626055240631 0.29537707567214966 -0.16335541009902954
0.3210674524307251 0.36347517371177673 -0.11180490255355835
0.6114765405654907 0.35808196663856506 -0.06769391894340515
0.5105178952217102 0.2840871214866638 -0.21862663328647614
0.41188284754753113 0.413295716047287 -0.17706851661205292
0.43594324588775635 0.4541400074958801 -0.09309596568346024
0.7519302368164062 0.4133964478969574 -0.1437380164861679
0.6209281086921692 0.36868077516555786 -0.22022591531276703
0.5480474233627319 0.45879992842674255 -0.16809502243995667
0.5866701006889343 0.4887505769729614 -0.0982384905219078
