0.43994778394699097 0.5033541917800903 -1.6201832977458253e-06
0.35225483775138855 0.4920918345451355 -0.02252081222832203
0.24430914223194122 0.4033823013305664 -0.03997683525085449
0.19659727811813354 0.3141378164291382 -0.06517594307661057
0.2002217024564743 0.2500383257865906 -0.08341092616319656
0.24768441915512085 0.2553698718547821 -0.0002187223290093243
0.18148775398731232 0.17175143957138062 -0.0686991810798645
0.1579381227493286 0.2531810998916626 -0.09449120610952377
0.1728346347808838 0.3074098229408264 -0.09983879327774048
0.3310217261314392 0.24404902756214142 -0.015260343439877033
0.2632599174976349 0.1698625385761261 -0.08622126281261444
0.258267343044281 0.29221364855766296 -0.08731509000062943
0.2960543632507324 0.3374585211277008 -0.06769564747810364
0.4278503656387329 0.24775055050849915 -0.04218024015426636
0.3569733500480652 0.1840127408504486 -0.12253814935684204
0.3468326926231384 0.30680936574935913 -0.09658556431531906
0.38403522968292236 0.34739983081817627 -0.05693391337990761
0.5367822647094727 0.2644697427749634 -0.06990578770637512
0.46803906559944153 0.19163449108600616 -0.11524117738008499
0.4389004409313202 0.28715309500694275 -0.08734910935163498
0.45981356501579285 0.3386240303516388 -0.05284321680665016
