0.4192601442337036 0.5615425705909729 -1.5209884622890968e-06
0.301687628030777 0.5364482998847961 -0.05792919173836708
0.2006761133670807 0.44411981105804443 -0.0929059088230133
0.15383754670619965 0.3371455669403076 -0.12408418953418732
0.15543445944786072 0.24511560797691345 -0.14617648720741272
0.16972213983535767 0.20384429395198822 -0.057806361466646194
0.14645302295684814 0.1597576141357422 -0.1297582983970642
0.17620378732681274 0.24913981556892395 -0.1709163635969162
0.19101561605930328 0.3307112455368042 -0.18732596933841705
0.25855645537376404 0.12981855869293213 -0.05667928233742714
0.2654165029525757 0.2062833607196808 -0.1321905553340912
0.27944880723953247 0.3607671856880188 -0.1539931744337082
0.27475738525390625 0.4615490734577179 -0.1497393697500229
0.35460931062698364 0.1186710000038147 -0.06451299786567688
0.3583438992500305 0.25340309739112854 -0.14248289167881012
0.3590642213821411 0.40576809644699097 -0.1367272287607193
0.3507717549800873 0.5035809874534607 -0.1111249029636383
0.4431496262550354 0.14811453223228455 -0.07695285230875015
0.43290138244628906 0.2570824921131134 -0.13210256397724152
0.42311185598373413 0.3806493282318115 -0.12144246697425842
0.4104660451412201 0.4582926630973816 -0.09494989365339279
