0.4162806570529938 0.5463630557060242 -1.4781857089474215e-06
0.32244524359703064 0.5114548802375793 -0.026906738057732582
0.2413068413734436 0.4071561098098755 -0.04718165099620819
0.19753988087177277 0.30679410696029663 -0.06664329022169113
0.1559649407863617 0.24220627546310425 -0.08540834486484528
0.3322123885154724 0.23796403408050537 -0.05312499403953552
0.19056227803230286 0.20734372735023499 -0.11223188787698746
0.11761939525604248 0.2541920840740204 -0.14707930386066437
0.09318310022354126 0.30196690559387207 -0.16628171503543854
0.4033884108066559 0.23875659704208374 -0.06491326540708542
0.22881990671157837 0.2899259030818939 -0.12043501436710358
0.2300277203321457 0.38346460461616516 -0.12818396091461182
0.26765185594558716 0.4258362054824829 -0.12760145962238312
0.45948219299316406 0.27151572704315186 -0.08201856911182404
0.2858656048774719 0.34506529569625854 -0.13553336262702942
0.2982645332813263 0.43335652351379395 -0.11674772948026657
0.3409971296787262 0.47229790687561035 -0.09660016000270844
0.5034923553466797 0.32690998911857605 -0.10192340612411499
0.35111474990844727 0.3810443878173828 -0.14950081706047058
0.3492477834224701 0.4444819688796997 -0.14163264632225037
0.3855949640274048 0.4724734425544739 -0.12646116316318512
