0.5179055333137512 0.6079825162887573 -7.731566142865631e-07
0.36997583508491516 0.5669413208961487 -0.03156902641057968
0.24152201414108276 0.44269704818725586 -0.04899458959698677
0.19859646260738373 0.30751556158065796 -0.07211526483297348
0.20410661399364471 0.192490816116333 -0.09243083000183105
0.23928673565387726 0.3166334331035614 0.01178819965571165
0.16111227869987488 0.22365537285804749 -0.06933899223804474
0.17472924292087555 0.2288147211074829 -0.1266428679227829
0.21177826821804047 0.2819783687591553 -0.15045204758644104
0.34055060148239136 0.28742969036102295 -0.0032151893246918917
0.2951284348964691 0.20605194568634033 -0.09546953439712524
0.32602256536483765 0.32184043526649475 -0.12559284269809723
0.35337984561920166 0.43251657485961914 -0.117934949696064
0.4526039659976959 0.28365591168403625 -0.03026309609413147
0.414590448141098 0.23494550585746765 -0.1258510947227478
0.4279860258102417 0.3700049817562103 -0.11467944830656052
0.43686482310295105 0.4810321033000946 -0.07586938887834549
0.564130425453186 0.29873669147491455 -0.059296995401382446
0.5151296854019165 0.25655820965766907 -0.12502557039260864
0.5053601861000061 0.36341923475265503 -0.1053926944732666
0.5030533671379089 0.4555204510688782 -0.06892219930887222
