0.43390074372291565 0.6962717771530151 -3.1603492516296683e-06
0.27976346015930176 0.5957409143447876 -0.02415299415588379
0.20736509561538696 0.4314116835594177 -0.041683945804834366
0.2281372845172882 0.307684987783432 -0.07734733819961548
0.28331077098846436 0.20737841725349426 -0.10720668733119965
0.38522231578826904 0.3009262979030609 0.035227928310632706
0.2990514636039734 0.19626550376415253 -0.09064511209726334
0.21783962845802307 0.25545111298561096 -0.1658557504415512
0.17323043942451477 0.33149537444114685 -0.19111597537994385
0.5235406160354614 0.32037869095802307 0.0002535373787395656
0.3935380280017853 0.2589605748653412 -0.13677409291267395
0.28621357679367065 0.37491440773010254 -0.18221162259578705
0.23390763998031616 0.47083035111427307 -0.17518559098243713
0.6532387733459473 0.36032527685165405 -0.05361926555633545
0.4818716049194336 0.33266681432724 -0.193197563290596
0.3738662004470825 0.4536847770214081 -0.18874680995941162
0.3310210108757019 0.5417247414588928 -0.14228208363056183
0.7757223844528198 0.4180133044719696 -0.10812746733427048
0.6091803908348083 0.3797764182090759 -0.19234934449195862
0.5115246772766113 0.4672359228134155 -0.17091868817806244
0.4823943078517914 0.5366417169570923 -0.126363143324852
