0.49167677760124207 0.6927371025085449 -2.0593336103047477e-06
0.26516008377075195 0.5927187204360962 -0.04603922367095947
0.18943944573402405 0.42271822690963745 -0.06383611261844635
0.23391205072402954 0.2881390452384949 -0.1036604642868042
0.30892038345336914 0.18846653401851654 -0.13556954264640808
0.3204772174358368 0.32130682468414307 0.08131429553031921
0.30218440294265747 0.19865675270557404 -0.05526025593280792
0.24388624727725983 0.21323996782302856 -0.12694039940834045
0.2377759963274002 0.26558563113212585 -0.14227977395057678
0.4809451997280121 0.3391113877296448 0.042585961520671844
0.48599812388420105 0.21184518933296204 -0.10676359385251999
0.38107219338417053 0.33444783091545105 -0.12847104668617249
0.3721928000450134 0.41349491477012634 -0.08268619328737259
0.6430056095123291 0.3780706226825714 -0.024717753753066063
0.630820631980896 0.2758331298828125 -0.17878548800945282
0.5178524255752563 0.40155211091041565 -0.1283653825521469
0.5111830830574036 0.4731558561325073 -0.03395001217722893
0.8066689372062683 0.43486547470092773 -0.09804211556911469
0.7782286405563354 0.33723363280296326 -0.17118555307388306
0.6818474531173706 0.4189068675041199 -0.1058102548122406
0.6690950393676758 0.47476595640182495 -0.024245526641607285
