0.47136223316192627 0.6512149572372437 -1.8457910755387275e-06
0.2955785393714905 0.5768593549728394 -0.006164564285427332
0.19185537099838257 0.4406132698059082 -0.00626528263092041
0.17073118686676025 0.32173600792884827 -0.029070699587464333
0.18453136086463928 0.22145268321037292 -0.04373059421777725
0.26398003101348877 0.3283156752586365 0.07296721637248993
0.21044306457042694 0.20379818975925446 -0.004104168154299259
0.17023587226867676 0.2691980302333832 -0.045734163373708725
0.17616361379623413 0.34619802236557007 -0.052129004150629044
0.35738155245780945 0.3182491362094879 0.04320073127746582
0.30438026785850525 0.1828824281692505 -0.04272645339369774
0.27124783396720886 0.30198588967323303 -0.06734710931777954
0.29226621985435486 0.39765670895576477 -0.049315087497234344
0.4687134027481079 0.3216901123523712 -0.0005457180668599904
0.40641075372695923 0.21579916775226593 -0.08563942462205887
0.37882164120674133 0.34240105748176575 -0.07192514836788177
0.4049466848373413 0.4410911798477173 -0.026068687438964844
0.5923172831535339 0.3355342447757721 -0.04632524773478508
0.5488568544387817 0.21621069312095642 -0.08065435290336609
0.480417400598526 0.256514310836792 -0.052541546523571014
0.44792672991752625 0.3159451186656952 -0.012837652117013931
