0.4179839491844177 0.6265605688095093 -1.7034386701197946e-06
0.2856636941432953 0.5543780326843262 -0.005018595606088638
0.19516880810260773 0.41757577657699585 -0.009908548556268215
0.17739152908325195 0.299733966588974 -0.032921645790338516
0.18674124777317047 0.20194955170154572 -0.05616994947195053
0.2622512876987457 0.2908226251602173 0.06047121435403824
0.2178596705198288 0.17954684793949127 -0.016598178073763847
0.15269018709659576 0.19550415873527527 -0.07262641191482544
0.1023101806640625 0.24865272641181946 -0.0946870744228363
0.3465997576713562 0.28497129678726196 0.030809858813881874
0.2736303210258484 0.17314960062503815 -0.060204461216926575
0.21249154210090637 0.25319018959999084 -0.10520735383033752
0.18010246753692627 0.3548300266265869 -0.10629984736442566
0.44420355558395386 0.2895994186401367 -0.010480090975761414
0.33935973048210144 0.2203996330499649 -0.1085520014166832
0.2913554310798645 0.34782207012176514 -0.1152007207274437
0.2787366509437561 0.4634327292442322 -0.08382750302553177
0.5546023845672607 0.3071765899658203 -0.05156327039003372
0.43337583541870117 0.2501608729362488 -0.11610054969787598
0.38735103607177734 0.34209251403808594 -0.10337717086076736
0.38001522421836853 0.4348352551460266 -0.07046791911125183
