0.595466136932373 0.6875617504119873 -2.536722831791849e-06
0.42253848910331726 0.6275438070297241 -0.08243795484304428
0.3141143023967743 0.45978468656539917 -0.10128172487020493
0.3048209846019745 0.3190571069717407 -0.11471431702375412
0.34724217653274536 0.22146596014499664 -0.10685138404369354
0.41268131136894226 0.28291118144989014 0.003394600935280323
0.3755410611629486 0.191959947347641 -0.14213576912879944
0.3681788444519043 0.2686273157596588 -0.21458671987056732
0.36302831768989563 0.3606627583503723 -0.23367337882518768
0.6057870984077454 0.2858676314353943 -0.007258327677845955
0.5619274377822876 0.2256261706352234 -0.15474781394004822
0.5226424336433411 0.39840981364250183 -0.16253964602947235
0.515329897403717 0.4858866333961487 -0.11581788212060928
0.772064745426178 0.3295629620552063 -0.04699040204286575
0.7246831059455872 0.3275342881679535 -0.19653229415416718
0.6511520147323608 0.48285433650016785 -0.13940823078155518
0.6362054944038391 0.5443589091300964 -0.052090439945459366
0.9333814382553101 0.4003709554672241 -0.0958356186747551
0.8576185703277588 0.42396080493927 -0.1841484010219574
0.7857238054275513 0.5288158655166626 -0.14058679342269897
0.7752649784088135 0.5568974614143372 -0.07755837589502335
