0.5032046437263489 0.9429123401641846 -5.552411721509998e-07
0.6066295504570007 0.9051413536071777 -0.046529557555913925
0.7044500708580017 0.8375859260559082 -0.06847671419382095
0.7406520843505859 0.7553966641426086 -0.08919087797403336
0.7475622296333313 0.6765065789222717 -0.10755684226751328
0.6149864196777344 0.7035955190658569 -0.026971081271767616
0.5894542932510376 0.6054812669754028 -0.07844625413417816
0.5683290362358093 0.6134515404701233 -0.11373934894800186
0.5535593032836914 0.6487589478492737 -0.1298595815896988
0.5443322062492371 0.7091758251190186 -0.02446558140218258
0.5333715677261353 0.6436419486999512 -0.09016800671815872
0.5320037007331848 0.7400575876235962 -0.11282888054847717
0.537792980670929 0.815762460231781 -0.11214882135391235
0.47988808155059814 0.7270563244819641 -0.029669051989912987
0.4694823622703552 0.6741125583648682 -0.09579061716794968
0.47740626335144043 0.7640716433525085 -0.08918808400630951
0.4875083863735199 0.8274815082550049 -0.06633614748716354
0.41463619470596313 0.7544465661048889 -0.038325235247612
0.4125405550003052 0.7070572376251221 -0.08448095619678497
0.4282577633857727 0.7727681398391724 -0.0746212974190712
0.4415445327758789 0.822649359703064 -0.05386704206466675
