0.27578493300932616 1.0 -5.300087195792003e-07
0.5825371072056263 0.8995492546180941 -0.0730847418308258
0.8498724178058942 0.6437002750345057 -0.10168030112981796
0.9393110481873994 0.38195270457333275 -0.12958742678165436
1.0 0.15849070520787234 -0.15446196496486664
0.6171785520465637 0.31751753572316294 -0.021625792607665062
0.6438366652700598 0.07007873140586889 -0.10126160085201263
0.6124660522835055 0.0 -0.14916080236434937
0.5742082255458435 0.029246261975923872 -0.1672596037387848
0.41054960881112257 0.3194682396781227 -0.018563976511359215
0.44718980684718984 0.1398148821757028 -0.12712059915065765
0.4431407971469927 0.40135910695629157 -0.15238869190216064
0.446784045718798 0.6035552403065998 -0.1357782632112503
0.21214866446342232 0.3660934591904164 -0.030397430062294006
0.25208114521698055 0.21254034075178793 -0.14508560299873352
0.27282811205697266 0.484544010572965 -0.12416335940361023
0.2854043177083087 0.6655882525305802 -0.07256399095058441
0.0 0.4500158634891189 -0.04740549996495247
0.0645476116508133 0.3158917806918098 -0.12447032332420349
0.11176043038926786 0.5034885530275014 -0.10278446227312088
0.12967381254738503 0.6392594074532129 -0.06167731434106827
