0.20002622252883595 1.0 -8.068165584518283e-07
0.5230989184438486 0.9042097359034127 -0.06109263747930527
0.8123208152855174 0.6901465487876935 -0.08558574318885803
0.940002361371192 0.42610826452884204 -0.11033820360898972
1.0 0.19458618150537305 -0.13312041759490967
0.6079148594124799 0.34809057140567873 -0.01632114313542843
0.6061362732871199 0.08268334894002581 -0.09230802208185196
0.5458221056701852 0.003157669845913538 -0.14626838266849518
0.46613299379151957 0.0 -0.17217084765434265
0.39980774250954637 0.3249167898370858 -0.017902174964547157
0.40460768572019273 0.11704658489162027 -0.11778340488672256
0.3745736529757336 0.3931192106778308 -0.14990711212158203
0.3624610168015087 0.6074832732475203 -0.14549292623996735
0.20473418534905213 0.3519428598268286 -0.03195370361208916
0.2087828340742616 0.1581837475041462 -0.13501085340976715
0.20544461210167467 0.44179494988219 -0.1186152845621109
0.20951218314700912 0.6376702834685459 -0.07749699056148529
0.0 0.41811657040550465 -0.05080007389187813
0.022304432922978377 0.25336301339623146 -0.1229386031627655
0.049148935062460174 0.4574033715304947 -0.10449347645044327
0.0683210522064013 0.6110041250272837 -0.07013367861509323
