0.19995819359288447 1.0 1.0301257447054013e-07
0.46898306556879005 0.9500260071631441 -0.04160531237721443
0.7413852016771155 0.6923140258779011 -0.056366611272096634
0.8855720320059834 0.456103363027682 -0.07933089137077332
1.0 0.25693071397060724 -0.10126141458749771
0.4868281721882395 0.24247206845536023 0.02070743963122368
0.5756585459023058 0.008322539834418378 -0.05184900015592575
0.7144426526818205 0.0 -0.09973309934139252
0.8365500059910743 0.09644825478377653 -0.11882463097572327
0.33983926367635975 0.20671218817869502 0.008298244327306747
0.5469258992137003 0.045766787868342464 -0.09887835383415222
0.5349210599026626 0.36309813225109855 -0.1282227486371994
0.4844127979194837 0.6170320484271826 -0.11182025820016861
0.18548516009012245 0.19990525740900805 -0.01815621182322502
0.39305498821559154 0.09329074621676565 -0.13713355362415314
0.3731819604604078 0.43039025850042983 -0.12838831543922424
0.31501186628735506 0.6702280570055225 -0.07978846877813339
0.0 0.22963489310690696 -0.04723766818642616
0.21657993299950642 0.1300557497993282 -0.13224798440933228
0.24047546279109355 0.37739507648062226 -0.12052681297063828
0.19844359434277753 0.5802848740828621 -0.0832102969288826
