0.30062276124954224 0.9045261740684509 -1.3602131332390854e-07
0.43356719613075256 0.8310515880584717 -0.05205920338630676
0.547321081161499 0.7435247898101807 -0.08763262629508972
0.610787570476532 0.6411927938461304 -0.1240653321146965
0.6472432613372803 0.5441173911094666 -0.15273556113243103
0.4461004137992859 0.5737088322639465 -0.0018064872128888965
0.464932382106781 0.4735563397407532 -0.06490917503833771
0.47448721528053284 0.46124976873397827 -0.09140267223119736
0.47928595542907715 0.5104268789291382 -0.0931520164012909
0.3569689691066742 0.566802978515625 -0.0016843299381434917
0.3982917070388794 0.48436716198921204 -0.0779985636472702
0.38985714316368103 0.6206459999084473 -0.08057978749275208
0.37246522307395935 0.6872445940971375 -0.05447574704885483
0.26970380544662476 0.5814988017082214 -0.014821712858974934
0.31255313754081726 0.5200994610786438 -0.09760810434818268
0.3095233738422394 0.6442569494247437 -0.06614906340837479
0.28490516543388367 0.6889230012893677 -0.017954682931303978
0.172771617770195 0.6162182688713074 -0.03136390820145607
0.2210322767496109 0.5639001727104187 -0.0769885778427124
0.2370721995830536 0.6578439474105835 -0.0425155945122242
0.21843354403972626 0.692359447479248 -0.0004550529411062598
