0.1604978390789157 1.0 1.740539516958961e-07
0.4199064843765562 0.9736725886923993 -0.04515368118882179
0.7278511967994695 0.8000458152021575 -0.06077076867222786
0.8893288707386773 0.583223651418702 -0.07393664121627808
1.0 0.37083279170785727 -0.0872221514582634
0.5641349821293727 0.38212045502071484 -0.016058435663580894
0.6403434821638613 0.1583819513596473 -0.054725125432014465
0.6970079642860729 0.04694506997761068 -0.07992634922266006
0.7339889929908554 0.0 -0.09244736284017563
0.3969549392846448 0.30931261925029735 -0.01254637073725462
0.5090329349297135 0.08459374241298448 -0.07028339803218842
0.46508934984368244 0.34377536746257253 -0.0871526449918747
0.40964916742845864 0.5401383138105658 -0.08077408373355865
0.21095274947226048 0.2953154376668542 -0.016346769407391548
0.3178138488265605 0.07953026070052527 -0.08459495007991791
0.2787518234032042 0.36250462210454837 -0.07751123607158661
0.2243690131834871 0.5397017586664385 -0.05119321495294571
0.0 0.3148339643846327 -0.02217971161007881
0.11000523006611417 0.1720063583323603 -0.07281598448753357
0.11615636070368342 0.3882034151685837 -0.06407341361045837
0.07771512783042141 0.532595953086676 -0.04306250810623169
