0.18918756695432273 1.0 3.909408974323014e-07
0.44962354905027063 0.9878564274944793 -0.06179429218173027
0.7307594549939742 0.854048219003049 -0.09685763716697693
0.9229269138531133 0.7185573269513134 -0.1284632682800293
1.0 0.579139725116871 -0.15794871747493744
0.7037816847142299 0.351470147738075 -0.04001348093152046
0.8226816112461278 0.1392019559067714 -0.09820503741502762
0.8753434940467619 0.035898100756302356 -0.13641119003295898
0.901712968532055 0.0 -0.15502919256687164
0.4911470648945729 0.2622239243651038 -0.03431456908583641
0.6154880606306565 0.0687834325131319 -0.10406000167131424
0.551011670502273 0.3731645224267283 -0.12086008489131927
0.4793773481613255 0.5763975442535738 -0.11250482499599457
0.2556694065501469 0.23210869271781806 -0.03884332254528999
0.37804290955420433 0.061691047682487454 -0.11701307445764542
0.33143549656261007 0.3854765066937177 -0.10822533071041107
0.2674533673511312 0.5740388833090231 -0.07858362793922424
0.0 0.25913174460423594 -0.04684365168213844
0.1251143745121098 0.1328596711462343 -0.10003583878278732
0.13389884752318304 0.37790021813759717 -0.08485082536935806
0.09461329702660438 0.5468492122291139 -0.057565510272979736
