0.18638415271875663 1.0 -4.895009624306113e-07
0.5007329819282341 0.9220178627611023 -0.05099700763821602
0.7921712179070665 0.7239036744567685 -0.07176945358514786
0.9317805606034809 0.4570742998687673 -0.08897065371274948
1.0 0.20975421327828986 -0.10400575399398804
0.6007984794838028 0.33461753294668994 -0.02972174994647503
0.5856331024993311 0.03338122814460696 -0.07613809406757355
0.5184545009155759 0.0 -0.10630720853805542
0.46090265013186377 0.06573792891193549 -0.12036300450563431
0.3944096012119654 0.30848258939750234 -0.022764677181839943
0.3561138580318766 0.09429704559039148 -0.0791085809469223
0.3252275041087989 0.3721851682971721 -0.09431896358728409
0.34822895999610837 0.5776139691263481 -0.09083157032728195
0.20664565648703773 0.3287503369898238 -0.02421342022716999
0.16558702835679315 0.13795271903065967 -0.08442921191453934
0.1572311386150655 0.4308046582810612 -0.07385421544313431
0.18695799469765148 0.6178763483753321 -0.050700824707746506
0.019526437037217206 0.3920899360008113 -0.02981778420507908
0.0 0.22989059112664925 -0.07545744627714157
0.009168789111769755 0.4524583468830815 -0.06600674986839294
0.04071029232410345 0.6073003987492661 -0.046717628836631775
