0.26004016399383545 0.40217044949531555 -3.749031662891866e-08
0.369192898273468 0.38458967208862305 -0.0551670640707016
0.4830535650253296 0.35942310094833374 -0.07298131287097931
0.5532081723213196 0.2841423749923706 -0.08314147591590881
0.5776683688163757 0.2113487720489502 -0.08511388301849365
0.44408077001571655 0.21445278823375702 -0.0002879227395169437
0.4500598609447479 0.1302599310874939 -0.02657379023730755
0.4370367228984833 0.09406042098999023 -0.043814852833747864
0.42614343762397766 0.06085275113582611 -0.052802734076976776
0.3750438094139099 0.20291128754615784 0.014411556534469128
0.3765396177768707 0.1321735829114914 -0.01215218473225832
0.36704888939857483 0.2201516032218933 -0.011507800780236721
0.3840196132659912 0.24820053577423096 -0.002796763554215431
0.31377434730529785 0.19884037971496582 0.018690982833504677
0.30714982748031616 0.1328006386756897 -0.019300896674394608
0.3047941327095032 0.21929414570331573 0.003177816281095147
0.3162536025047302 0.25149422883987427 0.028163621202111244
0.2495984137058258 0.20454245805740356 0.017089853063225746
0.24199509620666504 0.14628857374191284 -0.00891698058694601
0.24663716554641724 0.21342438459396362 0.009540094994008541
0.2556958794593811 0.2511638402938843 0.030759640038013458
