0.002870178996217291 1.0 -1.3705380297324155e-07
0.3595897115922074 0.945709325999771 -0.050434257835149765
0.699689323922058 0.8496987784674901 -0.07339316606521606
0.9250193735082398 0.6429011912090041 -0.09504485875368118
1.0 0.41235875862173915 -0.11146221309900284
0.6271227115512106 0.4306037105652921 0.009474452584981918
0.6416053963844784 0.20995436813441218 -0.024414172396063805
0.58902344519472 0.0886000320308268 -0.04394690692424774
0.5323050125140364 0.0 -0.05200972780585289
0.4194037059146446 0.387173361189884 0.01723070815205574
0.410654579597371 0.18161154030233315 -0.02722013369202614
0.3647851115464109 0.45157513353755613 -0.03210236877202988
0.3976633799197462 0.5471061929543687 -0.01872294209897518
0.2196564864505433 0.3730680595684301 0.014021415263414383
0.19184702777886103 0.20176535136759197 -0.038799528032541275
0.16705713660048177 0.46571555586567764 -0.018774885684251785
0.18843049085220437 0.5539248990314479 0.012249005027115345
0.00750622202090439 0.38475341923508677 0.005773533135652542
0.0053423886360750225 0.2279316232781343 -0.02736067958176136
0.0 0.4300985662400653 -0.00857896264642477
0.014169308963209833 0.5378423990532534 0.0169516634196043
