0.02107008597372824 1.0 -1.4146964133487927e-07
0.39357760592621693 0.9114731554013649 -0.0496894046664238
0.6879113487999738 0.8382440987405085 -0.06499660015106201
0.886725781355015 0.6281363584312695 -0.07507003843784332
1.0 0.40794395694346075 -0.07543658465147018
0.552032218282235 0.3769869965179848 0.014422188512980938
0.6007392560120353 0.11002065458493615 -0.015280768275260925
0.6221044690168699 0.031267627437092584 -0.03019549697637558
0.6402968597657204 0.0 -0.03354789316654205
0.3702986139941798 0.33013671469105066 0.024832848459482193
0.46166051860019514 0.11411764206919074 -0.0029010563157498837
0.40138202119193955 0.41013841823484587 0.002189063234254718
0.4015437210442768 0.5052705595116413 0.01821810007095337
0.18996756578728732 0.31708781662234625 0.023316416889429092
0.26797980835095414 0.12860394939414632 -0.016260303556919098
0.2217604352206087 0.41852713441313977 0.012738222256302834
0.219191755357713 0.4944981190331788 0.04579035937786102
0.0 0.34867512359528324 0.016833780333399773
0.07066002473776269 0.1617502463423289 0.001111336867325008
0.07480122739777485 0.3790190556571084 0.03388658165931702
0.05784886619138814 0.4734565257037191 0.0653044581413269
