0.2746751010417938 0.8709185123443604 -1.714987547529745e-07
0.44986048340797424 0.8879724740982056 -0.12833575904369354
0.6363015174865723 0.8366428017616272 -0.20323464274406433
0.769959032535553 0.7374674081802368 -0.2685103118419647
0.8545972108840942 0.630696713924408 -0.31847766041755676
0.6068301796913147 0.5364367365837097 -0.06908269971609116
0.6329435706138611 0.38250383734703064 -0.16198848187923431
0.5808435678482056 0.3547242283821106 -0.18485866487026215
0.5360418558120728 0.3799598515033722 -0.17811179161071777
0.4882860779762268 0.5083637237548828 -0.04055796191096306
0.4907059967517853 0.3968578279018402 -0.1281394362449646
0.4282088279724121 0.563589870929718 -0.10365881025791168
0.450717568397522 0.5995461344718933 -0.05485399067401886
0.3703556954860687 0.4989677965641022 -0.03631902113556862
0.36900436878204346 0.4074420928955078 -0.13544954359531403
0.32749006152153015 0.5585508346557617 -0.07370365411043167
0.34722840785980225 0.5886511206626892 -0.0025762710720300674
0.2462201714515686 0.5073344111442566 -0.04457912594079971
0.249868243932724 0.4364660680294037 -0.10216117650270462
0.2344697117805481 0.5517964363098145 -0.056487537920475006
0.24847567081451416 0.5982344150543213 -0.0028577984776347876
