0.04935766833090767 0.9491836826443049 -2.1616615697439556e-07
0.35005972344448283 1.0 -0.06226829066872597
0.710664049410974 0.8904064618329187 -0.08877431601285934
0.9369781717404486 0.6349608451697948 -0.11006870120763779
1.0 0.4114870492089448 -0.12610991299152374
0.6189477272855336 0.42720318017864206 -0.012873809784650803
0.6688015324932493 0.19048696117257233 -0.059627845883369446
0.6443253082940003 0.05859120669441684 -0.07986282557249069
0.611227392231358 0.0 -0.08565660566091537
0.4158802034092057 0.3591814406808087 -0.0014052637852728367
0.45547892298059206 0.14782054380115134 -0.06241100654006004
0.36347215060160226 0.4354974509769773 -0.0626385286450386
0.37029195850688934 0.5521839003603527 -0.04131306707859039
0.23062037056018078 0.33028437589299753 -0.0013414729619398713
0.24426109258452708 0.1508616095103436 -0.0787733718752861
0.18057522493906406 0.4419083840708438 -0.047573041170835495
0.17465722324233954 0.5609875376064615 -0.003018326126039028
0.027144930355373593 0.32672035719423403 -0.005465352907776833
0.046125277119513364 0.17516056880701583 -0.05906055495142937
0.005235951767835044 0.4067907450539189 -0.03553032502532005
0.0 0.5144083066570115 -0.002359613310545683
