0.7134958505630493 0.7633949518203735 -2.843384550033079e-07
0.8255346417427063 0.7473836541175842 -0.05747717246413231
0.9247919321060181 0.6758052706718445 -0.07756604999303818
0.9569078087806702 0.5742738246917725 -0.09150566160678864
0.9748668074607849 0.4983302652835846 -0.09782958775758743
0.8640837669372559 0.5178987383842468 -0.009907439351081848
0.8587151765823364 0.4347982406616211 -0.05218635872006416
0.8360536098480225 0.40008190274238586 -0.06960952281951904
0.8128312826156616 0.3956199288368225 -0.07319648563861847
0.7867884635925293 0.5166402459144592 0.0027418548706918955
0.7790375351905823 0.4540659189224243 -0.04655059799551964
0.7799046039581299 0.5586046576499939 -0.04376401752233505
0.7963359951972961 0.594532310962677 -0.023919714614748955
0.7178385257720947 0.5285388827323914 0.0036064377054572105
0.7068842649459839 0.4822024703025818 -0.057805098593235016
0.7176129817962646 0.580068826675415 -0.031820714473724365
0.7306329607963562 0.608584463596344 0.0043729133903980255
0.6470636129379272 0.5544412732124329 -0.00043586699757725
0.6387592554092407 0.5109347105026245 -0.04112410172820091
0.6562504172325134 0.5857139825820923 -0.02133295126259327
0.6686460971832275 0.6140289306640625 0.005815220531076193
