0.11337139811063301 1.0 -2.3001175009085273e-07
0.46989235773038657 0.923615802745405 -0.036745645105838776
0.789402889886966 0.8113302080462511 -0.05722944810986519
0.9529477300724827 0.5635411275821361 -0.07906147092580795
1.0 0.3060128443296841 -0.09633750468492508
0.6313234816838887 0.3274794337461819 0.005209881346672773
0.666317688648792 0.026502741441714495 -0.031657103449106216
0.6625024864683774 0.0 -0.04910954833030701
0.6479594819072346 0.05163573567154841 -0.052639834582805634
0.4253182679523017 0.28336654036768055 0.00791128445416689
0.46116616239343083 0.07140738032352059 -0.03105331026017666
0.4284366046532729 0.38495990528377866 -0.033384326845407486
0.4349590038073502 0.4821854970826148 -0.021618882194161415
0.22422797337995679 0.277578734118985 0.0014069172320887446
0.2572244993037889 0.10565862069044515 -0.04351295903325081
0.23363947429951387 0.40789876104199757 -0.021085865795612335
0.22793717348744202 0.5001854508058232 0.00806718785315752
0.0 0.3077843061654203 -0.00859085377305746
0.050285115040603595 0.13571551136198326 -0.03293325752019882
0.0595247442863574 0.3671809117856679 -0.009355144575238228
0.05065001518054378 0.48085538296450503 0.017249466851353645
