0.2677600681781769 0.38024449348449707 -3.1951282153386273e-07
0.37213385105133057 0.39532458782196045 -0.0743384063243866
0.4948565661907196 0.35390445590019226 -0.1062382236123085
0.5632505416870117 0.2576822340488434 -0.1293155699968338
0.5832752585411072 0.17083856463432312 -0.14091654121875763
0.472456157207489 0.18349625170230865 -0.035744138062000275
0.47137606143951416 0.08136425167322159 -0.09191732108592987
0.45019716024398804 0.07709797471761703 -0.10795284807682037
0.43622851371765137 0.09095100313425064 -0.10593045502901077
0.3933304250240326 0.1665945202112198 -0.016791410744190216
0.39201921224594116 0.0906262919306755 -0.07846251130104065
0.3692862391471863 0.19792407751083374 -0.0721263512969017
0.3829624056816101 0.2263984978199005 -0.047399189323186874
0.32603928446769714 0.15549734234809875 -0.011576443910598755
0.31521478295326233 0.09955520182847977 -0.08452720940113068
0.3020755350589752 0.20430923998355865 -0.054606083780527115
0.3130680322647095 0.23554056882858276 -0.013160379603505135
0.2548142671585083 0.15181715786457062 -0.012486772611737251
0.24976176023483276 0.10855715721845627 -0.062766894698143
0.24155598878860474 0.1900440752506256 -0.045317716896533966
0.2459813505411148 0.22404012084007263 -0.016961539164185524
