0.10053321810568798 1.0 -4.721494235582213e-07
0.4329067538840495 0.9417335094366469 -0.09209003299474716
0.7639735527119217 0.8188586701161961 -0.13158831000328064
0.9487975195885947 0.5477423724148001 -0.16409243643283844
1.0 0.2965467933488373 -0.1831035166978836
0.6529433603917038 0.35313604399451975 -0.01281739305704832
0.6582639125151326 0.07476769032723644 -0.08956371247768402
0.6070878979522708 0.0 -0.12603963911533356
0.5394552812801268 0.009701569050764856 -0.13394904136657715
0.4296465279699623 0.3182142663678087 0.008111546747386456
0.41494056727083084 0.0916173923798661 -0.0709618479013443
0.36320865531778235 0.3987755456943693 -0.06905623525381088
0.4136210556791615 0.5123974051342594 -0.04099240526556969
0.23027356235305224 0.31707768160189226 0.00920919794589281
0.20142114732432276 0.13864729964198888 -0.0872587338089943
0.1784616800005087 0.4267915028678786 -0.0466984286904335
0.22248687434261438 0.5343244530734345 0.009512518532574177
0.02075100110509239 0.3442528973466631 0.002116330899298191
0.0030281055281600926 0.19953581076069982 -0.05763840675354004
0.0 0.42085080591444884 -0.024878915399312973
0.03306947875282152 0.5296021191915026 0.01845301128923893
