0.000880083590745926 0.0036867427825927734 6.65528546051064e-07
0.001788226217031479 0.003694181144237518 -0.15056626498699188
0.002585011720657349 0.0032627812027931215 -0.223862886428833
0.002467513084411621 0.0023995667695999147 -0.28138870000839233
0.0019221705198287963 0.0017875246703624725 -0.33507221937179565
0.0028619006276130675 0.0023705600202083587 -0.0832299143075943
0.0036126229166984557 0.0015750578045845031 -0.18271473050117493
0.00407278835773468 0.001015625 -0.25527122616767883
0.004448521435260772 0.0005624809861183166 -0.30207589268684387
0.0022755733132362368 0.0020773547887802126 -0.05625978484749794
0.002630683183670044 0.001519467830657959 -0.22182193398475647
0.002236960232257843 0.0021842063963413236 -0.2940236032009125
0.0019129593670368194 0.002735331058502197 -0.3012218475341797
0.0017030534148216247 0.0018753698468208313 -0.046432096511125565
0.00202715665102005 0.001420387476682663 -0.22442565858364105
0.0017642080783843994 0.0021916386485099793 -0.24298425018787384
0.0015143604576587676 0.00277418851852417 -0.20331527292728424
0.0011146309971809387 0.0017630735039710999 -0.04494920000433922
0.0014262638986110687 0.0014375528693199157 -0.18606162071228027
0.0013377583026885987 0.0020585954189300537 -0.19682279229164124
0.0011735694855451583 0.00259412556886673 -0.16614554822444916
