0.41898236635350944 1.0 -6.069149094400927e-07
0.7243331729320603 0.8237027491602479 -0.031919997185468674
0.9381685572530107 0.4950778849886944 -0.0376095250248909
1.0 0.21948046510964275 -0.042618539184331894
0.9851821204048908 0.0 -0.043582405894994736
0.7390626069654128 0.27767558572380135 -0.005970376543700695
0.718276650721481 0.0852690999014 -0.04754220321774483
0.639899142078051 0.2803816413257908 -0.07218921184539795
0.6188810786960626 0.47483409592510906 -0.07845945656299591
0.4706275787252946 0.3051175315005598 -0.0009196468163281679
0.4467592696695184 0.1258032370537749 -0.04774673655629158
0.4094619761536774 0.36685630082537135 -0.062494583427906036
0.4256822425796922 0.5858052796432678 -0.05721915513277054
0.2333051506797566 0.35120927681067676 -0.0034191219601780176
0.21038850587463417 0.22339667989093173 -0.04860631003975868
0.22738554419754642 0.466657167123621 -0.044977717101573944
0.2685294701111466 0.6633570333790663 -0.026192862540483475
0.018950336068150053 0.41707602938625443 -0.00841390062123537
0.0 0.30526434262035695 -0.03872765973210335
0.029713461364530132 0.4833140338664342 -0.03183260187506676
0.07156944900413795 0.6282843825259473 -0.014879493974149227
