0.3882342956907267 1.0 -4.2035705405396584e-07
0.7243475854751545 0.8757214660273318 -0.0443846620619297
0.9805121739703647 0.54131830936111 -0.053423602133989334
1.0 0.24304606049993582 -0.061952557414770126
0.985444997369145 0.0 -0.06688079982995987
0.7264430328132543 0.26001854762412757 -0.02205086126923561
0.7714286390960438 0.04557013543505739 -0.09008900821208954
0.762516336760484 0.2737530717908658 -0.12742416560649872
0.7493187210689837 0.494284866685764 -0.1360059231519699
0.4775133940712806 0.2891331833316191 -0.020679699257016182
0.5200974817606557 0.11182449289418589 -0.09491796791553497
0.5411968988674101 0.4103349537711944 -0.11596273630857468
0.5567324821178836 0.6510476177523373 -0.10856083035469055
0.24045477278136826 0.360229779732088 -0.02932981215417385
0.29565906962075034 0.2025625982314305 -0.1111687421798706
0.3348102172695397 0.5086995157387046 -0.09986495226621628
0.35378726666211413 0.7342708582143789 -0.0662698969244957
0.0 0.4606401225401235 -0.03972311317920685
0.07547012963226846 0.3251200282889519 -0.10301412642002106
0.13028672568886757 0.5497297844072453 -0.09048783034086227
0.1566117746251377 0.7259267054336378 -0.06074058264493942
