0.6360509991645813 0.899666965007782 -4.026141198210098e-07
0.7251675724983215 0.8666653037071228 -0.028378237038850784
0.8035988211631775 0.7853503823280334 -0.0357835590839386
0.82160884141922 0.7020687460899353 -0.043368592858314514
0.8181509971618652 0.6322172284126282 -0.04821834713220596
0.7525945901870728 0.6999920606613159 -0.010813827626407146
0.7728012800216675 0.6351624727249146 -0.05359305068850517
0.7637583017349243 0.6971757411956787 -0.0784941241145134
0.7538735270500183 0.7559962868690491 -0.08529802411794662
0.694193422794342 0.7020998597145081 -0.011010854505002499
0.7178694605827332 0.6392778754234314 -0.05638216808438301
0.7090092301368713 0.717633068561554 -0.06908664107322693
0.7020392417907715 0.7825508713722229 -0.06407178193330765
0.6351224780082703 0.7144906520843506 -0.017709821462631226
0.6591240167617798 0.6608601808547974 -0.06710357218980789
0.6557815074920654 0.7432125806808472 -0.058068905025720596
0.6525865197181702 0.8038549423217773 -0.03590194880962372
0.5732777118682861 0.7353541254997253 -0.02586924470961094
0.6005720496177673 0.692749559879303 -0.06251556426286697
0.6056600213050842 0.7542306780815125 -0.05155220255255699
0.6057345867156982 0.8026472330093384 -0.031422749161720276
