0.23076189333308716 1.0 -5.216343765823694e-07
0.6084744389366336 0.8648865916957826 -0.0404963456094265
0.9201180743380114 0.5749225316178355 -0.05160941556096077
1.0 0.2567419064512173 -0.061100710183382034
0.9735124551400595 0.0 -0.06667482107877731
0.6985336094418444 0.3100406625066373 -0.010245094075798988
0.7227862343701762 0.09371095693169641 -0.06609884649515152
0.653929469250107 0.2942775880794943 -0.09879573434591293
0.6281281955816485 0.49388763250777934 -0.10908693820238113
0.4560393608477721 0.32215720816950955 -0.005801101215183735
0.4646586234165044 0.12941685648442902 -0.06864800304174423
0.4311415938189438 0.4055798653571823 -0.08837428689002991
0.4457259079426326 0.6176476139053606 -0.0840650349855423
0.2281837865225815 0.3714838580215513 -0.01037766132503748
0.2224243804225527 0.22732051172100726 -0.07748274505138397
0.23223197627846343 0.5189031103837434 -0.06909002363681793
0.26835398506019104 0.7090035548421546 -0.04285845533013344
0.0 0.4514126365303153 -0.017018090933561325
0.00035487943842893026 0.3465204339124761 -0.06652013957500458
0.04070282539418798 0.5729587088980428 -0.05779951065778732
0.09268015003400074 0.7163512995490634 -0.03580170124769211
