0.3090802729129791 0.5444211959838867 -3.6785016277463e-07
0.4030841588973999 0.47313985228538513 -0.027197664603590965
0.4612182676792145 0.35657772421836853 -0.03464355692267418
0.46753203868865967 0.2612476646900177 -0.045570410788059235
0.46422094106674194 0.18205954134464264 -0.052553050220012665
0.387026309967041 0.2801637649536133 -0.0019061131170019507
0.39627134799957275 0.19703435897827148 -0.06109687685966492
0.3967510759830475 0.26220670342445374 -0.09481929987668991
0.3984619081020355 0.3355516791343689 -0.10287772119045258
0.31729942560195923 0.2960646450519562 -0.007197872269898653
0.3305266499519348 0.23179656267166138 -0.07379313558340073
0.33644452691078186 0.3270638585090637 -0.09138850122690201
0.34671154618263245 0.4086461067199707 -0.08285330981016159
0.24800404906272888 0.3206188380718231 -0.021844428032636642
0.2695249021053314 0.2750042676925659 -0.09216286987066269
0.2831770181655884 0.3773351311683655 -0.08366622775793076
0.2957366406917572 0.450843870639801 -0.054150525480508804
0.17637677490711212 0.3549308180809021 -0.03787943348288536
0.2031739056110382 0.317365825176239 -0.0862215906381607
0.22493873536586761 0.39454054832458496 -0.07424306869506836
0.23864038288593292 0.4504636228084564 -0.048548705875873566
