0.3772771021727572 1.0 -5.97762550569314e-07
0.7448605251060519 0.8037912362450909 -0.02958783321082592
1.0 0.5052708502531669 -0.037637289613485336
0.9949414350816468 0.22490471093374334 -0.04675263538956642
0.9266284630059232 0.0 -0.0517529658973217
0.7258880513811553 0.29123326123246374 -0.0010444042272865772
0.7111878229959123 0.08155780194883931 -0.04856714978814125
0.7177149955265194 0.27150028220066974 -0.07721859961748123
0.7430535046154377 0.4547559357533691 -0.08582598716020584
0.4802670904400348 0.3359497250600524 -0.0016089006094262004
0.49186698015169983 0.13351509552054133 -0.052761781960725784
0.527883495593991 0.3762067672823723 -0.0681953951716423
0.5764093698407088 0.5701428255475426 -0.06362693756818771
0.24226352282840666 0.4060627120234846 -0.010224268771708012
0.2651886986982029 0.2282750242189841 -0.06351741403341293
0.32901068607562595 0.48215535124263237 -0.053851962089538574
0.38876327721216314 0.660710523598432 -0.029666591435670853
0.0 0.5081709797887899 -0.021033763885498047
0.05461643705861855 0.3622273002067181 -0.057449690997600555
0.1400010105212142 0.5473479556862666 -0.04578496143221855
0.1986884576752376 0.6867503846916851 -0.02452889457345009
