0.2973493160500736 1.0 -6.609548677261046e-07
0.6613931921985303 0.8053122898160818 -0.03786824271082878
0.944792419450068 0.5230610895934318 -0.048360928893089294
1.0 0.2374443375002899 -0.05948226526379585
0.9085249183022878 0.0 -0.06660425662994385
0.6975712712086367 0.2751766511275522 0.001455645076930523
0.6737442719826088 0.0650180516578921 -0.04557908698916435
0.6310762636701152 0.26127455527982 -0.07536963373422623
0.6328315261040869 0.4411353603760311 -0.08472567051649094
0.4579910093100211 0.2904200586002427 0.006786468904465437
0.4294952332117584 0.10342962172692906 -0.04272110387682915
0.4285890104428584 0.3577239449250489 -0.05998664349317551
0.47598839112395863 0.5391458125565323 -0.05729019269347191
0.23292854912346303 0.32686643319340397 0.002620334504172206
0.20351207798928206 0.1455970576184181 -0.04711345583200455
0.21668560611854504 0.3970160648158885 -0.041177719831466675
0.25921289222490984 0.5720326862567742 -0.02049834281206131
0.010772073089890193 0.38482462447139953 -0.004739499185234308
0.0 0.2082217184250605 -0.034881144762039185
0.031024540023113268 0.38227497274856787 -0.023647043853998184
0.06603365990454893 0.522656376835123 -0.003788208356127143
