0.4987968580705733 1.0 -5.467713890539017e-07
0.8186415018474575 0.774025118550176 -0.023711729794740677
1.0 0.4762368170287861 -0.030706262215971947
0.9560077434423832 0.21832733066356289 -0.04016294330358505
0.8599651129234356 0.0 -0.047165725380182266
0.67973658416292 0.25837734489887004 0.004597078543156385
0.649066099898459 0.07666083358244298 -0.03520847111940384
0.7012759303937794 0.2453213652696835 -0.06270541995763779
0.7423537347196869 0.4217950159235889 -0.0718449130654335
0.4501369220412502 0.311259880992437 0.0040508052334189415
0.43827171366904055 0.14651470089357424 -0.03456342965364456
0.5255023841003295 0.3650009809618326 -0.04957263916730881
0.5957893409664099 0.5471534423857308 -0.04883942753076553
0.22676586522982733 0.3897117355239966 -0.0036581053864210844
0.2221885091436535 0.23168589700908393 -0.04369768872857094
0.3301368743632168 0.44048327731741616 -0.03928063437342644
0.4084091071930657 0.6126253838149003 -0.02328888699412346
0.0 0.49707222901991344 -0.013303394429385662
0.016690092915216406 0.32937250647503963 -0.04037327691912651
0.13367013449311033 0.4766816580289997 -0.03060314431786537
0.20844955405808271 0.6165871656209331 -0.013445552438497543
