0.4070786090660745 1.0 -5.075202693660685e-07
0.7540627283431899 0.7833277959726904 -0.023979153484106064
1.0 0.4939893373240532 -0.02987823635339737
0.9735761453627747 0.22602780308969825 -0.03769687935709953
0.8792345448628632 0.0 -0.04347310960292816
0.7072859746780163 0.24596906313473596 0.007372336927801371
0.6761032497476516 0.05878728707568565 -0.028735702857375145
0.6688190011283933 0.2283365329307162 -0.0538957379758358
0.6763917681872216 0.4177386779120739 -0.06167777627706528
0.45999227343128274 0.28601329172844386 0.007850413210690022
0.42345792437084107 0.12367113372559775 -0.02961488626897335
0.46315727580777094 0.35480198043063516 -0.04561961069703102
0.5158189075282965 0.5572212588348026 -0.044742122292518616
0.23141718826150942 0.34734321867768747 0.0013656406663358212
0.20628759703291902 0.218071653026499 -0.037613335996866226
0.27156503431559176 0.4544869640139558 -0.036061521619558334
0.33204922045994273 0.6373293135800647 -0.02135285921394825
0.003059474231275876 0.43176399681075533 -0.00692139845341444
0.0 0.25882345660350026 -0.03015499748289585
0.06661941288462167 0.42413676482369017 -0.02023686282336712
0.11214751038476937 0.567941810610347 -0.003505218308418989
