0.398795123667262 1.0 -6.353797061819932e-07
0.7414970864678609 0.8105671403895679 -0.03424714505672455
1.0 0.5088873059453629 -0.04222317412495613
0.9519934693583013 0.2216358850500628 -0.050027064979076385
0.8697263264238423 0.0 -0.054863300174474716
0.7125198444913496 0.30234737293529373 -0.006817998830229044
0.637271111832729 0.09334021210729603 -0.05526076629757881
0.6282975681477874 0.25599055256407777 -0.08507658541202545
0.6666813245295954 0.4317250293431381 -0.09476777166128159
0.46348207681622194 0.35859836185307853 -0.004450382199138403
0.39875475816781225 0.17116343079892926 -0.05831329897046089
0.4332363659324205 0.40354893353977755 -0.07619191706180573
0.5051099565225236 0.5908465552852671 -0.07368733733892441
0.24987597192906497 0.43331910188602407 -0.010172438807785511
0.18595573776406704 0.2779919824209367 -0.06754729151725769
0.2542496527214014 0.5221979765885025 -0.06120825558900833
0.3363519510743086 0.6931673343064183 -0.03934524208307266
0.03947182082228356 0.5287707700943103 -0.01807112619280815
0.0 0.3872127711891394 -0.05709431320428848
0.07157366816402375 0.5655173275754848 -0.0471331849694252
0.14520101567714816 0.6963336071129347 -0.027252212166786194
