0.3781905681876141 1.0 -4.253085421623837e-07
0.7484035346577642 0.8002966769730515 -0.018944475799798965
1.0 0.5177752264978832 -0.024651654064655304
0.9985576471240064 0.2337452259855112 -0.03445320576429367
0.9578618587892261 0.0 -0.042234867811203
0.7437732997207205 0.2202127114497905 0.007921899668872356
0.7852248281461532 0.028906394175464274 -0.032762303948402405
0.7850125270586797 0.22700141333046767 -0.06143668293952942
0.7719378869154956 0.43758085161662424 -0.07120148092508316
0.49777588720495003 0.24389109783175972 0.004024573136121035
0.5738024600517962 0.07361583619332111 -0.0373135507106781
0.5841542092962504 0.32712388383393887 -0.05342528596520424
0.5854192130930741 0.5585749983336575 -0.052612561732530594
0.25629090841305197 0.29186430395174817 -0.006786422338336706
0.3514313106304074 0.14331157339456405 -0.04831608384847641
0.378770512621688 0.4005513213075551 -0.04359691962599754
0.3872731711750011 0.6205751806111192 -0.026403317227959633
0.0 0.37330446820097135 -0.019476749002933502
0.12862339055710653 0.22127871720195935 -0.04590316489338875
0.18243860938645245 0.4038116847107751 -0.03588187322020531
0.19078359554675167 0.5747920245902272 -0.01850585639476776
