0.36273921163974043 1.0 -5.116600618748635e-07
0.6897163657003672 0.8528448224518898 -0.035505760461091995
0.9513859563075084 0.5265528057674127 -0.04126430302858353
1.0 0.23727861680126563 -0.046071335673332214
0.9655474302632739 0.0 -0.04652729257941246
0.6863365405061279 0.3059551575585021 -0.0074907089583575726
0.7426089361359413 0.08809512725918513 -0.05724618211388588
0.7314218276666273 0.2805416567688441 -0.08357632160186768
0.7099797632353938 0.48334940945084026 -0.0880826860666275
0.4593705083565608 0.3495278824227679 -0.005472010467201471
0.5010893933189274 0.12017425530152476 -0.06182371452450752
0.512080696495831 0.3725891813776263 -0.07703259587287903
0.5207579177566637 0.5972891489971994 -0.06864144653081894
0.23506798214869357 0.41707718384757514 -0.012244529090821743
0.2818341267105265 0.2624509758283194 -0.07316245138645172
0.31784184642473173 0.5351765760128809 -0.0650106891989708
0.3397168557462568 0.7296691309107115 -0.03806297853589058
0.0 0.5022981203607166 -0.020810194313526154
0.06575840567191897 0.3560356294227864 -0.0600428506731987
0.10618335642230706 0.5547894964193272 -0.04676183685660362
0.1212382053411593 0.7034591263856667 -0.02311990037560463
