0.5967729687690735 0.7325706481933594 -5.118502031109529e-07
0.6869022250175476 0.6768827438354492 -0.03633695840835571
0.7540422677993774 0.5654362440109253 -0.0440884605050087
0.7683353424072266 0.46655797958374023 -0.05133114010095596
0.7578505277633667 0.3863620460033417 -0.05387027561664581
0.6836838126182556 0.48959019780158997 -0.007379611022770405
0.6951330900192261 0.4188075065612793 -0.06000726670026779
0.6865635514259338 0.4832669794559479 -0.08967061340808868
0.6801968812942505 0.5528351664543152 -0.09652925282716751
0.6173531413078308 0.504481315612793 -0.005522702354937792
0.6288759708404541 0.429215669631958 -0.06302030384540558
0.6270711421966553 0.5126628279685974 -0.07919268310070038
0.6304652094841003 0.5885167717933655 -0.07207956910133362
0.5550210475921631 0.52773118019104 -0.01295989565551281
0.5683492422103882 0.47576257586479187 -0.07397651672363281
0.5766626000404358 0.5654917359352112 -0.0668819323182106
0.5849490761756897 0.6329536437988281 -0.041003286838531494
0.492730051279068 0.5574139356613159 -0.022653844207525253
0.5118106603622437 0.508483350276947 -0.06382697075605392
0.5238965153694153 0.5740533471107483 -0.052785590291023254
0.53068608045578 0.6262389421463013 -0.030259978026151657
