0.37057791309285104 1.0 -5.251963557384443e-07
0.7107463714175223 0.8257745405785338 -0.028716260567307472
0.9430026981050674 0.5127024672035426 -0.034472402185201645
0.9879761082460976 0.22672415257268644 -0.04124600812792778
1.0 0.0 -0.044098637998104095
0.7177216548079696 0.29174105882972573 -0.003352059982717037
0.7483483886254865 0.07808985458165656 -0.05296056345105171
0.7505026254551795 0.2399886462419112 -0.08308364450931549
0.7466541932397602 0.4328531918591256 -0.09156109392642975
0.4699719012587431 0.33319857393504476 -0.004683814477175474
0.511251344022926 0.11231848440882657 -0.05701248347759247
0.5212645104179939 0.3396400903291132 -0.07266140729188919
0.5303064036964263 0.5520671371150715 -0.06778429448604584
0.2360209321092386 0.3977686554271667 -0.014252996072173119
0.28697443394560423 0.25042936866208365 -0.07125315815210342
0.3262862942074568 0.49614421708907 -0.06399787217378616
0.34848631164342986 0.6820776176391217 -0.04030194133520126
0.0 0.48382792863224616 -0.025464758276939392
0.08325654799028057 0.3402620765779931 -0.064247265458107
0.13186848805524073 0.5278797551582141 -0.051754750311374664
0.14644831463436989 0.6801201322992458 -0.02943805791437626
