0.3724391362819401 1.0 -5.164187655282149e-07
0.714254068204711 0.82302038698817 -0.028920955955982208
0.9457220333931242 0.511615268700879 -0.03511890769004822
0.9879558606746496 0.22831937256152313 -0.04227091744542122
1.0 0.0 -0.04579810053110123
0.72341818971848 0.30286239589372443 -0.005637010093778372
0.7509841706751703 0.10122439129588195 -0.05564340576529503
0.7542702009728139 0.2631908479528658 -0.08557984232902527
0.7480226810380274 0.4470929783856145 -0.09418051689863205
0.4727464399281073 0.34405290710605285 -0.00760021572932601
0.5129369628021639 0.12857003654327226 -0.06078458949923515
0.5244927200547275 0.3556950272339332 -0.0766119733452797
0.5271705171642956 0.5634954343285868 -0.07186432927846909
0.23713867357583657 0.40896488086663574 -0.017589936032891273
0.27791521004917935 0.26060542706181383 -0.07569639384746552
0.32183413503405206 0.5070805861987381 -0.06798140704631805
0.342456831154467 0.6889073039765612 -0.04385293647646904
0.0 0.4946853595380744 -0.029141277074813843
0.07261799274968085 0.3509438445467876 -0.06873825192451477
0.12828805026026097 0.5327176194166553 -0.05580173060297966
0.1444172273185131 0.6778968678908103 -0.03309397026896477
