0.5396297574043274 0.6239051818847656 -7.090052918101719e-07
0.6154729723930359 0.5778249502182007 -0.031364042311906815
0.6631438732147217 0.4845044016838074 -0.04055717587471008
0.673173725605011 0.4039469063282013 -0.050918467342853546
0.6724609136581421 0.3411306142807007 -0.05755946412682533
0.6138218641281128 0.41004660725593567 -0.011417457833886147
0.6154724955558777 0.34719011187553406 -0.05542678013443947
0.6121590733528137 0.405246376991272 -0.08060204237699509
0.6086294054985046 0.46675753593444824 -0.08649536222219467
0.5522633194923401 0.4240609407424927 -0.009796875528991222
0.5536230206489563 0.36518770456314087 -0.05671091750264168
0.5550340414047241 0.44106265902519226 -0.06999709457159042
0.5583264231681824 0.5099528431892395 -0.06457976251840591
0.4945588707923889 0.4441361427307129 -0.01586318388581276
0.5018101930618286 0.40067020058631897 -0.060226451605558395
0.5075533390045166 0.4733009934425354 -0.05506027117371559
0.5127713680267334 0.5333071947097778 -0.03598421812057495
0.43903616070747375 0.4688621759414673 -0.024506650865077972
0.44525206089019775 0.42484012246131897 -0.04761554300785065
0.45055723190307617 0.46278560161590576 -0.03686840832233429
0.4515531063079834 0.49831628799438477 -0.01959664560854435
