0.37257784605026245 0.5779989361763 -4.024248880796222e-07
0.46322304010391235 0.5066393613815308 -0.02524159476161003
0.5236279964447021 0.40166133642196655 -0.03094448149204254
0.5305178165435791 0.30757173895835876 -0.03975249454379082
0.5122594237327576 0.23417025804519653 -0.04555751383304596
0.45845431089401245 0.3307145833969116 0.006403273902833462
0.4678918719291687 0.2579905688762665 -0.043308451771736145
0.4758795499801636 0.313345730304718 -0.07614033669233322
0.4819594621658325 0.38025355339050293 -0.08659278601408005
0.39213281869888306 0.3447403609752655 0.002192876534536481
0.4045896530151367 0.26799991726875305 -0.05480169877409935
0.419780969619751 0.3482411205768585 -0.0768902450799942
0.43149039149284363 0.4267446994781494 -0.0747765377163887
0.32701921463012695 0.36654040217399597 -0.009868764318525791
0.34608399868011475 0.3085266947746277 -0.06981216371059418
0.36568599939346313 0.39704716205596924 -0.06584391742944717
0.3771897554397583 0.46730929613113403 -0.0427628755569458
0.2611190676689148 0.39725831151008606 -0.023525776341557503
0.28995126485824585 0.3473457396030426 -0.06431220471858978
0.31095001101493835 0.41274744272232056 -0.054022785276174545
0.32081323862075806 0.4669016897678375 -0.03244525194168091
