0.7833845019340515 0.6481455564498901 -2.7449739263829542e-06
0.5412742495536804 0.6087623834609985 -0.11680799722671509
0.3663841187953949 0.4552310109138489 -0.15983332693576813
0.34968072175979614 0.29979512095451355 -0.1957649141550064
0.40959250926971436 0.18552669882774353 -0.21098628640174866
0.52801513671875 0.2770417630672455 -0.02668404020369053
0.5471828579902649 0.19721239805221558 -0.15577201545238495
0.5468478202819824 0.31414005160331726 -0.2344377338886261
0.5529386401176453 0.41234254837036133 -0.2638147175312042
0.6870815753936768 0.2884901762008667 -0.018876176327466965
0.7093710899353027 0.20721259713172913 -0.15679024159908295
0.684470534324646 0.3493404984474182 -0.19620661437511444
0.6669356822967529 0.45253294706344604 -0.18186987936496735
0.822813868522644 0.31948041915893555 -0.036503154784440994
0.8459315299987793 0.25393280386924744 -0.18456551432609558
0.8010705709457397 0.38854163885116577 -0.16673389077186584
0.7757600545883179 0.4817759394645691 -0.10745664685964584
0.9521688222885132 0.3658626079559326 -0.06242727115750313
0.9502956867218018 0.303133487701416 -0.16502198576927185
0.9142770767211914 0.40929752588272095 -0.13627660274505615
0.8877457976341248 0.48806536197662354 -0.08114075660705566
