0.4751065969467163 0.5024735927581787 -2.2126980638859095e-06
0.320723295211792 0.4651944637298584 -0.05919880047440529
0.18051564693450928 0.36392152309417725 -0.08660010993480682
0.11314557492733002 0.25766319036483765 -0.11348407715559006
0.14924627542495728 0.1582711637020111 -0.12569206953048706
0.3166080415248871 0.15749862790107727 -0.017263732850551605
0.20612327754497528 0.17644938826560974 -0.09713182598352432
0.2477128505706787 0.30126088857650757 -0.12832753360271454
0.30062147974967957 0.3149934411048889 -0.13946379721164703
0.42217254638671875 0.14384780824184418 -0.023713134229183197
0.318552166223526 0.18673497438430786 -0.10336039960384369
0.34962040185928345 0.3275423049926758 -0.09987130016088486
0.40074825286865234 0.32059764862060547 -0.07811833173036575
0.5270788669586182 0.1567380428314209 -0.04682403802871704
0.4372110962867737 0.19245360791683197 -0.1326664239168167
0.4520457684993744 0.3254828453063965 -0.08935192227363586
0.49795156717300415 0.31595027446746826 -0.038083527237176895
0.6345670819282532 0.1867673099040985 -0.07648490369319916
0.5543622374534607 0.19075210392475128 -0.11938957870006561
0.5440974831581116 0.28965914249420166 -0.08172240108251572
0.5769446492195129 0.2988935708999634 -0.03968287631869316
