0.6024779081344604 0.592217206954956 -1.9891574538632995e-06
0.38512057065963745 0.5361107587814331 -0.09366767108440399
0.20766061544418335 0.3932892084121704 -0.1274348646402359
0.15683358907699585 0.24515922367572784 -0.15046842396259308
0.22375106811523438 0.14528292417526245 -0.14411035180091858
0.34757065773010254 0.2253628820180893 -0.042062945663928986
0.3073045015335083 0.1672409176826477 -0.12964390218257904
0.333730012178421 0.2971695065498352 -0.14958563446998596
0.35332930088043213 0.29638323187828064 -0.15682297945022583
0.4838249683380127 0.22721479833126068 -0.031127288937568665
0.44565775990486145 0.17176201939582825 -0.13452193140983582
0.45827487111091614 0.33085334300994873 -0.1283879429101944
0.4719015061855316 0.3134108781814575 -0.10027314722537994
0.6202129125595093 0.233109250664711 -0.04060491919517517
0.5811681151390076 0.1843615472316742 -0.14567215740680695
0.5752862691879272 0.33395466208457947 -0.08920013159513474
0.5937861204147339 0.3193475604057312 -0.026848293840885162
0.7543154954910278 0.24612773954868317 -0.05865878984332085
0.7174082398414612 0.19581519067287445 -0.10939030349254608
0.7020585536956787 0.301954984664917 -0.06689110398292542
0.723872721195221 0.3056735694408417 -0.022227291017770767
