0.5021255612373352 0.4931829571723938 -1.571730990690412e-06
0.38955917954444885 0.5532872676849365 -0.03374893590807915
0.23583242297172546 0.4959395229816437 -0.04768373444676399
0.14464426040649414 0.4029186964035034 -0.06592322885990143
0.08764643967151642 0.3227721154689789 -0.0760011300444603
0.20060402154922485 0.32881060242652893 -0.0035625260788947344
0.12080208212137222 0.2642696797847748 -0.07826390862464905
0.1935521513223648 0.35223156213760376 -0.11856643855571747
0.25934574007987976 0.4181950092315674 -0.1315084993839264
0.26604512333869934 0.268544465303421 -0.0182486679404974
0.18958057463169098 0.1942257583141327 -0.09145059436559677
0.2656189799308777 0.3194074332714081 -0.10514728724956512
0.31844276189804077 0.38864827156066895 -0.09294258058071136
0.3442084789276123 0.22562728822231293 -0.04517656937241554
0.28335505723953247 0.18125778436660767 -0.12134254723787308
0.3514861464500427 0.3181118667125702 -0.10226304084062576
0.3949739336967468 0.38526618480682373 -0.06671123951673508
0.431340754032135 0.19376619160175323 -0.0749325230717659
0.3704403042793274 0.16671065986156464 -0.12131597846746445
0.4091096520423889 0.27620071172714233 -0.09825089573860168
0.44325530529022217 0.33497288823127747 -0.06689849495887756
