0.7355547547340393 0.6287047266960144 -3.1008826226752717e-06
0.47189345955848694 0.596772313117981 -0.11575653403997421
0.2607256770133972 0.4381856918334961 -0.1509343981742859
0.22257566452026367 0.2794554829597473 -0.18024864792823792
0.2514721751213074 0.17026913166046143 -0.18781478703022003
0.4163144528865814 0.27655497193336487 -0.043442364782094955
0.4380759000778198 0.18119242787361145 -0.19535306096076965
0.44709891080856323 0.30946630239486694 -0.2725794315338135
0.45209619402885437 0.3943220376968384 -0.3009079098701477
0.5896124243736267 0.2848028540611267 -0.04498729854822159
0.6009911894798279 0.19268107414245605 -0.21304334700107574
0.59117591381073 0.3475099205970764 -0.24661937355995178
0.5819305181503296 0.4246675670146942 -0.22794021666049957
0.7360928058624268 0.31378015875816345 -0.0743989422917366
0.7579850554466248 0.23521234095096588 -0.2507248520851135
0.7243717312812805 0.38360533118247986 -0.22413139045238495
0.7040805816650391 0.4579092860221863 -0.15809571743011475
0.8834571838378906 0.3482034504413605 -0.11179009824991226
0.887226402759552 0.2823273539543152 -0.2284337878227234
0.8608031272888184 0.3867807388305664 -0.20037323236465454
0.8385111093521118 0.448514848947525 -0.14722131192684174
