0.5212187767028809 0.6827642917633057 -3.5950454275734955e-06
0.29740914702415466 0.565086841583252 -0.04807594045996666
0.20583009719848633 0.3901895582675934 -0.06842847913503647
0.21833625435829163 0.2529838979244232 -0.10806675255298615
0.2872447669506073 0.14658547937870026 -0.13178440928459167
0.4323098361492157 0.2645510137081146 0.07147984951734543
0.40077701210975647 0.1559397131204605 -0.07695198804140091
0.3130640983581543 0.2778027355670929 -0.1570024937391281
0.30027180910110474 0.37217921018600464 -0.18000224232673645
0.5798980593681335 0.29359570145606995 0.03633292019367218
0.5483559966087341 0.1745711714029312 -0.11811762303113937
0.4321739673614502 0.3229013979434967 -0.1516917496919632
0.43258196115493774 0.41322728991508484 -0.12223609536886215
0.7312543392181396 0.34053006768226624 -0.026920532807707787
0.6815158724784851 0.2436729222536087 -0.19204311072826385
0.5514907836914062 0.39351943135261536 -0.15438878536224365
0.5452933311462402 0.48025405406951904 -0.07097045332193375
0.8893117904663086 0.4076663851737976 -0.09431412070989609
0.8133257627487183 0.3061128556728363 -0.18558678030967712
0.6861060261726379 0.4050065875053406 -0.13348962366580963
0.6650674343109131 0.4783986508846283 -0.058998290449380875
