0.4426085650920868 0.5538848638534546 -1.649257342251076e-06
0.32096266746520996 0.537057638168335 -0.03775794804096222
0.19603899121284485 0.40163564682006836 -0.0451752208173275
0.1357322484254837 0.27833402156829834 -0.053623177111148834
0.10180811583995819 0.17606638371944427 -0.0529659204185009
0.24577417969703674 0.19632121920585632 -0.004824329167604446
0.18582236766815186 0.18572714924812317 -0.06957931816577911
0.2120131552219391 0.32030391693115234 -0.0969887226819992
0.24018503725528717 0.3608569800853729 -0.10632416605949402
0.3326731026172638 0.1730981171131134 -0.015049656853079796
0.26347920298576355 0.1730540245771408 -0.07933259755373001
0.2805124819278717 0.33631691336631775 -0.08043200522661209
0.3103262782096863 0.3682117164134979 -0.06448645144701004
0.4236011505126953 0.17848291993141174 -0.03864441066980362
0.3561632037162781 0.18940627574920654 -0.11318376660346985
0.3664949834346771 0.35175204277038574 -0.08707257360219955
0.3946990370750427 0.38607582449913025 -0.049120716750621796
0.5196390151977539 0.19855809211730957 -0.06564930826425552
0.4533902406692505 0.19539442658424377 -0.11171124875545502
0.442682683467865 0.31933021545410156 -0.09003955125808716
0.4584881067276001 0.3662729263305664 -0.060644157230854034
