0.5983180403709412 0.6779864430427551 -2.8484694212238537e-06
0.34845981001853943 0.5899707674980164 -0.0657990425825119
0.1831037998199463 0.4299527704715729 -0.10831312090158463
0.16538919508457184 0.2798948287963867 -0.1556834876537323
0.2574712038040161 0.171370267868042 -0.1900441199541092
0.40197673439979553 0.28712326288223267 -0.04126843437552452
0.37972962856292725 0.1919548064470291 -0.17420744895935059
0.3457070589065552 0.3124978542327881 -0.2564573884010315
0.34406307339668274 0.4061264097690582 -0.29492613673210144
0.5580053925514221 0.30969542264938354 -0.06523535400629044
0.5408440828323364 0.22398537397384644 -0.19992876052856445
0.48681092262268066 0.3652905225753784 -0.23404856026172638
0.4825442433357239 0.4619399905204773 -0.2286858856678009
0.7057169675827026 0.3535865247249603 -0.10741152614355087
0.6757078170776367 0.2877349257469177 -0.22802641987800598
0.6122061014175415 0.41695868968963623 -0.19895786046981812
0.608232319355011 0.5011963248252869 -0.14892032742500305
0.858068585395813 0.4093480706214905 -0.1557255983352661
0.8088375329971313 0.34979718923568726 -0.22008615732192993
0.7438816428184509 0.43944111466407776 -0.18125878274440765
0.7292705774307251 0.5010408163070679 -0.13507086038589478
