0.45332083106040955 0.5667665004730225 -1.7421218672097893e-06
0.31372421979904175 0.5462667942047119 -0.03253791108727455
0.18341301381587982 0.42145422101020813 -0.04125436395406723
0.11994530260562897 0.3036995530128479 -0.0527251660823822
0.09568321704864502 0.19503900408744812 -0.054201025515794754
0.23352326452732086 0.1935512125492096 0.00804444495588541
0.1668981909751892 0.22341680526733398 -0.0532001256942749
0.20781728625297546 0.35174039006233215 -0.07975863665342331
0.2404177039861679 0.3737916946411133 -0.08997728675603867
0.3185267746448517 0.16623644530773163 -0.006153404247015715
0.24863475561141968 0.20056107640266418 -0.07177343219518661
0.2848065495491028 0.3634820878505707 -0.07464154809713364
0.3198774456977844 0.3792394697666168 -0.05910229682922363
0.40833669900894165 0.16705551743507385 -0.033292144536972046
0.3447049558162689 0.21187782287597656 -0.10623210668563843
0.36762285232543945 0.3699244558811188 -0.07839231938123703
0.3996090590953827 0.37916189432144165 -0.03931265324354172
0.5037891864776611 0.1822308748960495 -0.06395770609378815
0.4371110498905182 0.20999830961227417 -0.10222163051366806
0.4368593692779541 0.33087795972824097 -0.0762844979763031
0.4614000916481018 0.35318008065223694 -0.0447416752576828
