0.7497625350952148 0.5607745051383972 -2.2307117433228996e-06
0.523680567741394 0.5903094410896301 -0.12208565324544907
0.29136207699775696 0.44973844289779663 -0.15653768181800842
0.22022828459739685 0.2870626449584961 -0.17663241922855377
0.21509116888046265 0.1744924634695053 -0.1745498925447464
0.3755679726600647 0.3012665808200836 -0.09784810990095139
0.36271414160728455 0.1778443306684494 -0.24326851963996887
0.39771777391433716 0.2913499176502228 -0.30113017559051514
0.41955187916755676 0.38323718309402466 -0.3139879107475281
0.5369707345962524 0.2890746593475342 -0.08865601569414139
0.5069227814674377 0.16716407239437103 -0.26255401968955994
0.5428643822669983 0.3252894878387451 -0.2875007092952728
0.5616931915283203 0.41831865906715393 -0.25718045234680176
0.6876928806304932 0.30149737000465393 -0.10260771960020065
0.6781232357025146 0.2094491720199585 -0.27746155858039856
0.6869169473648071 0.360682874917984 -0.24582719802856445
0.694644570350647 0.44610345363616943 -0.17371690273284912
0.8369091749191284 0.3195595145225525 -0.12366818636655807
0.8166379332542419 0.25474804639816284 -0.23657622933387756
0.8200511336326599 0.3571193516254425 -0.20903301239013672
0.8185772895812988 0.41938120126724243 -0.15661166608333588
