0.5622172951698303 0.583832323551178 -1.3271225043354207e-06
0.3968313932418823 0.5947422981262207 -0.07087843120098114
0.22083242237567902 0.46061089634895325 -0.08868473768234253
0.1509285271167755 0.32037150859832764 -0.10556980222463608
0.12286387383937836 0.2152690291404724 -0.11242500692605972
0.2666805386543274 0.2956285774707794 -0.03204015642404556
0.23643001914024353 0.1968972384929657 -0.13393905758857727
0.2547402083873749 0.296893835067749 -0.17658954858779907
0.28371521830558777 0.3807348310947418 -0.18326935172080994
0.3800491392612457 0.2789022922515869 -0.03785834461450577
0.34198784828186035 0.15982159972190857 -0.14638474583625793
0.3557990789413452 0.3133471608161926 -0.1540369689464569
0.3791181743144989 0.3993491232395172 -0.12194120138883591
0.5012696385383606 0.28339633345603943 -0.06291037052869797
0.46676939725875854 0.19114714860916138 -0.17941230535507202
0.4703381657600403 0.3468150198459625 -0.153269425034523
0.4877921938896179 0.429557740688324 -0.09594213962554932
0.6238164901733398 0.30057770013809204 -0.09237609803676605
0.5853747129440308 0.22822560369968414 -0.16856902837753296
0.5739811658859253 0.33144718408584595 -0.14348749816417694
0.5781787633895874 0.3987007141113281 -0.09830748289823532
