0.45860767364501953 0.5967686772346497 -1.6497945125593105e-06
0.3170693814754486 0.5795018672943115 -0.027996644377708435
0.17909863591194153 0.45870834589004517 -0.03837493062019348
0.1119566559791565 0.3392920196056366 -0.05575153976678848
0.09784021973609924 0.22924157977104187 -0.06463523209095001
0.22156092524528503 0.2935864329338074 0.015883654356002808
0.15963098406791687 0.21068108081817627 -0.05669018253684044
0.18501850962638855 0.32428523898124695 -0.09409356862306595
0.22411909699440002 0.3997392952442169 -0.10533905029296875
0.30924192070961 0.2751428484916687 -0.0005336274625733495
0.24129222333431244 0.18617212772369385 -0.07148924469947815
0.2627221345901489 0.33299458026885986 -0.08209902048110962
0.3031005859375 0.410893976688385 -0.06637890636920929
0.4086136221885681 0.2723607122898102 -0.0298016257584095
0.3426003158092499 0.19640979170799255 -0.10665447264909744
0.3561210036277771 0.35029488801956177 -0.08239482343196869
0.39246970415115356 0.43359053134918213 -0.04031972959637642
0.5166446566581726 0.283222496509552 -0.061484526842832565
0.4431270956993103 0.22195923328399658 -0.10883971303701401
0.43349185585975647 0.33199647068977356 -0.08376438915729523
0.4574477970600128 0.40424537658691406 -0.048433203250169754
