0.43399447202682495 0.5358006954193115 -1.545342570352659e-06
0.3166150450706482 0.5320003032684326 -0.04094724729657173
0.19376379251480103 0.40329205989837646 -0.05078846216201782
0.13628369569778442 0.2816304564476013 -0.06059311702847481
0.10181255638599396 0.18180516362190247 -0.06303475797176361
0.24735727906227112 0.22434793412685394 -0.016024794429540634
0.18749120831489563 0.19099096953868866 -0.08167474716901779
0.20532216131687164 0.31153470277786255 -0.11279671639204025
0.23332718014717102 0.36642271280288696 -0.12334674596786499
0.33330488204956055 0.2035118043422699 -0.023495368659496307
0.264453262090683 0.17436185479164124 -0.08497590571641922
0.27558717131614685 0.3230687975883484 -0.08921937644481659
0.30828896164894104 0.3701641857624054 -0.07594752311706543
0.42518752813339233 0.20692989230155945 -0.04300646111369133
0.3570635914802551 0.18622514605522156 -0.1127142608165741
0.3631620705127716 0.3409084677696228 -0.08796115219593048
0.3956534266471863 0.3937329649925232 -0.051599547266960144
0.5223937034606934 0.22249291837215424 -0.0658351480960846
0.45498955249786377 0.19971761107444763 -0.10892973095178604
0.4391695261001587 0.3152235150337219 -0.08625954389572144
0.45636531710624695 0.3709791898727417 -0.0564378947019577
