0.5476064682006836 0.584506630897522 -1.838847992985393e-06
0.3377719819545746 0.5040384531021118 -0.07119594514369965
0.19793176651000977 0.37125641107559204 -0.11629098653793335
0.16706714034080505 0.23740068078041077 -0.15618258714675903
0.24019071459770203 0.16197335720062256 -0.1721717119216919
0.4004635810852051 0.21958567202091217 -0.045446738600730896
0.3123854696750641 0.16993403434753418 -0.12703096866607666
0.31112778186798096 0.2898709177970886 -0.1581130176782608
0.35701805353164673 0.3094558119773865 -0.17307357490062714
0.5177647471427917 0.2214747965335846 -0.042241569608449936
0.42943695187568665 0.1787130981683731 -0.11349131166934967
0.42534321546554565 0.3336735963821411 -0.11155210435390472
0.4877588748931885 0.33138307929039 -0.10029710084199905
0.6446177959442139 0.23316219449043274 -0.054393939673900604
0.5670723915100098 0.18198812007904053 -0.1245158389210701
0.5436007380485535 0.32599323987960815 -0.08922937512397766
0.6028351783752441 0.3373614549636841 -0.0550522655248642
0.7740097045898438 0.256891667842865 -0.07381405681371689
0.7107894420623779 0.19734905660152435 -0.10418741405010223
0.6734206080436707 0.2953113913536072 -0.07036580890417099
0.7101397514343262 0.32358887791633606 -0.03735986351966858
