0.0037399822473526 0.004453107714653015 4.438816461060924e-07
0.0041850546002388 0.00391853392124176 -0.11415799707174301
0.004165955483913421 0.0030240297317504885 -0.15421974658966064
0.0037280356884002684 0.0024132958054542543 -0.178523451089859
0.0033479419350624083 0.0019093367457389831 -0.2009395956993103
0.003121209740638733 0.0026782751083374023 -0.10890844464302063
0.002370610982179642 0.0020769864320755007 -0.1802891343832016
0.0018291518092155457 0.0016780778765678405 -0.21805378794670105
0.0013807140290737151 0.0013877172768115998 -0.24156421422958374
0.0027210840582847593 0.003082042336463928 -0.08831155300140381
0.0022699019312858583 0.0027285584807395934 -0.21569852530956268
0.0027730491757392882 0.003224046230316162 -0.246208056807518
0.0032010239362716673 0.0036015063524246216 -0.23172733187675476
0.0024515487253665923 0.003551785945892334 -0.07777855545282364
0.002187153697013855 0.003378379940986633 -0.21396112442016602
0.002790752351284027 0.003862934708595276 -0.19858615100383759
0.00318474680185318 0.004123372733592987 -0.1463821977376938
0.0022338910400867464 0.00407923698425293 -0.07356872409582138
0.0019478139281272888 0.0038261288404464722 -0.17067471146583557
0.0024586784839630126 0.004095749855041504 -0.15254034101963043
0.002805728018283844 0.004245378375053406 -0.11071060597896576
