0.49202778935432434 0.6569136381149292 -1.0026627705883584e-06
0.32818371057510376 0.6021809577941895 -0.09152723103761673
0.19711065292358398 0.5199984312057495 -0.16622954607009888
0.19827651977539062 0.47135403752326965 -0.24180522561073303
0.3381459414958954 0.45214879512786865 -0.31180113554000854
0.3904155492782593 0.3187007009983063 -0.11987876147031784
0.45591074228286743 0.2189388871192932 -0.24183045327663422
0.4985840618610382 0.17828145623207092 -0.3185023367404938
0.5406035780906677 0.15356986224651337 -0.3669684827327728
0.5876843333244324 0.32046011090278625 -0.13842375576496124
0.5314189195632935 0.35090360045433044 -0.28062134981155396
0.41600894927978516 0.44379711151123047 -0.31134194135665894
0.35868462920188904 0.4895288944244385 -0.30129241943359375
0.7285299301147461 0.3724735379219055 -0.17157341539859772
0.5881642699241638 0.4787346124649048 -0.2838708162307739
0.4661288857460022 0.5501457452774048 -0.26343604922294617
0.41697755455970764 0.5595153570175171 -0.2239992320537567
0.8280531764030457 0.445244163274765 -0.21736088395118713
0.6890701055526733 0.5407740473747253 -0.27824872732162476
0.5841387510299683 0.5889006853103638 -0.25713685154914856
0.5316137075424194 0.5884779691696167 -0.22329013049602509
