0.44859015941619873 0.6622335314750671 -1.440986466150207e-06
0.277270644903183 0.5822291374206543 -0.0947854071855545
0.18200218677520752 0.4803580045700073 -0.17825482785701752
0.2233637571334839 0.42057523131370544 -0.2691275477409363
0.40072184801101685 0.4338337182998657 -0.349892258644104
0.5339422821998596 0.30274829268455505 -0.11190423369407654
0.7092339992523193 0.19527530670166016 -0.2734066843986511
0.7204881906509399 0.16746635735034943 -0.35912150144577026
0.6877449154853821 0.18939757347106934 -0.3924386501312256
0.7438669800758362 0.3431329131126404 -0.135115846991539
0.6745857000350952 0.3542075455188751 -0.299696147441864
0.49226105213165283 0.4337913393974304 -0.3145202100276947
0.4015480577945709 0.47610533237457275 -0.27926620841026306
0.8703603744506836 0.4207342267036438 -0.18026158213615417
0.6818051338195801 0.4823905825614929 -0.3226329982280731
0.49045073986053467 0.5363197922706604 -0.2931482195854187
0.4163386821746826 0.5448783040046692 -0.23252104222774506
0.9407721161842346 0.5077996850013733 -0.23766964673995972
0.7317406535148621 0.5727738738059998 -0.32123082876205444
0.5634497404098511 0.6077728271484375 -0.2972566485404968
0.48727113008499146 0.604547917842865 -0.24770790338516235
