0.4561888873577118 0.7029695510864258 -2.0520089947240194e-06
0.283385694026947 0.6216408014297485 -0.06796206533908844
0.16800427436828613 0.503183126449585 -0.13870197534561157
0.23398056626319885 0.42621976137161255 -0.22639204561710358
0.41850244998931885 0.4398028254508972 -0.30777499079704285
0.5085525512695312 0.32628145813941956 -0.10126902908086777
0.6645411252975464 0.1847786158323288 -0.2605413496494293
0.6539950966835022 0.17226991057395935 -0.3420533835887909
0.6203796863555908 0.21660113334655762 -0.37503620982170105
0.6920566558837891 0.36814063787460327 -0.14376196265220642
0.6338129043579102 0.35280540585517883 -0.3058341443538666
0.47370898723602295 0.4527791738510132 -0.3132503926753998
0.42184075713157654 0.5016780495643616 -0.281857430934906
0.8318123817443848 0.4420051574707031 -0.2066832333803177
0.7478770017623901 0.4540112614631653 -0.34562304615974426
0.5894939303398132 0.5305252075195312 -0.29587870836257935
0.5418224930763245 0.5522098541259766 -0.22937703132629395
0.9434220790863037 0.5287304520606995 -0.2801227271556854
0.855568528175354 0.5453341007232666 -0.35611745715141296
0.7093611359596252 0.5962784290313721 -0.30881235003471375
0.658165454864502 0.6088600754737854 -0.24904388189315796
