0.45963242650032043 0.8043971061706543 -1.1757211950680357e-06
0.295358806848526 0.7485524415969849 -0.09145931899547577
0.18497204780578613 0.5968565940856934 -0.13811077177524567
0.2558791935443878 0.4699805974960327 -0.17689159512519836
0.43264180421829224 0.44868776202201843 -0.21044878661632538
0.35838115215301514 0.4526155889034271 -0.12515851855278015
0.3376622796058655 0.31463170051574707 -0.24252533912658691
0.3298051953315735 0.23199957609176636 -0.31356731057167053
0.34007465839385986 0.1473124623298645 -0.36819374561309814
0.5532844662666321 0.4590912163257599 -0.13987167179584503
0.5075908303260803 0.46692293882369995 -0.2835049033164978
0.42026057839393616 0.6006951928138733 -0.2852548062801361
0.4120844006538391 0.6440752744674683 -0.2579900026321411
0.70517897605896 0.5220900177955627 -0.169786274433136
0.646251916885376 0.5878040790557861 -0.2984655201435089
0.5403487086296082 0.6892774701118469 -0.23762567341327667
0.531406581401825 0.7025285959243774 -0.1725802719593048
0.8408753871917725 0.6090708374977112 -0.21209783852100372
0.7750699520111084 0.667382001876831 -0.2971871495246887
0.6827950477600098 0.7444801926612854 -0.25587740540504456
0.6730693578720093 0.7574682235717773 -0.20845243334770203
