0.440008282661438 0.7496424913406372 -1.6970908518487704e-06
0.29063403606414795 0.6803336143493652 -0.04869125410914421
0.18669354915618896 0.558097779750824 -0.0951901450753212
0.21122175455093384 0.4574804902076721 -0.1568899154663086
0.3663344979286194 0.42343950271606445 -0.21191293001174927
0.4275258481502533 0.3973091244697571 -0.024749791249632835
0.5385268926620483 0.2594202160835266 -0.15495389699935913
0.49975404143333435 0.20923185348510742 -0.22504664957523346
0.42452919483184814 0.20150288939476013 -0.253096342086792
0.5779274702072144 0.42127010226249695 -0.06068636476993561
0.4802801012992859 0.3588680028915405 -0.21205154061317444
0.36381903290748596 0.4438534080982208 -0.2333642691373825
0.32713067531585693 0.5054621696472168 -0.2044840306043625
0.695732831954956 0.46717724204063416 -0.11517563462257385
0.5268190503120422 0.4577902555465698 -0.255601167678833
0.4314442574977875 0.5457125306129456 -0.21777917444705963
0.4280870854854584 0.5896614193916321 -0.14946572482585907
0.7988523840904236 0.527529239654541 -0.17679303884506226
0.6214902400970459 0.5182711482048035 -0.24315771460533142
0.5262837409973145 0.5827833414077759 -0.19684834778308868
0.5213866233825684 0.6184166669845581 -0.13720056414604187
