0.47285258769989014 0.6938052773475647 -1.851532260843669e-06
0.31610551476478577 0.6305719614028931 -0.06446447223424911
0.21994102001190186 0.5017890334129333 -0.11593262851238251
0.31058070063591003 0.41304367780685425 -0.18168772757053375
0.5281184315681458 0.41137468814849854 -0.24153603613376617
0.5629362463951111 0.33990877866744995 -0.05362599715590477
0.7227627038955688 0.2235136777162552 -0.19527095556259155
0.7119547724723816 0.17238187789916992 -0.27651339769363403
0.6562803983688354 0.16845405101776123 -0.3158014416694641
0.7482341527938843 0.38340485095977783 -0.09455250203609467
0.6544535160064697 0.3634034991264343 -0.25264933705329895
0.4771910309791565 0.44313710927963257 -0.2685542702674866
0.42733633518218994 0.486352801322937 -0.2391284704208374
0.8734303712844849 0.4591008424758911 -0.15624640882015228
0.7205616235733032 0.46247270703315735 -0.3073144555091858
0.5422979593276978 0.531902551651001 -0.2578789293766022
0.5167264342308044 0.5535895824432373 -0.18343278765678406
0.9683045148849487 0.5472692251205444 -0.22712060809135437
0.8082460761070251 0.5403163433074951 -0.3176708519458771
0.6434670090675354 0.5896991491317749 -0.2669723927974701
0.608352780342102 0.6112114191055298 -0.1991964876651764
