0.43923553824424744 0.6772496700286865 -1.512742755949148e-06
0.2855335474014282 0.6197899580001831 -0.054579172283411026
0.16382119059562683 0.5220531821250916 -0.10684748739004135
0.19452634453773499 0.45505088567733765 -0.1693808138370514
0.32172849774360657 0.43900373578071594 -0.22677290439605713
0.32111698389053345 0.31974318623542786 -0.06276876479387283
0.3779129981994629 0.18987002968788147 -0.17191435396671295
0.39721494913101196 0.16832250356674194 -0.23907524347305298
0.4063234031200409 0.18904386460781097 -0.27287742495536804
0.46913719177246094 0.3304455280303955 -0.0853077694773674
0.4409463405609131 0.3430240750312805 -0.20501449704170227
0.3751338720321655 0.4407406747341156 -0.23290780186653137
0.34104159474372864 0.48819565773010254 -0.22498708963394165
0.5967251658439636 0.37375855445861816 -0.1209602877497673
0.5350844264030457 0.42268890142440796 -0.21473924815654755
0.46331489086151123 0.5046470165252686 -0.19138552248477936
0.4307399392127991 0.5266132354736328 -0.1535658836364746
0.7079856395721436 0.43305712938308716 -0.16574259102344513
0.6389684677124023 0.4840970039367676 -0.2154792845249176
0.5674973130226135 0.543293833732605 -0.1897505223751068
0.534142792224884 0.5560064315795898 -0.1535201370716095
