0.46169567108154297 0.6900815367698669 -1.6712127717255498e-06
0.3207811713218689 0.6113297939300537 -0.06007225066423416
0.24930903315544128 0.4938627779483795 -0.1264488846063614
0.32031866908073425 0.4090861678123474 -0.2064664512872696
0.5084467530250549 0.4029528498649597 -0.27983713150024414
0.6044890880584717 0.344382643699646 -0.08523058891296387
0.7926127910614014 0.21535387635231018 -0.22658048570156097
0.7441275119781494 0.17435885965824127 -0.2959306836128235
0.6479859352111816 0.18536978960037231 -0.3206881880760193
0.7732867002487183 0.39333614706993103 -0.12366964668035507
0.6665510535240173 0.3524417281150818 -0.27111753821372986
0.5005320310592651 0.42320990562438965 -0.2829660475254059
0.4490872621536255 0.46726566553115845 -0.2542289197444916
0.8778278827667236 0.4665093421936035 -0.17834371328353882
0.6792026162147522 0.46189433336257935 -0.31547796726226807
0.5214022994041443 0.5249793529510498 -0.26759791374206543
0.490312397480011 0.5500280261039734 -0.19842344522476196
0.9474649429321289 0.5474016070365906 -0.24021925032138824
0.7568111419677734 0.5351991653442383 -0.3099438548088074
0.6183287501335144 0.5827248096466064 -0.2508256137371063
0.5900139808654785 0.6064800024032593 -0.18161702156066895
