0.4612700343132019 0.6396051049232483 -1.6233515225394513e-06
0.3053557276725769 0.5573852062225342 -0.09054072201251984
0.22592979669570923 0.4438988268375397 -0.1623775213956833
0.31301891803741455 0.4041755199432373 -0.2417769581079483
0.5026770830154419 0.4196266233921051 -0.3111228942871094
0.5973906517028809 0.27772635221481323 -0.10988934338092804
0.8001426458358765 0.17556777596473694 -0.2838948369026184
0.8166399002075195 0.14960795640945435 -0.3869336247444153
0.7787689566612244 0.159570574760437 -0.4382084906101227
0.7798410654067993 0.32475775480270386 -0.1404932588338852
0.7336587309837341 0.3261343836784363 -0.3275071978569031
0.5396898984909058 0.415614515542984 -0.3571687340736389
0.46290281414985657 0.44866567850112915 -0.33556562662124634
0.8964461088180542 0.40458041429519653 -0.19418400526046753
0.7910649180412292 0.443384051322937 -0.3474428355693817
0.6035392880439758 0.5132274031639099 -0.3083356022834778
0.5535013675689697 0.5169705152511597 -0.24527134001255035
0.9714712500572205 0.4973676800727844 -0.2607625424861908
0.8420028686523438 0.5453035235404968 -0.3493002951145172
0.682652473449707 0.5858219265937805 -0.31795087456703186
0.6417007446289062 0.5761315226554871 -0.26762330532073975
