0.4644410312175751 0.6573769450187683 -1.030895532494469e-06
0.32509928941726685 0.6145280599594116 -0.07997439056634903
0.19592079520225525 0.5412523746490479 -0.15126118063926697
0.16875773668289185 0.484097421169281 -0.2248091846704483
0.28827589750289917 0.46150124073028564 -0.28904983401298523
0.3259519934654236 0.3208514451980591 -0.10370831191539764
0.3885994553565979 0.1991223245859146 -0.23553240299224854
0.3768288195133209 0.17991212010383606 -0.30815988779067993
0.36254629492759705 0.20552755892276764 -0.339363694190979
0.4976867437362671 0.31970450282096863 -0.12003736943006516
0.46840500831604004 0.33631351590156555 -0.2583836019039154
0.38174301385879517 0.4349507689476013 -0.2802203893661499
0.3427734971046448 0.49301373958587646 -0.2598617374897003
0.631412923336029 0.36662137508392334 -0.15275000035762787
0.5227352976799011 0.47178107500076294 -0.2642315924167633
0.4205964207649231 0.5558249354362488 -0.24274732172489166
0.37863773107528687 0.5748730897903442 -0.19956450164318085
0.7351258993148804 0.43141862750053406 -0.1958434283733368
0.6226744651794434 0.5348753929138184 -0.25281864404678345
0.5374363660812378 0.598604142665863 -0.23081479966640472
0.500044584274292 0.6029421091079712 -0.19511260092258453
