0.5233807563781738 0.7412327527999878 -2.1703333459299756e-06
0.34276869893074036 0.689343273639679 -0.06259000301361084
0.1974380612373352 0.5575392246246338 -0.10907008498907089
0.16012197732925415 0.43573081493377686 -0.16159546375274658
0.30251842737197876 0.39980143308639526 -0.21012647449970245
0.43215811252593994 0.3931307792663574 -0.05975945666432381
0.39629030227661133 0.2563560903072357 -0.18590684235095978
0.30183082818984985 0.19439107179641724 -0.2666876018047333
0.20563262701034546 0.17393292486667633 -0.3144713044166565
0.6211149096488953 0.39909541606903076 -0.08968272060155869
0.3973366618156433 0.41861531138420105 -0.23912253975868225
0.3344656229019165 0.5279174447059631 -0.2577289938926697
0.35411369800567627 0.5913487672805786 -0.23335672914981842
0.7658921480178833 0.4535430669784546 -0.13574795424938202
0.5034428834915161 0.5176082849502563 -0.26217201352119446
0.47032350301742554 0.6059772968292236 -0.21085786819458008
0.518028199672699 0.6406739950180054 -0.14394842088222504
0.878248393535614 0.5309209823608398 -0.19315189123153687
0.6364231705665588 0.5800730586051941 -0.26954320073127747
0.5869559645652771 0.6493813395500183 -0.2273775190114975
0.6288422346115112 0.6794624328613281 -0.17143002152442932
