0.4649357795715332 0.7394130229949951 -2.108491116814548e-06
0.30344676971435547 0.6490497589111328 -0.034160271286964417
0.21981656551361084 0.5274444818496704 -0.08830125629901886
0.2564528286457062 0.4372275769710541 -0.16529691219329834
0.4276047945022583 0.4096955955028534 -0.23608887195587158
0.5150983333587646 0.3557157814502716 -0.034030765295028687
0.6655767560005188 0.20537279546260834 -0.18159212172031403
0.5985473990440369 0.16833217442035675 -0.2560582458972931
0.4983082413673401 0.18576274812221527 -0.2801494896411896
0.6909471154212952 0.3901465833187103 -0.08288384974002838
0.5604251027107239 0.3401351273059845 -0.23899200558662415
0.4203763008117676 0.4344978332519531 -0.25515836477279663
0.3863992691040039 0.4954688549041748 -0.22303679585456848
0.8166483640670776 0.44951939582824707 -0.14923368394374847
0.6001337170600891 0.45270758867263794 -0.2883879840373993
0.4782032072544098 0.537301778793335 -0.24119414389133453
0.4656772017478943 0.5726358890533447 -0.16863541305065155
0.9115408658981323 0.5192720890045166 -0.22173920273780823
0.7065205574035645 0.5216413736343384 -0.27668458223342896
0.5842360854148865 0.5830087661743164 -0.21465623378753662
0.5617278218269348 0.6109903454780579 -0.14469587802886963
