0.5078648328781128 0.6850599050521851 -1.6009764749469468e-06
0.3625446856021881 0.6332288980484009 -0.07052724808454514
0.2356014847755432 0.5190989375114441 -0.14076443016529083
0.23576819896697998 0.43299752473831177 -0.2216448336839676
0.37753602862358093 0.43775975704193115 -0.2916034162044525
0.5679925084114075 0.33870431780815125 -0.09382236748933792
0.6903775930404663 0.20206913352012634 -0.23481175303459167
0.6053489446640015 0.18467292189598083 -0.2968759834766388
0.5066920518875122 0.21755875647068024 -0.31616294384002686
0.7317579984664917 0.3834300637245178 -0.1181524246931076
0.6336230039596558 0.33571457862854004 -0.26074862480163574
0.4870455861091614 0.4154067635536194 -0.26372388005256653
0.44539856910705566 0.46020451188087463 -0.22831490635871887
0.8467111587524414 0.45382100343704224 -0.16055846214294434
0.668383002281189 0.4472030997276306 -0.28524482250213623
0.5426997542381287 0.5215549468994141 -0.23275020718574524
0.5184770226478577 0.554012656211853 -0.1630900502204895
0.9294565320014954 0.5368662476539612 -0.2122940570116043
0.7510735988616943 0.5366477966308594 -0.2781536281108856
0.6452339887619019 0.5876574516296387 -0.229593887925148
0.633173406124115 0.6125717163085938 -0.16879791021347046
