0.4711705446243286 0.658349871635437 -1.6415002619396546e-06
0.35213589668273926 0.5412559509277344 -0.060417693108320236
0.337644100189209 0.42654457688331604 -0.12982138991355896
0.43030065298080444 0.353098601102829 -0.22031359374523163
0.5933497548103333 0.33980032801628113 -0.304276704788208
0.6182366609573364 0.2880536615848541 -0.06851649284362793
0.7974520325660706 0.1554226130247116 -0.22845791280269623
0.8094944357872009 0.13528341054916382 -0.3208294212818146
0.7813711762428284 0.16328871250152588 -0.35731250047683716
0.7651945352554321 0.34534916281700134 -0.11028550565242767
0.7769943475723267 0.30722710490226746 -0.27680784463882446
0.603887677192688 0.4011390507221222 -0.3000684082508087
0.5219709277153015 0.4524739980697632 -0.27567410469055176
0.8755232095718384 0.4219270944595337 -0.17222769558429718
0.8522023558616638 0.4089564085006714 -0.315578430891037
0.6693083643913269 0.48083895444869995 -0.27705663442611694
0.5886327028274536 0.5139870643615723 -0.21262240409851074
0.9556758403778076 0.5072345733642578 -0.2430383712053299
0.9319809675216675 0.491484671831131 -0.30936071276664734
0.7731216549873352 0.5319792032241821 -0.25664904713630676
0.6948127746582031 0.5536601543426514 -0.19235099852085114
