0.44834330677986145 0.6413223743438721 -1.3726731822316651e-06
0.3005911707878113 0.5864884853363037 -0.07013663649559021
0.18319806456565857 0.46706074476242065 -0.12872983515262604
0.2246156632900238 0.3734758198261261 -0.1960119605064392
0.39594799280166626 0.3554821312427521 -0.2545482814311981
0.4199327826499939 0.2607881426811218 -0.06315433233976364
0.5467175245285034 0.1370052546262741 -0.20236222445964813
0.5526671409606934 0.08655089139938354 -0.2815359830856323
0.5117712020874023 0.08529581129550934 -0.31741976737976074
0.5921094417572021 0.2909195125102997 -0.08712338656187057
0.5521278977394104 0.2764491140842438 -0.23747722804546356
0.4376456141471863 0.36915647983551025 -0.25621357560157776
0.37917566299438477 0.41431134939193726 -0.22933445870876312
0.7246038913726807 0.3500478267669678 -0.13048693537712097
0.6083866357803345 0.38839712738990784 -0.25947046279907227
0.48667240142822266 0.46913158893585205 -0.21732673048973083
0.44337621331214905 0.4859716296195984 -0.15406006574630737
0.8312556743621826 0.4234013557434082 -0.18445070087909698
0.6903821229934692 0.46795839071273804 -0.25262612104415894
0.583557665348053 0.5268767476081848 -0.2155144363641739
0.5530000329017639 0.5338345766067505 -0.16376766562461853
