0.5163770914077759 0.8540451526641846 -1.0464684692124138e-06
0.3292648494243622 0.8100767135620117 -0.08334234356880188
0.14692959189414978 0.6574852466583252 -0.12454082071781158
0.15368443727493286 0.5151830911636353 -0.16294682025909424
0.3544725179672241 0.4723531901836395 -0.20216180384159088
0.3474232256412506 0.479230135679245 -0.08029454201459885
0.30385881662368774 0.37442708015441895 -0.18055562674999237
0.2606675624847412 0.29497215151786804 -0.25772833824157715
0.21989452838897705 0.2200547456741333 -0.32402074337005615
0.5465407371520996 0.4643878638744354 -0.1058700680732727
0.4097207486629486 0.48710891604423523 -0.24107804894447327
0.36902737617492676 0.6280030012130737 -0.24685616791248322
0.3905365467071533 0.6876950860023499 -0.21805520355701447
0.7141961455345154 0.5128094553947449 -0.14773832261562347
0.565895140171051 0.5852633714675903 -0.26030054688453674
0.5135369300842285 0.6998279094696045 -0.20039966702461243
0.542228102684021 0.7293276786804199 -0.13468866050243378
0.8717464208602905 0.5890553593635559 -0.2029494345188141
0.7201012372970581 0.6516146659851074 -0.2757863998413086
0.6644437313079834 0.735550582408905 -0.23445314168930054
0.695582389831543 0.75702965259552 -0.18691352009773254
