0.5394647121429443 0.7353084087371826 -8.814490684017073e-07
0.33963459730148315 0.6338791847229004 -0.0340072326362133
0.23061659932136536 0.5212668180465698 -0.08679261058568954
0.1742805689573288 0.44212397933006287 -0.14234228432178497
0.21013884246349335 0.4154932498931885 -0.2007921040058136
0.5142037868499756 0.3751993775367737 -0.11709114164113998
0.44676247239112854 0.26095396280288696 -0.22515268623828888
0.310261607170105 0.1929144561290741 -0.28770238161087036
0.19294874370098114 0.1618078052997589 -0.3297017514705658
0.6236017942428589 0.4106898903846741 -0.15647248923778534
0.28147435188293457 0.43079066276550293 -0.2746008336544037
0.21019935607910156 0.5143123269081116 -0.27469602227211
0.2394619584083557 0.5525718331336975 -0.2585163414478302
0.6792755722999573 0.48478177189826965 -0.20146861672401428
0.3277311325073242 0.529973030090332 -0.3173421025276184
0.29017168283462524 0.5812300443649292 -0.2706936001777649
0.34021443128585815 0.5942950248718262 -0.21775871515274048
0.6924374103546143 0.5744942426681519 -0.249581441283226
0.40437963604927063 0.6030011177062988 -0.33799368143081665
0.3674267530441284 0.635159969329834 -0.31006380915641785
0.41233664751052856 0.6385188102722168 -0.26984062790870667
