0.46679386496543884 0.6750282049179077 -1.3441863302432466e-06
0.30070605874061584 0.5967852473258972 -0.08044066280126572
0.18333187699317932 0.476790189743042 -0.14786486327648163
0.20825234055519104 0.394375741481781 -0.21926137804985046
0.3912910223007202 0.4196244478225708 -0.28417471051216125
0.5491164922714233 0.3007488250732422 -0.10565851628780365
0.7150082588195801 0.18753471970558167 -0.24726493656635284
0.7027006149291992 0.15568429231643677 -0.33147719502449036
0.6573711037635803 0.17183145880699158 -0.3714311122894287
0.7442635297775269 0.3382318317890167 -0.12892676889896393
0.6521680951118469 0.3390638828277588 -0.27655521035194397
0.4776804447174072 0.4142371714115143 -0.30051857233047485
0.3851412534713745 0.4705183207988739 -0.2802954614162445
0.8634315133094788 0.4169637858867645 -0.16983669996261597
0.6548787951469421 0.475679874420166 -0.2941667139530182
0.4823264181613922 0.5314309597015381 -0.28254905343055725
0.4016241431236267 0.5535326600074768 -0.24164344370365143
0.9291144609451294 0.5095809102058411 -0.2206886261701584
0.7119881510734558 0.5662378668785095 -0.29051700234413147
0.5664248466491699 0.6019930839538574 -0.27564576268196106
0.49406296014785767 0.6073382496833801 -0.2404937893152237
