0.4788704915766924 1.0 2.5427399918953597e-07
0.7535654030562768 0.8694772107472089 -0.03348792344331741
1.0 0.6515238824307056 -0.06445714831352234
0.8475352241848959 0.49891413340669927 -0.09732410311698914
0.577294773706637 0.4588765261367547 -0.12785249948501587
0.7318767247094188 0.24981065032035774 -0.028545808047056198
0.7884299627627663 0.07338197076933783 -0.08143805712461472
0.8849710762038551 0.0 -0.11393919587135315
0.9589028634020876 0.005301520240309589 -0.1323779970407486
0.44538662579674304 0.25303372441680705 -0.04582900553941727
0.5954703901182928 0.13173985344321257 -0.10722285509109497
0.6889620079425104 0.3627288612779702 -0.12078340351581573
0.6867045770781833 0.4802639007848297 -0.11601909250020981
0.21243899248622364 0.3280541081095279 -0.06968561559915543
0.4054750850705336 0.32536124019504437 -0.14064915478229523
0.5236591131172222 0.5601349399104174 -0.13078582286834717
0.5013171434680319 0.6351057690927706 -0.10806706547737122
0.0 0.45923979048461333 -0.09575644880533218
0.22694758069148085 0.47747178845477395 -0.13889320194721222
0.3387704487032927 0.638137124099929 -0.12187796086072922
0.3058364889316594 0.6816562742102893 -0.10070233792066574
