0.47604358196258545 0.5787433385848999 -2.695915668482485e-07
0.5917788147926331 0.5073025822639465 -0.04752472788095474
0.6725439429283142 0.41225090622901917 -0.07435258477926254
0.608134925365448 0.3266024589538574 -0.10185549408197403
0.5198158621788025 0.2799772322177887 -0.12705811858177185
0.6295217275619507 0.2424216866493225 -0.009594910778105259
0.652709424495697 0.14586500823497772 -0.06494756788015366
0.6509941816329956 0.1157306581735611 -0.10213463753461838
0.6435756087303162 0.1095324158668518 -0.12317793816328049
0.5396916270256042 0.23835961520671844 -0.015964379534125328
0.5507879257202148 0.1561480313539505 -0.0918261706829071
0.5610476136207581 0.26463738083839417 -0.11860674619674683
0.5681312680244446 0.33946144580841064 -0.11677736788988113
0.4544343948364258 0.26053789258003235 -0.03145570307970047
0.46425577998161316 0.2113470733165741 -0.12109819054603577
0.4934241473674774 0.32748299837112427 -0.11767718940973282
0.5056465864181519 0.39685875177383423 -0.08984474837779999
0.36379873752593994 0.3043856620788574 -0.04929281026124954
0.3902534544467926 0.2682723104953766 -0.1140335276722908
0.4258536100387573 0.3525925278663635 -0.104302316904068
0.4389476776123047 0.4037601947784424 -0.07977708429098129
