0.47990669537290137 1.0 6.954638109846201e-08
0.8260359003392318 0.8037042757315308 -0.021513108164072037
1.0 0.590445778242946 -0.03041258081793785
0.7368781126986349 0.45258609216573203 -0.04074142500758171
0.4364578840591239 0.4391143256640832 -0.05202766880393028
0.7797881276426935 0.39985705389725296 -0.0014662063913419843
0.8406502343631136 0.20958831522408855 -0.02061370387673378
0.8478343831040319 0.09128110926175732 -0.03697379305958748
0.8407988321544329 0.0 -0.04901661351323128
0.5041840258705058 0.4167361954319683 -0.007882342673838139
0.48352538427314906 0.19399322402611807 -0.03998541086912155
0.5636646906364022 0.27968735879964707 -0.055594321340322495
0.6058150086134968 0.3937668926967686 -0.057762157171964645
0.2512424919302528 0.47768792072570615 -0.016931794583797455
0.25625962651238915 0.3071579850185912 -0.05908440425992012
0.4104448426438105 0.4504361499192437 -0.06011509522795677
0.4785249577013799 0.5851646591228367 -0.0483957938849926
0.0 0.5779483455220901 -0.026800956577062607
0.050231080654888946 0.44451538806580776 -0.05869852751493454
0.20495080525956338 0.5560969798938913 -0.05180015787482262
0.271647851919122 0.6790232344924017 -0.03833926469087601
