0.43745069241044693 1.0 8.022639974569756e-08
0.7944535480724584 0.8791430074050325 -0.02486695721745491
1.0 0.656826101263046 -0.03385589271783829
0.7296077501966263 0.4909061251121442 -0.04157913103699684
0.407886878573353 0.42753856927477235 -0.049695294350385666
0.8550168597221982 0.4363275157888862 -0.0069378758780658245
0.8972070409324979 0.24423648596172073 -0.024350786581635475
0.8664958880641704 0.1059402729795818 -0.03896636515855789
0.8233597260239769 0.0 -0.049655962735414505
0.5421211153472402 0.4528304254264616 -0.008130683563649654
0.5086183323755394 0.26271088355240796 -0.04077951982617378
0.5476222214078401 0.3962266763326473 -0.05671281740069389
0.5694329390605513 0.5433055620276666 -0.05823025479912758
0.26202299752289143 0.5145094633801467 -0.011735932901501656
0.24105194356976678 0.3707418467085367 -0.051943983882665634
0.36753147329366037 0.5417537697432739 -0.053413454443216324
0.4242842823412482 0.6883986814633187 -0.04224680736660957
0.0 0.6122252156186498 -0.016229743137955666
0.025207630509311407 0.4849347643657609 -0.04904760420322418
0.1559136688793248 0.6211768482888856 -0.04529162868857384
0.21625669465679903 0.7525558709042084 -0.03362268954515457
