0.46116297345864554 1.0 3.0459611366495665e-07
0.7809425320250811 0.8302100045761039 -0.022488107904791832
1.0 0.6138759760387641 -0.030720245093107224
0.8487916030393076 0.4544176744014651 -0.041158679872751236
0.5740787969640628 0.4051497968367252 -0.052085328847169876
0.6624736932937855 0.3972899342819454 0.004546265583485365
0.7035071144528108 0.20166801838678647 -0.015794288367033005
0.7616685768039965 0.08515396155780548 -0.03220278024673462
0.8303769463050541 0.0 -0.04168598726391792
0.4451242898298992 0.4197262734949432 0.002966600703075528
0.4842645760631129 0.26777516669840395 -0.027973834425210953
0.6013748775789299 0.3045950614550823 -0.04581505432724953
0.6944950880355889 0.3711483221729835 -0.05047748610377312
0.22764608939442704 0.4704680608350864 -0.0028969119302928448
0.33115988443782 0.3666725428911373 -0.043792981654405594
0.4290658954496602 0.5189218433400441 -0.04820124804973602
0.4725941560781563 0.6679144336895871 -0.03834390267729759
0.0 0.545298315936269 -0.009980503469705582
0.1506795168729299 0.4415887972678525 -0.03810149058699608
0.2692720368082485 0.560517030471876 -0.034584011882543564
0.31237087388895685 0.6922453958461832 -0.023600077256560326
