0.3404433950090025 1.0 -2.461209760440397e-07
0.7523865780142933 0.8696976226031163 -0.03695571422576904
1.0 0.5953731742527507 -0.05280996114015579
0.7263577455095156 0.35043855325537937 -0.06529740244150162
0.37808826421193 0.23056671999974898 -0.07549843937158585
0.9639378614048779 0.2606998025569025 -0.014827141538262367
0.9553351963031469 0.0 -0.053072527050971985
0.8928528632791136 0.02285075043281378 -0.0788840726017952
0.8687443542489846 0.136831975688691 -0.09004807472229004
0.6107154818014785 0.25819757540608407 -0.009329321794211864
0.5286373999127405 0.0576005787062156 -0.05286151543259621
0.5458035555173197 0.27469274209005196 -0.07243650406599045
0.6005911523784359 0.4911944849810153 -0.07340618968009949
0.30321677225885346 0.3125269160360873 -0.009711225517094135
0.21996537272710515 0.18209464874556563 -0.057277075946331024
0.3010502633147548 0.4252153217517133 -0.0586792528629303
0.3784139510732304 0.626159366989742 -0.0449114553630352
0.02054246833770655 0.415119732726213 -0.011945665813982487
0.0 0.2930525837695028 -0.049329377710819244
0.09502797527237868 0.4888195982996517 -0.04651428014039993
0.17727350936810604 0.6519566634495985 -0.03264343738555908
