0.4503929018974304 0.5482934713363647 3.1480603013278596e-08
0.5151070952415466 0.4940274953842163 -0.018608087673783302
0.5621256828308105 0.42636725306510925 -0.026288438588380814
0.5297638177871704 0.379111647605896 -0.03584247827529907
0.47649651765823364 0.3723233640193939 -0.04693063721060753
0.5022068023681641 0.36219969391822815 0.00481669744476676
0.5123533606529236 0.30807098746299744 -0.013208156451582909
0.5230163931846619 0.2742229998111725 -0.027856362983584404
0.5337008833885193 0.24361154437065125 -0.037706874310970306
0.45339351892471313 0.3646756708621979 0.0013134456239640713
0.46099692583084106 0.311208575963974 -0.03119032457470894
0.4755915701389313 0.36051130294799805 -0.04606296494603157
0.482487291097641 0.4042658805847168 -0.0464303158223629
0.40661096572875977 0.3791500926017761 -0.005044809076935053
0.4141482412815094 0.32939550280570984 -0.0441240519285202
0.4383253753185272 0.3822173476219177 -0.044542450457811356
0.44897955656051636 0.42782458662986755 -0.03215193748474121
0.35594987869262695 0.4058696925640106 -0.011824041604995728
0.36904677748680115 0.360333114862442 -0.03807440772652626
0.3994221091270447 0.3919033408164978 -0.031508706510066986
0.4142698645591736 0.42833980917930603 -0.01854691654443741
