0.29922494292259216 0.7500616908073425 -1.1914556807823828e-07
0.39504069089889526 0.6701129674911499 -0.03713911026716232
0.4487079381942749 0.5507251024246216 -0.04833618178963661
0.3644427955150604 0.4710173010826111 -0.05946594104170799
0.267846018075943 0.46527451276779175 -0.07136783003807068
0.3858345150947571 0.44950491189956665 0.005719778127968311
0.3780527114868164 0.3557509183883667 -0.018484247848391533
0.36799803376197815 0.30208227038383484 -0.039505500346422195
0.35699939727783203 0.26637330651283264 -0.054801251739263535
0.306996613740921 0.45784011483192444 0.004286712035536766
0.30355775356292725 0.36805668473243713 -0.04660487174987793
0.3238146901130676 0.44934535026550293 -0.07007554918527603
0.3318725526332855 0.5264235138893127 -0.07001399248838425
0.23678606748580933 0.4830019772052765 -0.0019097878830507398
0.22003591060638428 0.3919017016887665 -0.0639946386218071
0.2560867667198181 0.4815574884414673 -0.0632709264755249
0.27268239855766296 0.5620777010917664 -0.04321518912911415
0.1627611517906189 0.5251445770263672 -0.00980337057262659
0.15938904881477356 0.44933584332466125 -0.06122252345085144
0.19787731766700745 0.5106570720672607 -0.05465015769004822
0.217042475938797 0.5772620439529419 -0.03558600693941116
