0.44759502023804343 1.0 1.1689460421848707e-07
0.7681338341427697 0.8415581346105014 -0.05006393790245056
1.0 0.6062876106078059 -0.07267042994499207
0.8705235649678317 0.4056299384172288 -0.09684181213378906
0.6018675387415803 0.37400638584079504 -0.122328981757164
0.6316408080112442 0.3651166307748675 -0.010285814292728901
0.5972405344584372 0.17696551531749524 -0.05217475816607475
0.6163308273660334 0.06570555062061621 -0.08288618922233582
0.6497698418590838 0.0 -0.10175759345293045
0.4174717294630582 0.38954090127514734 -0.011277448385953903
0.4591326091075036 0.2298140479711249 -0.08469182997941971
0.5661810261622474 0.4213837804212652 -0.11157625168561935
0.6086497154385165 0.5853930481494856 -0.10863876342773438
0.22255495377636003 0.44698941609270537 -0.01940656453371048
0.2378659744854724 0.2784785171986297 -0.1007627323269844
0.3792527412884248 0.46727058902088753 -0.09924982488155365
0.4342693215071134 0.6337169406656281 -0.07282353937625885
0.0 0.5380420122954672 -0.030534690245985985
0.06386960414847888 0.3806949126779324 -0.09102096408605576
0.20763147687793937 0.5028544304186732 -0.08499986678361893
0.26126413206827426 0.6385605763071951 -0.06348445266485214
