0.4592597079065295 1.0 5.0220940295275796e-08
0.787527509889807 0.8776887521687204 -0.0555078499019146
1.0 0.6658681294995926 -0.08921705931425095
0.754403588057523 0.5049620453022681 -0.12412627041339874
0.43957645503436166 0.43893617891173625 -0.156687393784523
0.8292504129734449 0.3532764817445601 -0.02394763007760048
0.808725917082285 0.09870724143075624 -0.08581820130348206
0.7856433089044895 0.0 -0.124918632209301
0.7538716177812079 0.013558554831477086 -0.1405235230922699
0.5416260569867648 0.3583298444303462 -0.02621982991695404
0.607546819158935 0.14798756012357028 -0.10166031122207642
0.6506827848194339 0.2894519414356215 -0.1282529979944229
0.654525771949791 0.4266049340297978 -0.12420821934938431
0.2776084330248629 0.39780419719074717 -0.03759390488266945
0.27471442303309634 0.22618943723788054 -0.12282095849514008
0.34375127559577984 0.42835512095265227 -0.1170763224363327
0.3608877009336105 0.5936583556161054 -0.08615593612194061
0.001638669460700806 0.46921978492248057 -0.052286144345998764
0.0 0.30361562900524897 -0.11145002394914627
0.10718398792390445 0.4428593204195918 -0.09418906271457672
0.15729763331414043 0.5766455980436397 -0.06273394078016281
