0.4213022291660309 0.9064071774482727 2.204559024221453e-07
0.571047842502594 0.8468744158744812 -0.11347012221813202
0.684589147567749 0.7240716218948364 -0.1846090406179428
0.5761751532554626 0.6218206882476807 -0.24602684378623962
0.41846218705177307 0.5833020806312561 -0.3062669634819031
0.61812824010849 0.47768229246139526 -0.08772008866071701
0.6265527009963989 0.3534380793571472 -0.17541423439979553
0.6227884292602539 0.2777597904205322 -0.22690710425376892
0.6226452589035034 0.21989300847053528 -0.2581914961338043
0.48120346665382385 0.4666464924812317 -0.08092506229877472
0.497384250164032 0.34695786237716675 -0.20129811763763428
0.4940510392189026 0.5242716670036316 -0.23191878199577332
0.49571457505226135 0.6177845597267151 -0.21988436579704285
0.35758867859840393 0.4923526346683502 -0.08692159503698349
0.35137107968330383 0.3976922035217285 -0.22146449983119965
0.37126100063323975 0.5704435706138611 -0.20186619460582733
0.38397416472435 0.6567907333374023 -0.15090467035770416
0.2324737310409546 0.5493959188461304 -0.09897459298372269
0.2211093306541443 0.4730324447154999 -0.19541189074516296
0.26724696159362793 0.5882169604301453 -0.1683691143989563
0.2979816198348999 0.6591742038726807 -0.12199650704860687
