0.3693558871746063 0.6606864333152771 4.4683028477265907e-07
0.45696496963500977 0.6281436681747437 -0.0432717502117157
0.52634596824646 0.5262598991394043 -0.059634190052747726
0.48096466064453125 0.4517805576324463 -0.07273375988006592
0.4002549648284912 0.43162208795547485 -0.08903463929891586
0.4388064742088318 0.42711859941482544 -0.03247150033712387
0.4363222122192383 0.3488364815711975 -0.06298540532588959
0.43728578090667725 0.28512126207351685 -0.08358050137758255
0.4385582208633423 0.23159201443195343 -0.09778907895088196
0.36429575085639954 0.4311109781265259 -0.031904514878988266
0.3841032087802887 0.35643431544303894 -0.08436610549688339
0.41098344326019287 0.42868438363075256 -0.10295216739177704
0.4238418936729431 0.4966925084590912 -0.09996524453163147
0.29565325379371643 0.4555646479129791 -0.03443837910890579
0.3125649690628052 0.38471847772598267 -0.102508544921875
0.34455418586730957 0.47730493545532227 -0.1000303328037262
0.3591424822807312 0.5532901883125305 -0.0769893005490303
0.22843049466609955 0.49677011370658875 -0.03771807998418808
0.2519117593765259 0.4355294704437256 -0.09177691489458084
0.2903439998626709 0.5000722408294678 -0.08357808738946915
0.31013405323028564 0.565261721611023 -0.06251119822263718
