0.6896436214447021 0.49986448884010315 3.3327322057630226e-07
0.7725698947906494 0.4529533386230469 -0.04002547636628151
0.8391612768173218 0.361765056848526 -0.05889035761356354
0.7921391129493713 0.29438573122024536 -0.07454866915941238
0.7122992277145386 0.2819640636444092 -0.09309589862823486
0.7622079253196716 0.25706011056900024 -0.02843247354030609
0.7628176808357239 0.18019090592861176 -0.05664116144180298
0.7611372470855713 0.12101733684539795 -0.0788593590259552
0.7592918872833252 0.07005783915519714 -0.09476923942565918
0.6912913918495178 0.26666146516799927 -0.02847125008702278
0.7013019323348999 0.1965186893939972 -0.07698827236890793
0.7253401279449463 0.2694007158279419 -0.09636899083852768
0.7363980412483215 0.3368432819843292 -0.09563867002725601
0.6278162002563477 0.29501810669898987 -0.031014911830425262
0.6368245482444763 0.23732757568359375 -0.09103376418352127
0.668571412563324 0.3222384452819824 -0.08634615689516068
0.6802951693534851 0.3911948502063751 -0.06462839990854263
0.5647309422492981 0.3400956392288208 -0.03458729013800621
0.5782957673072815 0.2811247706413269 -0.08188465982675552
0.6184350252151489 0.3430112898349762 -0.06987056881189346
0.6364941596984863 0.40533626079559326 -0.04723285138607025
