0.4205829311130188 1.0 1.1440297242870656e-07
0.7497292677692321 0.8805986150133069 -0.044431865215301514
1.0 0.6405446827661498 -0.06158024072647095
0.7857166711925577 0.46079863815587574 -0.07390096038579941
0.46792055747297606 0.42122777272899825 -0.08688250184059143
0.8604970742304525 0.407358330661571 -0.021015843376517296
0.8467688423062772 0.22354266991150484 -0.04903555288910866
0.7438328347553391 0.09297705363999219 -0.07331414520740509
0.6300557670071305 0.0 -0.0899200588464737
0.5604211925576832 0.4092975498605729 -0.014928774908185005
0.5395000788381016 0.22459954437496082 -0.061692360788583755
0.539115469349498 0.342135620026463 -0.08498161286115646
0.5377691992676816 0.47722839840160775 -0.0881786122918129
0.28757867385553354 0.45597053118598346 -0.013056550174951553
0.20106371213581176 0.29438710382643624 -0.06944367289543152
0.2856019727044973 0.5117419265136544 -0.07115722447633743
0.37212706293032466 0.6990165323010346 -0.05437448248267174
0.0404822701869339 0.5425391056815007 -0.01312630157917738
0.0 0.40998469205976634 -0.058540817350149155
0.09577405876066504 0.5655380624364551 -0.054351355880498886
0.18740829595823333 0.7158372464550936 -0.03821903467178345
