0.33822593092918396 0.7730246186256409 1.769972755027993e-07
0.42841336131095886 0.7239737510681152 -0.06399757415056229
0.49593961238861084 0.6275123953819275 -0.09923750907182693
0.4301951229572296 0.5486470460891724 -0.1304590106010437
0.34222471714019775 0.5266863703727722 -0.15778645873069763
0.441461980342865 0.47991007566452026 -0.03324858471751213
0.4509045481681824 0.36900851130485535 -0.08845101296901703
0.4317602515220642 0.3190658390522003 -0.12060396373271942
0.40176743268966675 0.31174641847610474 -0.1344590038061142
0.35784095525741577 0.48981600999832153 -0.027643604204058647
0.3458549678325653 0.41867968440055847 -0.10200674086809158
0.3650718927383423 0.5247957110404968 -0.12268713116645813
0.37877190113067627 0.5966742038726807 -0.11452380567789078
0.28502216935157776 0.514508068561554 -0.03122374415397644
0.269544392824173 0.4607897102832794 -0.11294321715831757
0.30213844776153564 0.5662948489189148 -0.1051776260137558
0.31666553020477295 0.6309450268745422 -0.07466337829828262
0.2089555561542511 0.5516570210456848 -0.038831185549497604
0.20576733350753784 0.4990408718585968 -0.09574642777442932
0.24246957898139954 0.5739420056343079 -0.0825897753238678
0.2602982521057129 0.6262086629867554 -0.05564872547984123
