0.42327016592025757 0.6572728157043457 4.284306598378862e-08
0.5152692198753357 0.6195216774940491 -0.03390246629714966
0.5957342982292175 0.5327829718589783 -0.05202873423695564
0.5539857149124146 0.4481229782104492 -0.07083060592412949
0.47131553292274475 0.41857919096946716 -0.08885710686445236
0.5281804203987122 0.40854886174201965 -0.00834336131811142
0.542838990688324 0.3180861473083496 -0.04600707069039345
0.5536671876907349 0.2830742597579956 -0.07156888395547867
0.5552854537963867 0.28854531049728394 -0.08344008773565292
0.4593651592731476 0.40900158882141113 -0.010623613372445107
0.4728415906429291 0.3529241979122162 -0.06149943172931671
0.48918822407722473 0.44239896535873413 -0.07875974476337433
0.4901443123817444 0.5094228982925415 -0.0754302516579628
0.39977020025253296 0.42726680636405945 -0.01838682033121586
0.40997087955474854 0.3842911422252655 -0.07611632347106934
0.43403664231300354 0.4704866409301758 -0.07044188678264618
0.4336360991001129 0.5290033221244812 -0.04946819692850113
0.33449894189834595 0.45650747418403625 -0.0279436893761158
0.3584442436695099 0.4086543917655945 -0.06896873563528061
0.3850023150444031 0.4708298444747925 -0.056837912648916245
0.386262983083725 0.5209839940071106 -0.035884931683540344
