0.5498914086175944 1.0 -2.5377449475172398e-08
0.8257854291642355 0.8660593825344552 -0.050273485481739044
1.0 0.6363689503640647 -0.07504846900701523
0.7244663691465935 0.471015366264847 -0.09767747670412064
0.4046119758612713 0.43755273824013846 -0.1182781234383583
0.7520751930214722 0.36138919039991296 -0.018401941284537315
0.7342857757414507 0.1303910855757201 -0.06275754421949387
0.6588589965308538 0.029651332636823787 -0.09095896035432816
0.5698320929868672 0.0 -0.10510444641113281
0.49133915453716703 0.39305947587230144 -0.016897186636924744
0.42741458458497933 0.22542019203352728 -0.08150137960910797
0.5230927762005311 0.4318464690750704 -0.10286319255828857
0.5823015974605285 0.5907058671254274 -0.09736350178718567
0.2680990382086882 0.4606725766269372 -0.02255830727517605
0.18930380682437634 0.33832255323860105 -0.09634476900100708
0.3391838491432784 0.5510916958813228 -0.09166206419467926
0.41165191121465666 0.6974327782312977 -0.06467269361019135
0.03884933412257762 0.5569889507115563 -0.030847806483507156
0.0 0.43836260904736 -0.08264590054750443
0.1437036504376025 0.5805669257274527 -0.07095256447792053
0.21518607094890038 0.6942906734480495 -0.046172671020030975
