0.6426444053649902 0.8258413076400757 4.269316988825267e-08
0.7184447646141052 0.7503613233566284 -0.031482186168432236
0.7658973932266235 0.651321530342102 -0.04449580982327461
0.7054780125617981 0.5838552117347717 -0.05922287330031395
0.6255324482917786 0.5764473080635071 -0.07447753101587296
0.6769238710403442 0.5738725066184998 0.002401948906481266
0.6694485545158386 0.49337780475616455 -0.024674270302057266
0.6658300757408142 0.44554421305656433 -0.043552566319704056
0.6652921438217163 0.4182053208351135 -0.05381082743406296
0.6174517869949341 0.5867427587509155 -0.00045187739306129515
0.6166654825210571 0.5058731436729431 -0.04870001971721649
0.6479024291038513 0.5740746259689331 -0.06784874945878983
0.6644870638847351 0.6386184096336365 -0.06393524259328842
0.5671672821044922 0.6107004284858704 -0.00789077952504158
0.5708699226379395 0.5468029975891113 -0.06643231213092804
0.6067784428596497 0.6205185055732727 -0.0659843310713768
0.6198087334632874 0.6865399479866028 -0.04471413418650627
0.5138157606124878 0.647275447845459 -0.016406448557972908
0.5189468860626221 0.5752118229866028 -0.05529193952679634
0.556874692440033 0.6168412566184998 -0.044727448374032974
0.5744875073432922 0.6712104082107544 -0.023852644488215446
