0.5092186628805402 1.0 -4.875912296142815e-08
0.8080128967517869 0.8481635875123983 -0.031645357608795166
1.0 0.5869892656503843 -0.04767656326293945
0.7481640571039616 0.4129590432942901 -0.06507343053817749
0.4289522725228519 0.39422326930289986 -0.08233802020549774
0.6470198926718078 0.3558040519724844 -0.008575079031288624
0.5864794057798233 0.10615579843615412 -0.0423792339861393
0.5761958351813444 0.01252295585408381 -0.06388348340988159
0.5728435290662428 0.0 -0.07341303676366806
0.4095086107576794 0.40100309364584513 -0.010223175399005413
0.4072950532787873 0.21223310304755466 -0.0585729219019413
0.5395569020024846 0.4176643651915624 -0.07377880811691284
0.5868988317388546 0.576421476101901 -0.06885039061307907
0.21316167248367687 0.4690581969489833 -0.016759824007749557
0.21097078023010213 0.30379822364645614 -0.07164304703474045
0.36313555975829803 0.5096862496528004 -0.06373683363199234
0.4010117756581683 0.6645821663625563 -0.04062749817967415
0.0 0.5651448490262219 -0.024763626977801323
0.025530825541466268 0.3836846756282577 -0.06067774072289467
0.17439029947442922 0.5136144507769532 -0.045337431132793427
0.2242580896364331 0.6475170983321817 -0.0225933026522398
