0.32369314610357386 1.0 -2.461159454014705e-07
0.7103218642240047 0.8193424681112228 -0.023186491802334785
1.0 0.5565152853544124 -0.031886544078588486
0.7819485756429548 0.32279355543622995 -0.04172158241271973
0.4225785829980755 0.2787649780862922 -0.05112321302294731
0.7452555127481518 0.3142445026740948 0.004273680970072746
0.7726041304299153 0.04528743970353631 -0.01737569086253643
0.7995871641949651 0.0 -0.033746372908353806
0.8115979659632685 0.010998549051694399 -0.042240168899297714
0.4884334796003172 0.3154830780177541 0.0038450374267995358
0.4925848955028166 0.11982458356374216 -0.027839958667755127
0.5792195952979359 0.3325923947843592 -0.04233166575431824
0.5877205909627254 0.5062762136196521 -0.04327058419585228
0.25828837887593303 0.3477042952618407 -0.000752493622712791
0.24506653861204428 0.17342724154642966 -0.03896643593907356
0.3612142866451928 0.39650960926257894 -0.03736386075615883
0.372876547257068 0.5764746066962722 -0.02460784837603569
0.0 0.40908413866534327 -0.006597297266125679
0.04897354128174256 0.21657461524884847 -0.03312798961997032
0.16726767459556027 0.35907665916509984 -0.02511829324066639
0.18456240039592672 0.511224535665044 -0.011562328785657883
