0.3708455463421919 1.0 2.670067544841004e-07
0.7305175136295039 0.8464425631983806 -0.039747558534145355
1.0 0.6040246430120325 -0.060472019016742706
0.8715912412598305 0.3789044036634935 -0.08399536460638046
0.5571389317658104 0.3495122226867809 -0.10601732134819031
0.6066176758341937 0.34371209029684185 -0.001816687872633338
0.5659703890606227 0.10384161865350858 -0.04480571299791336
0.6533133827374261 0.0 -0.0746086835861206
0.7561348552028592 0.0012005145280977881 -0.08822798728942871
0.4046483650074089 0.36496622887425684 -0.0053499117493629456
0.5170866981614193 0.14816789137566955 -0.07216402143239975
0.6268290292858621 0.3265684839570451 -0.0990874245762825
0.656425567165922 0.5201599591138893 -0.09582751244306564
0.21402847760415858 0.40774820747474266 -0.016168199479579926
0.32208990353814526 0.23168141903308578 -0.08719152212142944
0.4300001137509566 0.4329709126276508 -0.08865838497877121
0.43588990869346383 0.6144104054706329 -0.06444991379976273
0.0 0.4749245494260412 -0.02929350920021534
0.13791239026554797 0.2982361044845004 -0.072545625269413
0.2562668167483569 0.4287761056758985 -0.06281432509422302
0.2625926222381868 0.5771137991180314 -0.04070400074124336
