0.4499010741710663 0.6792540550231934 -1.2364648682705592e-06
0.3572275936603546 0.5891130566596985 -0.0568743571639061
0.291801393032074 0.426801860332489 -0.0906841978430748
0.23755311965942383 0.31376156210899353 -0.12496037781238556
0.18551042675971985 0.22610315680503845 -0.14760637283325195
0.4585585296154022 0.28697362542152405 -0.059327855706214905
0.4645145535469055 0.1861923187971115 -0.13802163302898407
0.39838075637817383 0.28899085521698 -0.1781061589717865
0.3562236428260803 0.38050493597984314 -0.19552889466285706
0.552309513092041 0.31396427750587463 -0.06629239022731781
0.5520445108413696 0.22196827828884125 -0.16924747824668884
0.46294376254081726 0.3395504355430603 -0.20428773760795593
0.418758749961853 0.4283711314201355 -0.20837365090847015
0.6459887027740479 0.3653255105018616 -0.08451350033283234
0.671937882900238 0.26174241304397583 -0.18224000930786133
0.57796311378479 0.35052019357681274 -0.19063210487365723
0.5141305923461914 0.430824875831604 -0.17245198786258698
0.7340378761291504 0.42947012186050415 -0.10617542266845703
0.8457129001617432 0.30816537141799927 -0.18204684555530548
0.909598171710968 0.23002278804779053 -0.2126755565404892
0.9657014608383179 0.15813764929771423 -0.22112712264060974
