0.570904552936554 0.6409306526184082 -1.2630185892703594e-06
0.43656614422798157 0.5344155430793762 -0.08734166622161865
0.31457388401031494 0.3775370121002197 -0.12995420396327972
0.22513028979301453 0.24563539028167725 -0.16362285614013672
0.1382470726966858 0.17376276850700378 -0.17516876757144928
0.46122127771377563 0.22596222162246704 -0.07070130854845047
0.5115249156951904 0.1507759392261505 -0.15027734637260437
0.5015445351600647 0.2905709445476532 -0.17291325330734253
0.47598618268966675 0.35695868730545044 -0.18173781037330627
0.5721397995948792 0.23898987472057343 -0.057867202907800674
0.6186779737472534 0.18417982757091522 -0.15651726722717285
0.5832929611206055 0.3371211588382721 -0.16763409972190857
0.5506744384765625 0.36643970012664795 -0.16008973121643066
0.6619499921798706 0.27922919392585754 -0.06050102412700653
0.7133951783180237 0.23952794075012207 -0.16564339399337769
0.6614434719085693 0.36051464080810547 -0.15305417776107788
0.6145523190498352 0.41594642400741577 -0.12308826297521591
0.738871693611145 0.3375178575515747 -0.068605437874794
0.8190822601318359 0.24131187796592712 -0.15804637968540192
0.8778278231620789 0.18883833289146423 -0.181089386343956
0.9286733865737915 0.12255337834358215 -0.18153399229049683
