0.6174932718276978 0.6775235533714294 -1.002424824037007e-06
0.4412361979484558 0.6296620965003967 -0.06735821068286896
0.30246996879577637 0.49278709292411804 -0.10011898726224899
0.22460629045963287 0.3631032705307007 -0.12406370043754578
0.13574406504631042 0.28495723009109497 -0.1391383856534958
0.4120689630508423 0.4251556694507599 -0.11154294013977051
0.4474203586578369 0.3018592298030853 -0.19367340207099915
0.4501236081123352 0.3766893744468689 -0.22723308205604553
0.41510599851608276 0.4374557137489319 -0.2425903081893921
0.5411704778671265 0.427190363407135 -0.11890751868486404
0.5621652603149414 0.2911222279071808 -0.20801414549350739
0.5436569452285767 0.3898545503616333 -0.22755955159664154
0.5154154300689697 0.46050184965133667 -0.22859342396259308
0.6582654714584351 0.4461824595928192 -0.13384461402893066
0.6923657655715942 0.33181077241897583 -0.22179177403450012
0.6577422618865967 0.4106845557689667 -0.22417424619197845
0.6180909872055054 0.4695618152618408 -0.2116629183292389
0.7653676271438599 0.47972381114959717 -0.15143299102783203
0.817699670791626 0.384845107793808 -0.2218891978263855
0.8237776756286621 0.3625299334526062 -0.23180443048477173
0.8219887018203735 0.3381107747554779 -0.22823545336723328
