0.6378587484359741 0.6473001837730408 -1.6363155737053603e-06
0.4829089641571045 0.6234457492828369 -0.09239862114191055
0.32068637013435364 0.46707937121391296 -0.11858949065208435
0.24044683575630188 0.33514082431793213 -0.13209007680416107
0.15716737508773804 0.2640552222728729 -0.133656844496727
0.4726656377315521 0.3272666037082672 -0.09054853022098541
0.5042518377304077 0.23241770267486572 -0.175979882478714
0.49901825189590454 0.34384506940841675 -0.21837738156318665
0.4905134439468384 0.4355127513408661 -0.23766668140888214
0.5915249586105347 0.3375064730644226 -0.08109098672866821
0.6033322811126709 0.24308261275291443 -0.18223854899406433
0.5784195065498352 0.380629301071167 -0.20909884572029114
0.5649527311325073 0.4792237877845764 -0.20871688425540924
0.6863776445388794 0.37681129574775696 -0.08461757004261017
0.6946476101875305 0.30430173873901367 -0.18840795755386353
0.6556081175804138 0.4250996708869934 -0.18696436285972595
0.6344513297080994 0.510535478591919 -0.16288906335830688
0.76732337474823 0.42541998624801636 -0.09272702038288116
0.7706606388092041 0.37064260244369507 -0.17138564586639404
0.7493507266044617 0.43662717938423157 -0.1706574559211731
0.7358387112617493 0.47979408502578735 -0.15400397777557373
