0.5617550611495972 0.5428340435028076 -1.5841537788219284e-06
0.4398413598537445 0.47338470816612244 -0.06574815511703491
0.3446734547615051 0.34881505370140076 -0.11198009550571442
0.27042973041534424 0.2465507984161377 -0.1506112813949585
0.18714717030525208 0.16163308918476105 -0.180547297000885
0.4882386028766632 0.20981651544570923 -0.12710946798324585
0.41917628049850464 0.2960970997810364 -0.18942172825336456
0.38785797357559204 0.41071540117263794 -0.2191547304391861
0.3704271614551544 0.47303932905197144 -0.23906321823596954
0.5903549194335938 0.23103326559066772 -0.12614569067955017
0.5054699182510376 0.35224926471710205 -0.1904796063899994
0.453098326921463 0.46832263469696045 -0.21097023785114288
0.4332388937473297 0.5184882879257202 -0.2299191653728485
0.6743615865707397 0.2970157563686371 -0.12875598669052124
0.6251949071884155 0.3734942674636841 -0.2155892252922058
0.5458453893661499 0.4674324691295624 -0.22387395799160004
0.49601438641548157 0.5280359387397766 -0.2213369458913803
0.7340421080589294 0.3793022632598877 -0.132958322763443
0.8136604428291321 0.34263935685157776 -0.2234279364347458
0.8880968689918518 0.31619757413864136 -0.25412237644195557
0.9549841284751892 0.2883000373840332 -0.26651641726493835
