0.5828421115875244 0.7327680587768555 -1.6983681234705728e-06
0.43527817726135254 0.6485769748687744 -0.0514160618185997
0.3202488422393799 0.4869857132434845 -0.08074713498353958
0.24205473065376282 0.3676351010799408 -0.11192122101783752
0.1501469612121582 0.3063269257545471 -0.1293887197971344
0.4798639118671417 0.3539675176143646 -0.056976038962602615
0.4574225842952728 0.27557042241096497 -0.1391485184431076
0.4326542913913727 0.40582194924354553 -0.1722034066915512
0.4282859265804291 0.4855271279811859 -0.18635813891887665
0.586745023727417 0.3619954288005829 -0.0652899369597435
0.5628712177276611 0.3036109507083893 -0.1675480306148529
0.5123817920684814 0.44416484236717224 -0.18875783681869507
0.5062036514282227 0.5074707269668579 -0.18750327825546265
0.6917017698287964 0.39453670382499695 -0.08561640232801437
0.6907563805580139 0.3155920207500458 -0.19169728457927704
0.6191422343254089 0.43624189496040344 -0.18511806428432465
0.5845376253128052 0.5101929903030396 -0.1575455665588379
0.7845704555511475 0.4421868324279785 -0.10847405344247818
0.882077693939209 0.3275430500507355 -0.19132551550865173
0.9314501285552979 0.2652037739753723 -0.21562175452709198
0.976233720779419 0.19162002205848694 -0.21878907084465027
