0.5112333297729492 0.7022420167922974 -1.4353706774272723e-06
0.38731175661087036 0.627642035484314 -0.044126685708761215
0.2854399085044861 0.47327280044555664 -0.06899473071098328
0.20491045713424683 0.3655277192592621 -0.09595537930727005
0.12238040566444397 0.3033992648124695 -0.11233986914157867
0.4250786304473877 0.33915838599205017 -0.04229264706373215
0.38885730504989624 0.26427343487739563 -0.11795932054519653
0.3617327809333801 0.3790570795536041 -0.15747836232185364
0.35574740171432495 0.4687803387641907 -0.17563773691654205
0.5213271975517273 0.3443641662597656 -0.05193579941987991
0.4785482883453369 0.27427589893341064 -0.147947296500206
0.4342420995235443 0.4070984721183777 -0.17799116671085358
0.43264976143836975 0.4919227659702301 -0.18176521360874176
0.6258552074432373 0.3769494295120239 -0.07268905639648438
0.6126347780227661 0.2735106348991394 -0.17090223729610443
0.5470056533813477 0.37547820806503296 -0.1796119213104248
0.51397305727005 0.45570456981658936 -0.1636163592338562
0.722081184387207 0.4245606064796448 -0.09492308646440506
0.8226336240768433 0.31205248832702637 -0.1764841228723526
0.8879222869873047 0.2484000325202942 -0.2116450071334839
0.9476926326751709 0.18039244413375854 -0.2238493114709854
