0.5330299139022827 0.516290545463562 -1.3966720189273474e-06
0.41256579756736755 0.4439548850059509 -0.06759204715490341
0.3141232132911682 0.31893330812454224 -0.11584677547216415
0.2372487485408783 0.22912979125976562 -0.15204237401485443
0.1493413746356964 0.16227659583091736 -0.18215572834014893
0.4808003604412079 0.1905706375837326 -0.15220153331756592
0.40929409861564636 0.3020060956478119 -0.20941852033138275
0.38281959295272827 0.3960370421409607 -0.23529432713985443
0.37160634994506836 0.4441221356391907 -0.25502943992614746
0.5833148956298828 0.22947955131530762 -0.14934910833835602
0.5021647810935974 0.3586409091949463 -0.1986244171857834
0.44891050457954407 0.4346616864204407 -0.21372732520103455
0.43100905418395996 0.46275758743286133 -0.23431487381458282
0.659788966178894 0.30672648549079895 -0.14732670783996582
0.6126194596290588 0.39481088519096375 -0.21992133557796478
0.5415024757385254 0.44900673627853394 -0.23626267910003662
0.5005191564559937 0.48447760939598083 -0.2481619119644165
0.7080813050270081 0.4006252884864807 -0.14722268283367157
0.7831684947013855 0.4110504984855652 -0.24126078188419342
0.8492274880409241 0.40706902742385864 -0.2818406820297241
0.9132101535797119 0.40108275413513184 -0.30297207832336426
