0.5229106545448303 0.5660399794578552 -1.6786029846116435e-06
0.39762306213378906 0.5329104661941528 -0.06381174921989441
0.29307031631469727 0.41977810859680176 -0.09875434637069702
0.21844729781150818 0.3253968358039856 -0.12564677000045776
0.12625831365585327 0.2774980962276459 -0.1425408273935318
0.4031834900379181 0.2536480724811554 -0.09769539535045624
0.4262351989746094 0.30190393328666687 -0.15522418916225433
0.4305686950683594 0.4196334779262543 -0.1819944828748703
0.42529502511024475 0.4726055860519409 -0.2000359147787094
0.5142560005187988 0.24303697049617767 -0.09435638785362244
0.5299910306930542 0.31296592950820923 -0.1567777544260025
0.5072052478790283 0.4307657480239868 -0.17331674695014954
0.49732914566993713 0.48157304525375366 -0.18387828767299652
0.6118268966674805 0.2725306749343872 -0.09610540419816971
0.630702018737793 0.3178892135620117 -0.17793600261211395
0.5883117914199829 0.419761598110199 -0.18118134140968323
0.5559298992156982 0.47658973932266235 -0.17207568883895874
0.689734160900116 0.32060593366622925 -0.09961763769388199
0.7608416080474854 0.25779610872268677 -0.17431573569774628
0.8125316500663757 0.21717067062854767 -0.19352862238883972
0.8546854853630066 0.16783887147903442 -0.1970839947462082
