0.4762323498725891 0.6849948167800903 -1.2264879387657857e-06
0.37299275398254395 0.5985082387924194 -0.0545501671731472
0.30611181259155273 0.4400213062763214 -0.08771681040525436
0.2528264820575714 0.32891643047332764 -0.12237490713596344
0.19743716716766357 0.246063232421875 -0.14495740830898285
0.47275832295417786 0.2916300296783447 -0.04757356271147728
0.47412148118019104 0.19883091747760773 -0.12457513809204102
0.4156656265258789 0.30147087574005127 -0.16118945181369781
0.3818812370300293 0.39445191621780396 -0.17356055974960327
0.5698828101158142 0.3182993531227112 -0.054811567068099976
0.5635329484939575 0.22871218621730804 -0.15544962882995605
0.48485079407691956 0.3472431004047394 -0.18678149580955505
0.4465723931789398 0.4390179216861725 -0.18630032241344452
0.6650065183639526 0.3685879111289978 -0.07409173995256424
0.6801029443740845 0.27040401101112366 -0.17192764580249786
0.5918499827384949 0.3654201030731201 -0.17722193896770477
0.5334648489952087 0.4502815902233124 -0.15443958342075348
0.7537946105003357 0.43020689487457275 -0.09654207527637482
0.8646758794784546 0.3113124370574951 -0.16414082050323486
0.9287204742431641 0.23269668221473694 -0.1884506791830063
0.9820941686630249 0.15641523897647858 -0.19293110072612762
