0.19746347565144318 1.0 -3.354576278979948e-07
0.48310720412666824 0.8705909239698033 -0.05637352541089058
0.7904509441266342 0.6726910945788908 -0.0694633424282074
0.953460146229626 0.4077836313665008 -0.07844888418912888
1.0 0.14695046999558067 -0.08277878910303116
0.5464362721500847 0.2315425531871354 -0.004630195442587137
0.5049677745090716 0.0 -0.06405490636825562
0.48144108274499464 0.24399072196956048 -0.10463220626115799
0.46717003318196804 0.4838040874312843 -0.11877670884132385
0.3574225296165564 0.2118303810231421 0.002047401387244463
0.3324843068702912 0.0019170705430064149 -0.065665602684021
0.33646383925966145 0.3127654281798606 -0.10328341275453568
0.33943335535042707 0.5627654895706468 -0.11248661577701569
0.19613392841978172 0.254413404080621 -0.003137673018500209
0.16205084438267617 0.0700389062060928 -0.07985904812812805
0.1778355666901961 0.3828972800361993 -0.09187562018632889
0.19591465861819357 0.6330096456384671 -0.07762274891138077
0.048038422698461945 0.3403479809839175 -0.01162533089518547
0.0 0.15483402919107325 -0.06443692743778229
0.001820685728544926 0.3214880766405849 -0.06549226492643356
0.021633190360332982 0.46852891387339274 -0.050643064081668854
