0.6653662498884888 1.0 -6.480861429736251e-07
0.8183219630987763 0.6799500266546056 -0.03199633210897446
0.9399914547170432 0.4296398234596375 -0.048225123435258865
0.9820430112575496 0.16591328923317497 -0.06535149365663528
1.0 0.0 -0.07291097193956375
0.6263614153868305 0.27137336496300823 0.0019707661122083664
0.555783481936743 0.10545596221363193 -0.04101259261369705
0.6321778420499915 0.30012478645219315 -0.0628620907664299
0.6913230946444865 0.43464283856907227 -0.06628143042325974
0.48835619118270784 0.3432131830750747 0.004140139557421207
0.4260028578180731 0.17040417157554427 -0.0457504540681839
0.5422384259150573 0.41274365360354304 -0.059440962970256805
0.6013741315817068 0.5012261706210126 -0.056162718683481216
0.3733931816154341 0.4536177052789047 -0.0016627022996544838
0.31551610535426144 0.29705923747358415 -0.047035541385412216
0.4300867518377836 0.4960051391529075 -0.034815143793821335
0.5105830042773367 0.6120145230627714 -0.012384583242237568
0.2843400646999995 0.5814507059234535 -0.010908836498856544
0.14021166008554672 0.3777692656286437 -0.03092372417449951
0.07416789133405013 0.26543501462208097 -0.023823609575629234
0.0 0.12414944482712116 -0.012553147971630096
