0.37379133701324463 0.7483291625976562 -1.0924278512902674e-06
0.5052276253700256 0.6803293228149414 -0.07407259941101074
0.6290457248687744 0.5794637203216553 -0.10102464258670807
0.6837882995605469 0.46642014384269714 -0.12319086492061615
0.6947880983352661 0.3728628158569336 -0.13606210052967072
0.4871658384799957 0.4487561881542206 -0.05111873522400856
0.43921348452568054 0.38010454177856445 -0.12174651771783829
0.4375649094581604 0.4789809286594391 -0.15698151290416718
0.4524303376674652 0.5564307570457458 -0.1642138510942459
0.3912959694862366 0.463761568069458 -0.03910567983984947
0.3578914403915405 0.3901282548904419 -0.12282223999500275
0.3712070882320404 0.5112630724906921 -0.14806731045246124
0.3932639956474304 0.5908160209655762 -0.14478451013565063
0.3105749189853668 0.4942289888858795 -0.039665769785642624
0.27186518907546997 0.43504294753074646 -0.11939023435115814
0.298439621925354 0.5395320653915405 -0.1235119104385376
0.3332791328430176 0.6119716167449951 -0.1033356785774231
0.2412053942680359 0.5349298715591431 -0.04577650874853134
0.18472427129745483 0.45734894275665283 -0.08561544120311737
0.13925838470458984 0.4184369146823883 -0.09027034789323807
0.09852343797683716 0.37358129024505615 -0.08395826071500778
