0.4682601053168278 1.0 -9.115126999859058e-07
0.7025506164876092 0.8354900361306921 -0.04879624396562576
0.9245113754743868 0.611733940931352 -0.06709714233875275
1.0 0.34014586967018556 -0.08524837344884872
0.9689670568332709 0.09785478761004095 -0.0982135459780693
0.6894206400219691 0.27530339063319476 -0.023565620183944702
0.6102596172027004 0.0768341455993038 -0.07382896542549133
0.5902268556443167 0.3090836107579794 -0.1055063009262085
0.602571352664592 0.5200553787678373 -0.11577602475881577
0.5161557369622621 0.31080046693913 -0.019277989864349365
0.45108177059196447 0.10043736842193486 -0.08008583635091782
0.4644495992807189 0.37699714439054316 -0.10709985345602036
0.4950101739370274 0.6024537278566029 -0.11172276735305786
0.37010659916155925 0.37929101885633043 -0.023755835369229317
0.3006205908102441 0.19339154329022493 -0.080745629966259
0.33603628644159594 0.4483247686084699 -0.08789069205522537
0.3855362696951982 0.6541601667476352 -0.07695544511079788
0.24222733628594786 0.47036820806735063 -0.03235388547182083
0.14314116919746325 0.2529413684542763 -0.06103355064988136
0.06624121030953614 0.130732011588089 -0.06567621231079102
0.0 0.0 -0.06284493952989578
