0.5957542995388801 1.0 -1.0688348766052513e-06
0.7989100142298214 0.867559688516848 -0.061724498867988586
0.946029341088328 0.5492593698282556 -0.0890214666724205
0.9808014432703759 0.25214256011846203 -0.11434386670589447
1.0 0.0 -0.1349315196275711
0.6381382850000147 0.22920641822156154 -0.05126718431711197
0.5982584074437544 0.12089440943392316 -0.11176805198192596
0.6099761984639372 0.402365844978968 -0.14720797538757324
0.6282395687011005 0.6570640433102515 -0.15808670222759247
0.4678723497176268 0.3195370173975661 -0.04307128116488457
0.43774779099740563 0.1576677304318722 -0.10996616631746292
0.47898677544627427 0.514914687853189 -0.13385263085365295
0.5229334763522762 0.7992235410637328 -0.13310560584068298
0.33809176995283763 0.4508480062229603 -0.04387139901518822
0.28634773297160904 0.3148975782400999 -0.10543319582939148
0.3424915698698031 0.612203343341869 -0.10991159826517105
0.40056846662722795 0.8386318747682154 -0.09330690652132034
0.23811845231223952 0.6093410109047326 -0.04950840026140213
0.13506281545007312 0.414533072926198 -0.07966849207878113
0.06413035595218143 0.33955901295171254 -0.08097859472036362
0.0 0.26077255194729887 -0.07327833026647568
