0.4590636042855077 1.0 -8.638024837637204e-07
0.7194706852793502 0.8904701396615602 -0.04581040143966675
0.9399988609181 0.6060308734643899 -0.05979359522461891
1.0 0.3155704915895219 -0.07306641340255737
0.9337078331718568 0.07635036326167405 -0.08171138167381287
0.6862678877453986 0.28214467516284925 -0.021869754418730736
0.6743752007791832 0.0887557051749515 -0.06710456311702728
0.6547370768598711 0.29763775209954324 -0.0927719995379448
0.642582817013532 0.508526621703131 -0.09837300330400467
0.5187193391789139 0.30726082952412653 -0.015880966559052467
0.5064417321212137 0.11425677399800267 -0.0702221617102623
0.5037708090425185 0.3868550092202449 -0.09259720146656036
0.5130768841886473 0.621226899195587 -0.09220447391271591
0.3676490821431634 0.3692385342768163 -0.018118465319275856
0.3366473364041616 0.21576992175204945 -0.06886781007051468
0.35489304468912664 0.4704259187539047 -0.0748569667339325
0.38065933324032963 0.6835400818358801 -0.06109197437763214
0.22849950917088915 0.45566338053770583 -0.024028215557336807
0.14071165101602265 0.23597588013293042 -0.04948240891098976
0.06597883931393993 0.11089551871487359 -0.053325820714235306
0.0 0.0 -0.04786733165383339
