0.35304136036881767 1.0 -4.308600694002962e-07
0.5971106081141332 0.8922888899899255 -0.034163329750299454
0.8165504980558498 0.7248234212511079 -0.046630557626485825
0.9436382343950562 0.5350608597995012 -0.06000790745019913
1.0 0.35344640979482184 -0.06932451575994492
0.5645036041718696 0.4171882827682263 -0.009857036173343658
0.569335106216707 0.23286902618815614 -0.047698527574539185
0.5705308482694151 0.4284783123310597 -0.07201648503541946
0.5617911386761352 0.593171150638326 -0.07936779409646988
0.4053359906841362 0.4278443354418185 -0.01090195868164301
0.41297521615653493 0.2365572786778752 -0.053540538996458054
0.4367056286414771 0.47535164357242343 -0.07472751289606094
0.44285050559093314 0.6439857525860597 -0.0796225368976593
0.2596882581355045 0.467915462407857 -0.019548457115888596
0.26231056586501933 0.30863047559277057 -0.06262211501598358
0.30114191062733026 0.5115563703226588 -0.06964287161827087
0.32657643651099977 0.6675514596993068 -0.06269026547670364
0.12173996591773202 0.5231047030779479 -0.031156597658991814
0.05454791638492365 0.2941051600081477 -0.05239557847380638
0.02690830922271173 0.1506033130192076 -0.055424004793167114
0.0 0.0 -0.053646985441446304
