0.6985571404295201 1.0 -5.672972633874451e-07
0.8276726219741822 0.7009364923204634 -0.04257918521761894
0.9424545100567828 0.4374057062452909 -0.06396447122097015
0.9854392337258854 0.16794887749647786 -0.08213311433792114
1.0 0.0 -0.08827686309814453
0.6669490468331322 0.2743318448395932 -0.01394079253077507
0.553633374897434 0.14096129619123657 -0.05723375082015991
0.6271148591982019 0.32094179826636776 -0.07879691570997238
0.6948682583531726 0.4283592111113924 -0.08323601633310318
0.5210147488380066 0.3662505825664732 -0.004923519678413868
0.43504113864722455 0.22156300044109242 -0.044592488557100296
0.5584645139862183 0.4513906891346851 -0.0492468997836113
0.6135414323513412 0.4826064460824254 -0.044396962970495224
0.4093719489449919 0.47532699496256064 -0.004900371190160513
0.3205015880539214 0.33055044553186225 -0.040096085518598557
0.4403089312366631 0.5156052932515713 -0.022304154932498932
0.5299787084958023 0.6133488042544558 -0.0015555995050817728
0.3253944265648274 0.5986672376739275 -0.009961515665054321
0.1772434839091624 0.43596101270823967 -0.02599831484258175
0.09142270987727465 0.35116714763687507 -0.01959299109876156
0.0 0.2391229000417558 -0.011106148362159729
