0.36142593119647104 1.0 -9.353378800369683e-07
0.5838756259681656 0.8794210510521395 -0.0670749619603157
0.8006196648492956 0.638798192813461 -0.08886773884296417
0.8987849306547699 0.3694636650202646 -0.10807953029870987
1.0 0.1829137719138417 -0.11908597499132156
0.5895549795517795 0.34398461913458445 -0.030700942501425743
0.5387201559974754 0.14975919403622065 -0.1015687808394432
0.5157650485416124 0.359972948616718 -0.1373545527458191
0.5249009919907773 0.5553453130006251 -0.14308035373687744
0.43214476400802043 0.3613326562632872 -0.022135570645332336
0.3959144787052925 0.1712994609336844 -0.10899925231933594
0.39835898885958737 0.44128989744634306 -0.14092235267162323
0.4242756582893738 0.639598950351993 -0.1389930099248886
0.29747393810877565 0.4112584403025691 -0.026914088055491447
0.2531093362104784 0.27452607580222854 -0.11497414857149124
0.27233087738175654 0.52244598785058 -0.12772177159786224
0.3110222515572084 0.7045631605651932 -0.10801216214895248
0.17796442313984592 0.480522304049869 -0.03569492697715759
0.106956702513324 0.2604509289279517 -0.08115874230861664
0.047791777908570844 0.13626898689062744 -0.09020879119634628
0.0 0.0 -0.08428974449634552
