0.4671356678009033 0.6736326217651367 -1.0330988970963517e-06
0.5987069606781006 0.6194964647293091 -0.0587676577270031
0.7140544652938843 0.5196720957756042 -0.07951357960700989
0.7632458209991455 0.4157730042934418 -0.09990110248327255
0.8150878548622131 0.3452317714691162 -0.11376702785491943
0.5809571743011475 0.4045816957950592 -0.031136728823184967
0.5529003739356995 0.33257222175598145 -0.09894809871912003
0.5463669896125793 0.4202330708503723 -0.13526508212089539
0.5544787645339966 0.4973832070827484 -0.14177438616752625
0.4894457161426544 0.4173277020454407 -0.025881383568048477
0.4705590605735779 0.343955934047699 -0.10621438175439835
0.4769473671913147 0.452652245759964 -0.13495653867721558
0.4934687912464142 0.5362852811813354 -0.13220863044261932
0.4129859209060669 0.44134777784347534 -0.03203888610005379
0.386547714471817 0.3914790153503418 -0.1109740287065506
0.40330445766448975 0.49118271470069885 -0.11887513101100922
0.4286309778690338 0.565337598323822 -0.09790746867656708
0.3459703028202057 0.4700769782066345 -0.04209170863032341
0.31015142798423767 0.38297024369239807 -0.07739650458097458
0.28279298543930054 0.33450913429260254 -0.07734750211238861
0.25921064615249634 0.28382712602615356 -0.06612188369035721
