0.38100503025943633 1.0 -1.2766696499966201e-06
0.6106697090505478 0.8665252848011396 -0.07819253206253052
0.8221627659827934 0.6035563519224597 -0.1091807410120964
0.9163016999585175 0.3406198717243987 -0.13769736886024475
1.0 0.14456994637468004 -0.15625321865081787
0.5980921626283329 0.2998055817030571 -0.0554838702082634
0.5563190630584455 0.12030931901817636 -0.14560116827487946
0.5345742132814086 0.3508699962023071 -0.18812698125839233
0.5419400401416505 0.5535735111254049 -0.19405284523963928
0.4294929319040239 0.3275225410910798 -0.04569021984934807
0.39928457699143227 0.14500811833584357 -0.15410345792770386
0.40292877923294956 0.44191368231147193 -0.18445180356502533
0.43082681016650476 0.65581987473873 -0.17483825981616974
0.28444098779977905 0.38727102552354714 -0.0503406748175621
0.24369980550200088 0.24940978966104999 -0.15086032450199127
0.26404949763944063 0.5123536233691388 -0.15215325355529785
0.30535637090358225 0.7017051695843997 -0.11930722743272781
0.15453547648351312 0.46291688704406947 -0.0606970451772213
0.09099251234607958 0.25014027883902296 -0.10838861763477325
0.04161509938486024 0.12788939008225417 -0.11079826205968857
0.0 0.0 -0.09712009876966476
