0.41841712554632665 1.0 -1.7234500546692288e-06
0.6446126854956435 0.8660761288601548 -0.11610545217990875
0.8057403901266705 0.5388912359862359 -0.17962945997714996
0.9074469253778954 0.23749508416151743 -0.24166734516620636
1.0 0.020829892335888316 -0.2923828661441803
0.583495187700216 0.19122284153613428 -0.09974968433380127
0.563571283502696 0.0 -0.22277186810970306
0.5530681442378587 0.2658749634064017 -0.2911854088306427
0.5440772679942802 0.5052043990069308 -0.31484511494636536
0.4303978225775405 0.21345972148271353 -0.08427390456199646
0.42101132656674845 0.015468326106254279 -0.22785909473896027
0.4297780283447953 0.34748346656660656 -0.2786460518836975
0.4402829129415996 0.6041598249435283 -0.2774715721607208
0.29613829527183866 0.2920019871693125 -0.08619489520788193
0.2751270492588733 0.12503906359908323 -0.2111455649137497
0.31431475296554556 0.43202708237710297 -0.22119180858135223
0.34507203337450637 0.6657702353738905 -0.18605588376522064
0.18843805509737793 0.39227005742644394 -0.09781572967767715
0.11222061640493232 0.19048098217540055 -0.1583520621061325
0.05462610474898451 0.10501165303405229 -0.16824916005134583
0.0 0.012539495849217408 -0.15589231252670288
