0.4827451233335765 1.0 -1.099439145946235e-06
0.7104130966875825 0.8608875511177967 -0.057206425815820694
0.9260621769324389 0.5904548954255234 -0.07499145716428757
1.0 0.2969310021504429 -0.09050313383340836
0.9939020972821796 0.045426232942252606 -0.09933958202600479
0.7107145265965137 0.26741512915110843 -0.035696376115083694
0.5767893333524636 0.1205440776290928 -0.08589231222867966
0.5494985893451765 0.36644416017966436 -0.11173564195632935
0.5772587082722782 0.5741443353924833 -0.11631932109594345
0.5425901694009186 0.30763866169041226 -0.024868933483958244
0.44977320057521486 0.14304121703695347 -0.0920366421341896
0.4522261457074773 0.44960192842263114 -0.11719296127557755
0.4810394118004621 0.6858978041984591 -0.1165483146905899
0.40329675672050663 0.36286409103723466 -0.02273171953856945
0.3000937148533271 0.24163581315488358 -0.08818181604146957
0.32327422569951947 0.5185467884314885 -0.09788696467876434
0.3703952273896663 0.7314648464459146 -0.08327959477901459
0.2826989160372946 0.43249463976980707 -0.02454729750752449
0.17727319689221024 0.2166707897298317 -0.05719561129808426
0.08132189505255903 0.10446512359911363 -0.06422458589076996
0.0 0.0 -0.05976537615060806
