0.5910091996192932 0.6244800090789795 -9.600139492249582e-07
0.6817444562911987 0.5535107254981995 -0.04275849461555481
0.7493470907211304 0.46818748116493225 -0.06150098145008087
0.775597095489502 0.3855227828025818 -0.08161135017871857
0.7760410308837891 0.31816568970680237 -0.09640413522720337
0.6141475439071655 0.39253509044647217 -0.020282473415136337
0.5969926118850708 0.3421058654785156 -0.0678340271115303
0.6106774210929871 0.40554502606391907 -0.09786277264356613
0.6260589361190796 0.46378079056739807 -0.10749312490224838
0.5447404980659485 0.41337108612060547 -0.019849075004458427
0.5221309661865234 0.3618500232696533 -0.07947584986686707
0.5529465675354004 0.4380435645580292 -0.10565826296806335
0.5823192596435547 0.4984573423862457 -0.10925774276256561
0.4856521785259247 0.4433293640613556 -0.027341416105628014
0.46074387431144714 0.40218889713287354 -0.08224719017744064
0.5006653070449829 0.46581220626831055 -0.08929458260536194
0.5369716286659241 0.517251193523407 -0.07804431766271591
0.4337586760520935 0.47835513949394226 -0.03850125893950462
0.3790258765220642 0.4210492968559265 -0.06459659337997437
0.3450878858566284 0.3820480406284332 -0.06675577908754349
0.31476545333862305 0.34116584062576294 -0.062293387949466705
