0.39109474420547485 0.5337881445884705 -3.729538278207656e-08
0.4803066849708557 0.4679194986820221 -0.046138644218444824
0.5620549917221069 0.344501793384552 -0.06415614485740662
0.6061469912528992 0.26430442929267883 -0.08030322194099426
0.6219682097434998 0.21583279967308044 -0.09364508092403412
0.4362741708755493 0.26494258642196655 -0.02419131249189377
0.4092942774295807 0.2172473520040512 -0.0888058990240097
0.426754891872406 0.29107651114463806 -0.13378484547138214
0.44878703355789185 0.35891976952552795 -0.15188553929328918
0.36331459879875183 0.2752372622489929 -0.020280854776501656
0.34077686071395874 0.22275468707084656 -0.08265983313322067
0.36741897463798523 0.3077556788921356 -0.10862451046705246
0.3923337459564209 0.37991848587989807 -0.11213219165802002
0.3010276257991791 0.29581159353256226 -0.02666120044887066
0.27326974272727966 0.2441907674074173 -0.08672244846820831
0.30953946709632874 0.3270413279533386 -0.0860687792301178
0.34081965684890747 0.39640459418296814 -0.06842337548732758
0.24916280806064606 0.32648909091949463 -0.03672861307859421
0.22674448788166046 0.2773142457008362 -0.0759643167257309
0.25525009632110596 0.3296750485897064 -0.07029224187135696
0.2845314145088196 0.3783515691757202 -0.054042842239141464
