0.7076835036277771 0.68329256772995 -6.689900828860118e-07
0.8047521114349365 0.6021230220794678 -0.04198303818702698
0.8724795579910278 0.49257421493530273 -0.051913000643253326
0.8828904628753662 0.39064550399780273 -0.0632118284702301
0.8950352072715759 0.30990585684776306 -0.06826619058847427
0.7295342683792114 0.4150662422180176 -0.0019331021467223763
0.7170757055282593 0.358742892742157 -0.052596963942050934
0.7370309829711914 0.43445852398872375 -0.0801074281334877
0.751509428024292 0.5014841556549072 -0.08387843519449234
0.6618452072143555 0.4314723610877991 -0.0007941962103359401
0.6503817439079285 0.37032970786094666 -0.06231554597616196
0.6825789213180542 0.4604804515838623 -0.08792731910943985
0.7025736570358276 0.5274108052253723 -0.0879950150847435
0.6015217304229736 0.4572411775588989 -0.009994580410420895
0.5845233201980591 0.40007010102272034 -0.07473772764205933
0.6259697079658508 0.48577725887298584 -0.0798679068684578
0.6550784707069397 0.5518948435783386 -0.061590105295181274
0.5414234399795532 0.4914007782936096 -0.02232002280652523
0.5008214712142944 0.3989168703556061 -0.05640707165002823
0.4837024509906769 0.34135743975639343 -0.0601637177169323
0.466381698846817 0.2827433943748474 -0.0532367043197155
