0.6463835541978047 1.0 -9.243670433534135e-07
0.8408653827824294 0.7758621379942869 -0.05316275358200073
0.9554299654201999 0.4648694892103532 -0.07234112918376923
0.9717520232369286 0.19828297065166753 -0.08991201221942902
1.0 0.0 -0.09848500043153763
0.6280870055875598 0.2838987020586704 -0.02831980586051941
0.5940297966877682 0.16720088951908413 -0.08210412412881851
0.6501873866788523 0.3894837717697481 -0.10474402457475662
0.6917122856055115 0.5558336414823631 -0.1047167032957077
0.474838143768964 0.350600141922046 -0.02116057649254799
0.43291197428382666 0.2119763181398379 -0.08394225686788559
0.5262702180722347 0.4569093952170253 -0.10004322230815887
0.5899439719004402 0.607843699338578 -0.09266485273838043
0.3439015317179391 0.4487789050863087 -0.023611845448613167
0.2954706126163712 0.3217074269494623 -0.08699449896812439
0.40996234837637247 0.5405582042937584 -0.08301068842411041
0.4924138486952648 0.6858966608282502 -0.05825408548116684
0.22950279486918335 0.5699015722086462 -0.029937000945210457
0.11503556833908574 0.34665925080469734 -0.06063580513000488
0.05678107756735545 0.21521880929933718 -0.05833250656723976
0.0 0.0795602626598805 -0.04624982178211212
