0.5206626057624817 0.9798721075057983 -7.238305101964215e-07
0.6071058511734009 0.8997747898101807 -0.050035424530506134
0.6629263162612915 0.777311384677887 -0.06653343886137009
0.6721633672714233 0.6762312650680542 -0.08328559249639511
0.6768786907196045 0.5952685475349426 -0.0916329026222229
0.5119897723197937 0.700269877910614 -0.010184370912611485
0.49044299125671387 0.6527533531188965 -0.06343067437410355
0.513079822063446 0.7299280166625977 -0.09021452069282532
0.5360594987869263 0.7929286956787109 -0.09231327474117279
0.4437209367752075 0.7256339192390442 -0.004547827877104282
0.4243527054786682 0.6713945269584656 -0.06862924993038177
0.46095043420791626 0.762754499912262 -0.0916428491473198
0.48942023515701294 0.824790894985199 -0.08676272630691528
0.3857565224170685 0.7603561282157898 -0.00949934870004654
0.3630223274230957 0.709145724773407 -0.07284265756607056
0.4070761203765869 0.7914965748786926 -0.07482825964689255
0.44266456365585327 0.8507339358329773 -0.05243083834648132
0.3350960612297058 0.8027403354644775 -0.01823396235704422
0.2861579656600952 0.7238538265228271 -0.04738161340355873
0.25803160667419434 0.679203450679779 -0.047576308250427246
0.23303759098052979 0.6339985132217407 -0.03640076145529747
