0.6294591851995085 1.0 -7.492789677598921e-07
0.8166597493971022 0.7861385315498068 -0.06366372853517532
0.9567404770237298 0.4930467839229159 -0.08552960306406021
0.9903627450863437 0.23574217802002304 -0.10443506389856339
1.0 0.04385051013147068 -0.11261006444692612
0.6182281566743663 0.3022845946467593 -0.02907179854810238
0.5876360214092294 0.1321472867991102 -0.08735383301973343
0.6298949352247502 0.33994112644216834 -0.1125052347779274
0.6630194743822256 0.5054854324822715 -0.11159245669841766
0.4695851796406049 0.34528715623455086 -0.018090294674038887
0.44472714814839315 0.17012444478126387 -0.08859779685735703
0.5141507055235383 0.4094875443062936 -0.11061341315507889
0.5567464634352263 0.5680474587586647 -0.1035720556974411
0.3387558436648638 0.4184140054587559 -0.018581204116344452
0.29953400341377284 0.23709672861173042 -0.08825648576021194
0.3863388137556891 0.4611325657483282 -0.08679891377687454
0.4450535268693898 0.6306855228659064 -0.05998116359114647
0.22016026013994539 0.5207648544021278 -0.02367738075554371
0.10344844414575047 0.28191716464053307 -0.0593516007065773
0.04855614153221552 0.13906856698723793 -0.0625593364238739
0.0 0.0 -0.052332885563373566
