0.8224498500124727 1.0 -1.1345645134497317e-06
0.41167511983018445 0.83887976480149 -0.040236685425043106
0.215825480584409 0.5724838935463988 -0.04664333537220955
0.12143019712451274 0.3372291152863795 -0.05947473272681236
0.0 0.15584575611709525 -0.062711201608181
0.42136284686408715 0.23242347668255642 0.05263882875442505
0.3354040236930839 0.06195355446479562 -0.01641301065683365
0.3465390845993042 0.29846968854671085 -0.062454212456941605
0.38749700475768795 0.48961248096760046 -0.07610228657722473
0.5857617451067235 0.1830647665214631 0.05113865062594414
0.4421818096372895 0.007937481866943177 -0.026931332424283028
0.4436034602459965 0.31044172616395654 -0.05655102804303169
0.5511762251668114 0.5023254252500157 -0.045951180160045624
0.7781825047247642 0.16440218808660775 0.033431630581617355
0.6015944388630402 0.0 -0.052239153534173965
0.5656919685975654 0.2965190789946607 -0.0498315654695034
0.6603508607035411 0.4936306620420536 -0.012574994936585426
1.0 0.18404484461033235 0.012173271737992764
0.8361721445333856 0.0362928568416462 -0.04545840993523598
0.7532506131879187 0.23214365307132334 -0.03445613011717796
0.8076061258408878 0.3907203131394382 0.00020345565280877054
