0.5323002728062751 1.0 -1.092562001758779e-06
0.7215060394925649 0.835511015273778 -0.09453187882900238
0.8971305094662515 0.5252285911108662 -0.1269126534461975
0.9528709577629787 0.24796600070711353 -0.15265123546123505
1.0 0.040021310859390244 -0.16457760334014893
0.6234852907400786 0.2610450861372844 -0.04683833196759224
0.5524213134800006 0.16549878015580388 -0.13985253870487213
0.5497200133181791 0.3848443396651501 -0.18025395274162292
0.5743529478110662 0.5651010759484784 -0.17962364852428436
0.4642060002954131 0.29757879631839895 -0.024796457961201668
0.4102652848809979 0.18196730553487145 -0.14006945490837097
0.4385417429994723 0.462069090902232 -0.1700306236743927
0.476675604469754 0.652422157257942 -0.15216617286205292
0.33320234828808776 0.3571603942650452 -0.020429342985153198
0.26720281189973727 0.24600682048097552 -0.12939971685409546
0.32141387864424087 0.48907819766107635 -0.12984247505664825
0.38566013757856027 0.6610080119274586 -0.08778705447912216
0.217905364698268 0.4441114146022088 -0.02296368032693863
0.12800017639538008 0.2168768970667782 -0.07771597802639008
0.057654403745090316 0.1100920651759998 -0.08340645581483841
0.0 0.0 -0.06475234031677246
