0.5331623849072249 1.0 -9.97404981717409e-07
0.7544079410666815 0.8214717284834306 -0.06881827861070633
0.9274577583250297 0.5579578864941838 -0.09180259704589844
0.9803874142477496 0.2936121910513929 -0.1131698414683342
1.0 0.08156366317898693 -0.12408225983381271
0.63153391601786 0.2949362187663304 -0.024366149678826332
0.5918663769239187 0.1541574084815109 -0.09457090497016907
0.5976408154415069 0.36412123612888564 -0.1297483891248703
0.6223341245728231 0.5381791578964906 -0.13466867804527283
0.47495996132894025 0.3220554743864855 -0.014197509735822678
0.43864904891736445 0.18346070681371343 -0.09930138289928436
0.48155051120393993 0.44430429983875186 -0.12757478654384613
0.523031255538877 0.613739874122252 -0.12264101207256317
0.33470546835066795 0.37982580375718505 -0.01797594502568245
0.28474379270648614 0.2342683587464843 -0.10103388130664825
0.3470982647544929 0.4730015344000404 -0.10268674045801163
0.40497912939620717 0.6448062218485585 -0.07581883668899536
0.20417599511070636 0.46668278029159443 -0.02735295705497265
0.1067703698931522 0.2528141961035614 -0.07125137746334076
0.049601451793276165 0.13195137862878273 -0.0771116092801094
0.0 0.0 -0.0675315111875534
