0.5794367289904606 1.0 -5.969027370156255e-07
0.7738026404368035 0.7986901652842217 -0.04555362090468407
0.9372858426492889 0.5031943617466559 -0.06455272436141968
0.9804372799242687 0.22483645488827447 -0.08292987942695618
1.0 0.0 -0.09533319622278214
0.6498248533927229 0.21371430648815734 -0.016546834260225296
0.5983116433425035 0.0679594050475455 -0.06636408716440201
0.6006198117715241 0.27088376260854696 -0.09573788940906525
0.626271271895948 0.46743187503561734 -0.10225533694028854
0.4924207270378445 0.2639296810059719 -0.010759502649307251
0.44141035458891004 0.09179474179621562 -0.06736079603433609
0.47509118426495883 0.34885356301374976 -0.09074162691831589
0.5195497595714074 0.5510140877729764 -0.08980733156204224
0.35618200323847793 0.34778012934261643 -0.013784410431981087
0.2983881178096358 0.19866461903667065 -0.0654250830411911
0.35014682827991034 0.42524303324352847 -0.06706789135932922
0.41012796737488955 0.6073110412847011 -0.04982508346438408
0.2306692954265302 0.4603381733646963 -0.020662307739257812
0.12061037832236535 0.24164902993037665 -0.04394565522670746
0.05183812165283738 0.12185304619351087 -0.043153490871191025
0.0 0.003224918988918824 -0.03371967747807503
