0.6235723938427237 1.0 -6.080122716412006e-07
0.7793649184282198 0.7113380763579237 -0.03446722775697708
0.9382745800673356 0.4636172348879914 -0.05031774193048477
0.9898962440065889 0.1904448811331739 -0.0667889341711998
1.0 0.0 -0.07490648329257965
0.6614667034349081 0.2534070316122101 0.008184359408915043
0.5777604222535373 0.11096973890786253 -0.029200972989201546
0.6117813314968805 0.30029041596525785 -0.05046393349766731
0.6631173558344521 0.4335690477491672 -0.054450370371341705
0.5160889628172179 0.32293429168805854 0.01363541092723608
0.4436393636351317 0.15828432130951198 -0.03173122927546501
0.5207835259992447 0.39805265562937187 -0.04852667450904846
0.5765315760334415 0.4888044760851343 -0.04757487028837204
0.3975889372655759 0.42133909495619387 0.01107754372060299
0.32329949740818187 0.2722460707635869 -0.029685933142900467
0.3932987920849013 0.4620785100652647 -0.02483966574072838
0.4602951157505709 0.5759896118370869 -0.00827576033771038
0.3021525748136567 0.5347403331303834 0.005163161084055901
0.16192593909631434 0.3596355419468774 -0.010462094098329544
0.07830602736295136 0.26351629872690613 -0.005677197128534317
0.0 0.14693744446779267 0.0036613834090530872
