0.37707260251045227 0.3824514150619507 -6.292152079367952e-07
0.442573606967926 0.3022386133670807 -0.030443377792835236
0.5008991956710815 0.23858103156089783 -0.04351626709103584
0.5255348682403564 0.1626518964767456 -0.056006286293268204
0.5314844250679016 0.11175978928804398 -0.059678103774785995
0.405119925737381 0.179240420460701 0.00033991647069342434
0.3742869198322296 0.1287916898727417 -0.03847333788871765
0.3860645592212677 0.18436485528945923 -0.061053723096847534
0.4013870060443878 0.2247515171766281 -0.06718458235263824
0.3508793115615845 0.1957891881465912 0.005206335335969925
0.3242618143558502 0.14263543486595154 -0.03681715950369835
0.3480786979198456 0.21798892319202423 -0.0511610209941864
0.3669038414955139 0.24275869131088257 -0.05251031741499901
0.30767208337783813 0.21899595856666565 0.002983159851282835
0.2790009379386902 0.16853632032871246 -0.03318033367395401
0.30367597937583923 0.2305307686328888 -0.02531410939991474
0.3285016715526581 0.2692723572254181 -0.010655817575752735
0.2709062099456787 0.24968165159225464 -0.0026307154912501574
0.22280150651931763 0.19602835178375244 -0.018310341984033585
0.19275707006454468 0.16872070729732513 -0.015484463423490524
0.16411927342414856 0.13195033371448517 -0.009943048469722271
