0.5658179797602391 1.0 -7.651783562323544e-07
0.7564763417293344 0.7428473870714626 -0.031491007655858994
0.8918722918320544 0.4994504910421974 -0.04681048542261124
0.9654492530460743 0.2330253022299268 -0.06299317628145218
1.0 0.04985268527262221 -0.07359997183084488
0.5881867520535663 0.3042103926476239 -0.014876898378133774
0.5692936086256678 0.11307537641467018 -0.0485185906291008
0.6293276071970368 0.3063813356397405 -0.062184520065784454
0.6511713481837211 0.489984542604627 -0.0615399107336998
0.4464650238717234 0.34674490913144496 -0.015329270623624325
0.4309762374343402 0.14672344167573553 -0.05513165146112442
0.5164540050366426 0.3911281499561758 -0.06750218570232391
0.5552862901218197 0.5515957268595097 -0.06652559340000153
0.3302117413373826 0.41782928036869427 -0.021760473027825356
0.30056902826241927 0.2086870396544029 -0.05866454914212227
0.40129259020718633 0.4160765184502234 -0.054193928837776184
0.4605594363164024 0.5788300278001484 -0.04191458970308304
0.2150810997003533 0.5347613534506971 -0.03114135190844536
0.08335848170874828 0.3090275408016089 -0.04889591783285141
0.038325688662676896 0.1619926348840778 -0.0470016784965992
0.0 0.0 -0.04302140325307846
