0.5247699829974105 1.0 -5.37907340003585e-07
0.7175987970033922 0.7063409168860112 -0.03332856670022011
0.8944005331721814 0.47698559222649883 -0.050028424710035324
0.9675459315976236 0.20255806010276184 -0.06615915149450302
1.0 0.004520160758540315 -0.07394921034574509
0.6346737604007122 0.23278303002992834 0.0011298747267574072
0.5547844325950541 0.056916397965051865 -0.03584560006856918
0.5746782012627568 0.2604327207376788 -0.05763721838593483
0.6164257476612831 0.40373770652491836 -0.06362220644950867
0.486477961382304 0.28050417436632097 0.006486868020147085
0.41569659976764417 0.08767106397908853 -0.036085087805986404
0.4741784195267593 0.3548149325799979 -0.05233881622552872
0.5283875891678573 0.4382175327293729 -0.05423860251903534
0.3646503686133845 0.3669668477517143 0.00487047154456377
0.2968620539591612 0.20711165493141265 -0.031560495495796204
0.3527796286035185 0.4074645213024236 -0.023738084360957146
0.4154068687908342 0.5242063666057769 -0.008410939946770668
0.2654449705137846 0.4740991365252011 -0.00030456410604529083
0.1437755960522013 0.2612931630778435 -0.01578461192548275
0.07164887494522405 0.14457619363552807 -0.010816508904099464
0.0 0.0 -0.0029316407162696123
