0.6336992802920446 1.0 -6.274001407291507e-07
0.8083168587382625 0.7193023805851201 -0.03694476559758186
0.9653246862926973 0.4618372152809913 -0.04931381344795227
0.9888615806303023 0.18974672219651395 -0.06002284586429596
1.0 0.0 -0.0616084448993206
0.7089299287212872 0.2821487994241349 0.003094626823440194
0.5948494735633102 0.12576173582189315 -0.03168370574712753
0.6213496266665033 0.3261438634377089 -0.04950575903058052
0.680338415953992 0.4476734022314772 -0.05242691934108734
0.5467643856533746 0.35317764409481206 0.011921627447009087
0.4525570781624773 0.17536531441205203 -0.030033143237233162
0.5141477052158406 0.4204152398580904 -0.04344194754958153
0.5823022097424777 0.5106516530412875 -0.040856655687093735
0.4180233999978629 0.44266748933107103 0.012735984288156033
0.3237957055727908 0.28752182631497764 -0.025847837328910828
0.38485761358327775 0.4810727543832588 -0.020666832104325294
0.4671654789116614 0.5899013831045298 -0.004349981434643269
0.30694724572295756 0.5487582909147 0.010106205940246582
0.1804344267898264 0.37636649699213326 -0.005190124735236168
0.08219224995168163 0.3024375546300581 -0.001596485381014645
0.0 0.2057378785541673 0.006884472910314798
