0.7005729675292969 0.48501092195510864 -9.002035881167103e-07
0.7831345796585083 0.37037116289138794 -0.040007516741752625
0.8454429507255554 0.2731627821922302 -0.057761918753385544
0.8651934862136841 0.17540252208709717 -0.07888291776180267
0.8491191267967224 0.11606652289628983 -0.09127334505319595
0.6887502670288086 0.2158723771572113 5.739979678764939e-05
0.645436704158783 0.16752883791923523 -0.05323169007897377
0.6783413887023926 0.2387954294681549 -0.08111955970525742
0.706505537033081 0.2848610579967499 -0.0867108628153801
0.621046245098114 0.2515387535095215 -0.0014189177891239524
0.5820642709732056 0.19551073014736176 -0.06392090022563934
0.6337705850601196 0.2808011770248413 -0.0829838365316391
0.6665184497833252 0.32066965103149414 -0.08035145699977875
0.5682096481323242 0.29522228240966797 -0.013625110499560833
0.5338557958602905 0.24689030647277832 -0.07456161826848984
0.5902799367904663 0.31517139077186584 -0.07066457718610764
0.6301752924919128 0.35634565353393555 -0.05020742118358612
0.5241507291793823 0.34460967779159546 -0.029900288209319115
0.4553452730178833 0.28291720151901245 -0.058954402804374695
0.4164142608642578 0.24442064762115479 -0.05781649053096771
0.37489086389541626 0.19699254631996155 -0.04991215839982033
