0.47961229136134614 1.0 -6.196102617650467e-07
0.7119584153256565 0.7385504597266053 -0.03596790134906769
0.8874530180497977 0.5312071710165154 -0.05320039391517639
0.9661318496806837 0.27728618711084424 -0.07287440448999405
1.0 0.09049073947379609 -0.08439256250858307
0.5891531044714575 0.2456290651371917 0.004241733346134424
0.5453186161307402 0.06081595819605544 -0.04206186532974243
0.5894759549843226 0.27898402206865885 -0.0689980536699295
0.6217646800363321 0.4345712819055803 -0.07638005912303925
0.433754880781166 0.2916745467396543 0.004006973002105951
0.39313420250706577 0.0967705887302997 -0.05237686634063721
0.464595701371064 0.36030056510896386 -0.07518115639686584
0.5046312222750101 0.5016474315416541 -0.07742033898830414
0.30499013447010415 0.37615115640736846 -0.0052099088206887245
0.2655604909737786 0.1962041821568808 -0.05702637508511543
0.34172000116972695 0.4138300582733213 -0.05463506653904915
0.3886016575736072 0.5567214674298547 -0.0381958931684494
0.19013514607699888 0.48773918745045 -0.018098384141921997
0.09913457840675256 0.27915997405168225 -0.042597346007823944
0.05561529914664305 0.15326599127057378 -0.04071209952235222
0.0 0.0 -0.032909367233514786
