0.5214699506759644 0.6851133704185486 -1.0264648153679445e-06
0.6284344792366028 0.604428231716156 -0.062496766448020935
0.7326531410217285 0.5320067405700684 -0.08629652112722397
0.7788107991218567 0.42564257979393005 -0.10392875224351883
0.7967506647109985 0.34704387187957764 -0.10750281810760498
0.6690055131912231 0.40619269013404846 -0.024407673627138138
0.5992344617843628 0.33347639441490173 -0.0749889686703682
0.5863656997680664 0.42818009853363037 -0.10018493980169296
0.6053371429443359 0.483168363571167 -0.10635390132665634
0.5848665237426758 0.4082373380661011 -0.005295425187796354
0.5281089544296265 0.33756181597709656 -0.0711522027850151
0.5319347977638245 0.45404601097106934 -0.0904509425163269
0.5584477186203003 0.4998815655708313 -0.08791955560445786
0.512062668800354 0.42607012391090393 0.0039278799667954445
0.46421658992767334 0.36042675375938416 -0.054271843284368515
0.4741747975349426 0.45673197507858276 -0.048507533967494965
0.5063494443893433 0.5128647685050964 -0.027838531881570816
0.45050889253616333 0.45411139726638794 0.008194735273718834
0.4012298583984375 0.37599414587020874 -0.017875108867883682
0.3508852422237396 0.3479450047016144 -0.017531536519527435
0.3149694502353668 0.3118177056312561 -0.009012040682137012
