0.26567374866574195 1.0 -2.1402910022061405e-07
0.5260232425487089 0.857036926762957 -0.09483833611011505
0.7863706655944136 0.657389631794538 -0.12255286425352097
0.9419395391303206 0.38995309715771165 -0.14055532217025757
1.0 0.15309749079554966 -0.1427275836467743
0.579470935446539 0.29047375975662176 -0.03435549885034561
0.5092050478729109 0.0 -0.12065064907073975
0.48843252335397735 0.25226995921356543 -0.16158874332904816
0.5193969157919142 0.4635376886461653 -0.1707163155078888
0.40462873544895356 0.30064170159498776 -0.018401561304926872
0.3512976262829608 0.029475336384690465 -0.12571299076080322
0.3585016725756025 0.3331036904742409 -0.16866832971572876
0.3950631856509131 0.5290248866427518 -0.17382420599460602
0.2545568773959477 0.34540139557845284 -0.02121318317949772
0.1897583967384049 0.0959552786723497 -0.1286081075668335
0.21690218254791763 0.36349735156647056 -0.14727523922920227
0.2665653101977632 0.5421442604351107 -0.13065531849861145
0.11931115669302975 0.4224698598373607 -0.030696962028741837
0.047503376566246924 0.19108349146338294 -0.09106360375881195
0.014609668765614443 0.12094631856066049 -0.10727863013744354
0.0 0.021683023091875555 -0.10479853302240372
