0.6383303122733731 1.0 -9.000646628010145e-07
0.8117270040294562 0.7134767140254894 -0.05391405150294304
0.9476176260712208 0.4529870707309428 -0.07409956306219101
1.0 0.18948066475072134 -0.09532672166824341
0.9775867093920629 0.0 -0.10566657036542892
0.6630219985910427 0.2890550061522646 -0.00523933582007885
0.5365465682637799 0.13452036298718661 -0.0693451389670372
0.5981628450321363 0.32764846728427266 -0.10551637411117554
0.671025907474425 0.4421843779546213 -0.11464627832174301
0.5313640117317056 0.38694997459982383 -0.0031067808158695698
0.41621079457457905 0.22687857943273845 -0.07811180502176285
0.50943493329444 0.4428630512056393 -0.10567772388458252
0.5900390205850838 0.5455723222627858 -0.10667825490236282
0.4199176616869521 0.4966449736334584 -0.0148122264072299
0.3179668346512502 0.38373292891427013 -0.08694502711296082
0.4229204545770512 0.553074851908604 -0.09220584481954575
0.5167188432495803 0.6499983762771081 -0.07546758651733398
0.3247886248055859 0.6124821515658768 -0.03146626427769661
0.17979533972326905 0.44369429718477926 -0.06493331491947174
0.08735853868831484 0.33609669033773293 -0.06857513636350632
0.0 0.2108381285613715 -0.06342681497335434
