0.3740463740570224 1.0 -7.170183380367234e-07
0.6441590753399025 0.8306756364618753 -0.031165843829512596
0.8595787293979372 0.6925607789551332 -0.04487409442663193
0.9605520046457701 0.48237152705338443 -0.06369644403457642
1.0 0.30852931549423257 -0.07760168612003326
0.5477900569964874 0.3707936790542029 0.01438948418945074
0.5362213117448443 0.19194873861799763 -0.027370410040020943
0.5419069170028487 0.3826102264257973 -0.05521531403064728
0.5467306226526353 0.5411446938360147 -0.06312791258096695
0.37571199312085285 0.3881854005259687 0.010873339138925076
0.360509071705572 0.1820579701596657 -0.03955052047967911
0.38834017271634796 0.41881272184641755 -0.06378412991762161
0.40650642381417046 0.5870912282349754 -0.06528358906507492
0.22311872470340083 0.43805886000296373 -0.0014551235362887383
0.208360565091322 0.2679560656255791 -0.050470542162656784
0.25825243797216396 0.4703905006679286 -0.053324270993471146
0.2925299616211614 0.6147018569835404 -0.038454819470644
0.07727311939601285 0.5132351447324299 -0.016993794590234756
0.015127148325283536 0.2982662619408851 -0.037969920784235
0.004530490026579225 0.15741233277663513 -0.03609968721866608
0.0 0.0 -0.027833489701151848
