0.6487700343132019 0.6842013597488403 8.531960702384822e-07
0.5686750411987305 0.43454715609550476 -0.008167660795152187
0.4396754801273346 0.3585783839225769 -0.017614176496863365
0.34527724981307983 0.45083001255989075 -0.027246270328760147
0.2947290539741516 0.5846341848373413 -0.03794801980257034
0.36680465936660767 0.3414396643638611 -0.049193087965250015
0.19634999334812164 0.379189670085907 -0.07826922833919525
0.10108187794685364 0.41853201389312744 -0.08983631432056427
0.0311276912689209 0.4507392346858978 -0.09171692281961441
0.3491434156894684 0.5478271842002869 -0.059277016669511795
0.17675450444221497 0.5769422054290771 -0.08324796706438065
0.07478123903274536 0.5893312096595764 -0.09263323992490768
0.007648676633834839 0.5980240702629089 -0.09218937903642654
0.3596539795398712 0.7405661344528198 -0.0662359967827797
0.309139221906662 0.7639540433883667 -0.08880866318941116
0.3639983832836151 0.7306638956069946 -0.08628873527050018
0.41749686002731323 0.7003993988037109 -0.07277976721525192
0.3855772614479065 0.9180885553359985 -0.07370854169130325
0.37591472268104553 0.8889114856719971 -0.07921764999628067
0.4215939939022064 0.8610304594039917 -0.06378041952848434
0.4587123394012451 0.8379397392272949 -0.04462026432156563
