0.728777289390564 0.4949738383293152 4.812505949303159e-07
0.680300235748291 0.33667227625846863 -0.013410759158432484
0.5519073009490967 0.24214620888233185 -0.03828651085495949
0.4283334016799927 0.2493378072977066 -0.06028349697589874
0.3451222777366638 0.29678869247436523 -0.08518252521753311
0.5242643356323242 0.18817740678787231 -0.08958104997873306
0.3272331953048706 0.18081465363502502 -0.1297888159751892
0.21759137511253357 0.1897815763950348 -0.1517937034368515
0.13115611672401428 0.20542064309120178 -0.16395246982574463
0.4990461468696594 0.30811792612075806 -0.10531048476696014
0.29389405250549316 0.29067742824554443 -0.14168642461299896
0.17513766884803772 0.2857613265514374 -0.15492329001426697
0.08747011423110962 0.2910440266132355 -0.16528481245040894
0.4848053753376007 0.4360088109970093 -0.11586901545524597
0.3169138431549072 0.4124665856361389 -0.14698246121406555
0.36369311809539795 0.40786582231521606 -0.12666046619415283
0.42251962423324585 0.4163013696670532 -0.10656522214412689
0.4799194633960724 0.5559867024421692 -0.12676388025283813
0.34832364320755005 0.5018578767776489 -0.14738011360168457
0.38554516434669495 0.49560827016830444 -0.12159086018800735
0.434954434633255 0.5056884288787842 -0.09726384282112122
