0.7293772101402283 0.497653603553772 5.629895554193354e-07
0.6932904124259949 0.36401844024658203 -0.01165011990815401
0.57757169008255 0.2681434750556946 -0.044062431901693344
0.45677581429481506 0.29074713587760925 -0.07435353845357895
0.37451115250587463 0.33215075731277466 -0.1121196523308754
0.582311749458313 0.18984079360961914 -0.10914137959480286
0.4123709499835968 0.1609397679567337 -0.15716129541397095
0.2989080250263214 0.1490376889705658 -0.18782612681388855
0.21054789423942566 0.13965776562690735 -0.20933882892131805
0.5806342363357544 0.29238930344581604 -0.13090954720973969
0.38047653436660767 0.27148810029029846 -0.16897621750831604
0.25501570105552673 0.25734180212020874 -0.1902189701795578
0.16434887051582336 0.2532508075237274 -0.21087922155857086
0.5725175142288208 0.4115721583366394 -0.1455940455198288
0.4115850627422333 0.4200398623943329 -0.17553642392158508
0.4487844705581665 0.4299403429031372 -0.1586453765630722
0.5005750060081482 0.4297422170639038 -0.1448310762643814
0.5657925605773926 0.5301496982574463 -0.15971091389656067
0.4411238431930542 0.5132287740707397 -0.18290457129478455
0.47482752799987793 0.5111044645309448 -0.15877877175807953
0.5200300216674805 0.5109977722167969 -0.1375962346792221
