0.7907814383506775 0.6348679661750793 -1.6264527857856592e-07
0.7225624322891235 0.4900999665260315 -0.013981505297124386
0.6032993793487549 0.3697603642940521 -0.05720890685915947
0.4653722941875458 0.35248681902885437 -0.10042159259319305
0.3656768500804901 0.35398533940315247 -0.15064378082752228
0.6415650844573975 0.2356756031513214 -0.11914240568876266
0.4351012706756592 0.1670246422290802 -0.18932494521141052
0.30038368701934814 0.1492544710636139 -0.23433150351047516
0.19969820976257324 0.1374029666185379 -0.2629246115684509
0.6657949090003967 0.31899717450141907 -0.150520458817482
0.4245176911354065 0.26440733671188354 -0.21196433901786804
0.2694290578365326 0.2433101087808609 -0.24163790047168732
0.14995917677879333 0.22651004791259766 -0.265602171421051
0.6677307486534119 0.43423712253570557 -0.176985502243042
0.44420158863067627 0.45451682806015015 -0.2261979877948761
0.47643712162971497 0.4969334006309509 -0.21483592689037323
0.541334867477417 0.5048478841781616 -0.20328505337238312
0.6545891165733337 0.552632749080658 -0.20321419835090637
0.47299373149871826 0.5610119104385376 -0.23942892253398895
0.4927147626876831 0.5781142711639404 -0.21953284740447998
0.5471593141555786 0.5722647905349731 -0.20088504254817963
