0.7113611698150635 0.5763645172119141 1.1531258223840268e-06
0.6339049339294434 0.3383557200431824 -0.02751854434609413
0.49560391902923584 0.28019794821739197 -0.0441555418074131
0.39620041847229004 0.36159002780914307 -0.05569155514240265
0.34690263867378235 0.46852579712867737 -0.06627856194972992
0.4368751645088196 0.28552404046058655 -0.07132548093795776
0.2716646194458008 0.29815569519996643 -0.104842908680439
0.1687469184398651 0.3145809471607208 -0.1205165833234787
0.0881432592868805 0.32496652007102966 -0.12569697201251984
0.4231273829936981 0.4611302614212036 -0.07126101106405258
0.26153042912483215 0.44458186626434326 -0.10167619585990906
0.15601050853729248 0.42133742570877075 -0.11096491664648056
0.08344089984893799 0.40018439292907715 -0.11126869171857834
0.42914488911628723 0.612200140953064 -0.06945060193538666
0.35809993743896484 0.5391511917114258 -0.09341847151517868
0.3972359001636505 0.5133196115493774 -0.0846434161067009
0.4417695105075836 0.5128063559532166 -0.06786148995161057
0.4429595172405243 0.7351722717285156 -0.070576973259449
0.4051429033279419 0.6241375207901001 -0.0731164813041687
0.44329121708869934 0.604896068572998 -0.052713844925165176
0.47790127992630005 0.6110357642173767 -0.03210291266441345
