0.6863054633140564 0.4972657859325409 5.141118322171678e-07
0.6382490396499634 0.32728108763694763 -0.011994291096925735
0.5135980248451233 0.2593575119972229 -0.023947859182953835
0.4063163697719574 0.30605095624923706 -0.03514408692717552
0.34051287174224854 0.3723124563694 -0.049339763820171356
0.4664163589477539 0.21123576164245605 -0.05179725959897041
0.30897098779678345 0.22448432445526123 -0.08729188144207001
0.21240369975566864 0.24249586462974548 -0.10739919543266296
0.13694411516189575 0.2622787356376648 -0.11690349131822586
0.4391523003578186 0.32500770688056946 -0.06406903266906738
0.2710062861442566 0.3368144929409027 -0.09303674101829529
0.16804316639900208 0.3439714312553406 -0.10736153274774551
0.09182113409042358 0.353466659784317 -0.11261477321386337
0.43522700667381287 0.449023962020874 -0.07411395758390427
0.3516717553138733 0.500575840473175 -0.10813171416521072
0.40422186255455017 0.504381537437439 -0.11047453433275223
0.45473524928092957 0.4884880781173706 -0.10080741345882416
0.4466995298862457 0.5725550651550293 -0.08395464718341827
0.4176894724369049 0.5966714024543762 -0.10939209163188934
0.4669223427772522 0.5941206216812134 -0.10183267295360565
0.5086585879325867 0.5759121179580688 -0.08713824301958084
