0.772670328617096 0.6312637329101562 7.531101573476917e-07
0.7258145809173584 0.49427300691604614 -0.01599574089050293
0.6127575039863586 0.38093629479408264 -0.06214078888297081
0.48442453145980835 0.37861064076423645 -0.10914327204227448
0.40770161151885986 0.3920131027698517 -0.1613139808177948
0.6048897504806519 0.2764223515987396 -0.1295684278011322
0.40139323472976685 0.19011223316192627 -0.19818922877311707
0.2735152542591095 0.16164900362491608 -0.2372216284275055
0.17838525772094727 0.14477656781673431 -0.2633163034915924
0.617406964302063 0.3562679886817932 -0.1617218405008316
0.38398978114128113 0.2816790044307709 -0.24294668436050415
0.23306816816329956 0.2389460653066635 -0.2895870506763458
0.12091675400733948 0.21065960824489594 -0.3210257589817047
0.613038182258606 0.4677317142486572 -0.18475855886936188
0.40659046173095703 0.5045441389083862 -0.24132727086544037
0.4551102817058563 0.548694908618927 -0.21879252791404724
0.5180839896202087 0.5454736948013306 -0.19511555135250092
0.6036383509635925 0.580636739730835 -0.20785927772521973
0.43767809867858887 0.606635332107544 -0.24121592938899994
0.4895778298377991 0.6231994032859802 -0.20750489830970764
0.5500919818878174 0.6093435287475586 -0.17666037380695343
