0.7608450651168823 0.6270372867584229 7.047818257888139e-07
0.6938368082046509 0.4124196171760559 0.009048295207321644
0.5740072131156921 0.3250071406364441 0.00211156252771616
0.47136205434799194 0.34911850094795227 -0.00905973557382822
0.407090961933136 0.42158815264701843 -0.022641533985733986
0.5102941393852234 0.274951308965683 -0.0470280721783638
0.3275635838508606 0.27981191873550415 -0.07829903811216354
0.2238868772983551 0.28514859080314636 -0.09396153688430786
0.14425185322761536 0.2960013747215271 -0.10040224343538284
0.48859500885009766 0.43356627225875854 -0.06692890077829361
0.2944025993347168 0.41930633783340454 -0.09698943048715591
0.17326360940933228 0.40975821018218994 -0.1148366928100586
0.08921432495117188 0.410137414932251 -0.12338433414697647
0.48911407589912415 0.6016439199447632 -0.08017214387655258
0.3674352765083313 0.611722469329834 -0.10011856257915497
0.41669148206710815 0.601107120513916 -0.08621653914451599
0.47032809257507324 0.5894890427589417 -0.06757267564535141
0.5059819221496582 0.7554563283920288 -0.09253589063882828
0.43651896715164185 0.7387442588806152 -0.09807586669921875
0.47741663455963135 0.7206531763076782 -0.07313324511051178
0.5176198482513428 0.7085360884666443 -0.04726202413439751
