0.7780172824859619 0.4665096402168274 7.209691261778062e-07
0.7177441716194153 0.2961263656616211 -0.0003036854031961411
0.5956178903579712 0.22395968437194824 -0.021993495523929596
0.4831433892250061 0.26796790957450867 -0.04451562091708183
0.4207744002342224 0.34133002161979675 -0.07081898301839828
0.5382598042488098 0.19382813572883606 -0.08623096346855164
0.35304540395736694 0.22265169024467468 -0.13439776003360748
0.23901918530464172 0.2370566725730896 -0.16759468615055084
0.1518518030643463 0.25563541054725647 -0.1884431391954422
0.5178545713424683 0.3146156668663025 -0.10109115391969681
0.32861924171447754 0.32659655809402466 -0.15297572314739227
0.20234891772270203 0.33258095383644104 -0.1847286820411682
0.11444893479347229 0.3505924940109253 -0.205452561378479
0.5155585408210754 0.44475844502449036 -0.10608988255262375
0.407843679189682 0.4378160536289215 -0.1282941997051239
0.4579648971557617 0.4237203001976013 -0.10485899448394775
0.5084697604179382 0.41742807626724243 -0.08322373777627945
0.5250794887542725 0.5608710050582886 -0.11107058078050613
0.44835013151168823 0.5287070274353027 -0.11147399246692657
0.4894517660140991 0.5169459581375122 -0.0765310525894165
0.5255547761917114 0.5163207054138184 -0.04669671133160591
