0.7418205738067627 0.6150466203689575 1.164697664535197e-06
0.6578653454780579 0.38258928060531616 -0.017363127321004868
0.5200513601303101 0.34196794033050537 -0.036862168461084366
0.4240267276763916 0.4595631957054138 -0.05340692028403282
0.37549084424972534 0.6036688685417175 -0.07177088409662247
0.4645582437515259 0.30444616079330444 -0.08161643892526627
0.2651592493057251 0.3696479797363281 -0.11673791706562042
0.1576276421546936 0.42635399103164673 -0.12843365967273712
0.07559755444526672 0.47891944646835327 -0.12881162762641907
0.4563314616680145 0.5168076157569885 -0.08857686817646027
0.2596723735332489 0.556209146976471 -0.11820192635059357
0.13868889212608337 0.5835838913917542 -0.12707966566085815
0.05346772074699402 0.6064236164093018 -0.12632609903812408
0.4693412482738495 0.721077561378479 -0.09101314097642899
0.3700176477432251 0.7375962734222412 -0.1177358329296112
0.42737770080566406 0.7064642906188965 -0.10661572962999344
0.48503538966178894 0.6837546825408936 -0.08580098301172256
0.49537643790245056 0.8985974788665771 -0.09387780725955963
0.43926161527633667 0.8567817211151123 -0.1000463142991066
0.48499712347984314 0.8315328359603882 -0.07485545426607132
0.5246111154556274 0.8205235004425049 -0.04811027646064758
