0.7286043167114258 0.4717189073562622 4.697917290741316e-07
0.6744332313537598 0.31123197078704834 -0.009376575239002705
0.5416207313537598 0.25338414311408997 -0.024916721507906914
0.4264575242996216 0.317557692527771 -0.039587151259183884
0.3585439920425415 0.39581942558288574 -0.05742746964097023
0.4878543019294739 0.1840156465768814 -0.0570213720202446
0.31562379002571106 0.21117398142814636 -0.0897224172949791
0.21242523193359375 0.2325732260942459 -0.11010706424713135
0.13414925336837769 0.2538672685623169 -0.12213976681232452
0.46606722474098206 0.30003607273101807 -0.07122547179460526
0.2832167148590088 0.3259565532207489 -0.10047077387571335
0.17332282662391663 0.34229737520217896 -0.11882846057415009
0.09274527430534363 0.35829269886016846 -0.1299918293952942
0.46444129943847656 0.42632073163986206 -0.08100347220897675
0.3549688756465912 0.465859591960907 -0.10894659161567688
0.4133492112159729 0.4664703607559204 -0.10230223089456558
0.46593114733695984 0.4550856947898865 -0.08977632224559784
0.47883340716362 0.5474118590354919 -0.09040410816669464
0.41351449489593506 0.5679812431335449 -0.10737963765859604
0.4616682827472687 0.5642951726913452 -0.08903750777244568
0.5029805898666382 0.5526743531227112 -0.06920334696769714
