0.6694880723953247 0.6122720241546631 3.8805586655144e-07
0.5945230722427368 0.4076680541038513 0.01884368620812893
0.4739745259284973 0.3265022337436676 0.024135861545801163
0.37429279088974 0.35521507263183594 0.022194504737854004
0.3130321502685547 0.44489675760269165 0.01804831065237522
0.3953828513622284 0.26026004552841187 -0.005591599270701408
0.20970465242862701 0.28489944338798523 -0.02367023006081581
0.11051750183105469 0.3197205066680908 -0.03072383813560009
0.037252336740493774 0.3563832938671112 -0.03038099966943264
0.37029358744621277 0.3938722610473633 -0.026039304211735725
0.17745381593704224 0.4147217273712158 -0.04142199084162712
0.06877073645591736 0.4413909316062927 -0.051604919135570526
-0.005259096622467041 0.46233150362968445 -0.05325104668736458
0.3693508505821228 0.5460580587387085 -0.04254228621721268
0.28006407618522644 0.6243491172790527 -0.05603152886033058
0.3339928984642029 0.6339709162712097 -0.05282182618975639
0.38727283477783203 0.6135538816452026 -0.0412924662232399
0.38330262899398804 0.7003289461135864 -0.05738077312707901
0.3402027487754822 0.7420878410339355 -0.056907229125499725
0.38815709948539734 0.7478762865066528 -0.0383283905684948
0.4321894347667694 0.7306586503982544 -0.0179859921336174
