0.8295186161994934 0.5517315864562988 -7.588807449110391e-08
0.7796525955200195 0.41828083992004395 -0.019879430532455444
0.6797165274620056 0.3122245669364929 -0.06948016583919525
0.5437504649162292 0.3061315417289734 -0.11755560338497162
0.4472833275794983 0.3259177803993225 -0.1734791249036789
0.7232047915458679 0.19742536544799805 -0.14279179275035858
0.4968705177307129 0.1486682891845703 -0.21622097492218018
0.35774749517440796 0.13836611807346344 -0.2609703838825226
0.24797028303146362 0.13237759470939636 -0.2898525595664978
0.7359865307807922 0.2853696048259735 -0.17595094442367554
0.4732397198677063 0.23308783769607544 -0.24067826569080353
0.3187938630580902 0.21875838935375214 -0.2698073983192444
0.19986212253570557 0.20941248536109924 -0.2928750216960907
0.7295439839363098 0.3961721360683441 -0.2031203806400299
0.5035276412963867 0.4054974615573883 -0.2648523151874542
0.5458986759185791 0.4291316866874695 -0.25152772665023804
0.6116885542869568 0.43232259154319763 -0.2342301309108734
0.7020787000656128 0.5124582052230835 -0.2295190393924713
0.5245084166526794 0.5052403211593628 -0.27897682785987854
0.5550631880760193 0.5118185877799988 -0.25746944546699524
0.6134630441665649 0.5050987601280212 -0.2346077561378479
