0.7615286111831665 0.435167133808136 8.001026117199217e-07
0.6988086104393005 0.28185757994651794 -0.01219668984413147
0.5704507827758789 0.2266925871372223 -0.0434638075530529
0.45545580983161926 0.272975891828537 -0.07429888844490051
0.38445615768432617 0.3472745716571808 -0.1097416803240776
0.538250207901001 0.18782560527324677 -0.1039055660367012
0.3409114480018616 0.20128852128982544 -0.15315382182598114
0.23345857858657837 0.2105155736207962 -0.18068590760231018
0.14614474773406982 0.22439706325531006 -0.1957351118326187
0.5242233276367188 0.31404727697372437 -0.12306610494852066
0.3133919835090637 0.31281501054763794 -0.1679699569940567
0.185377299785614 0.3126440942287445 -0.19007955491542816
0.09079864621162415 0.3244147002696991 -0.20521633327007294
0.5254656672477722 0.4444286525249481 -0.1350068300962448
0.3724861741065979 0.4439169764518738 -0.1678118258714676
0.4173792004585266 0.4281734526157379 -0.14997895061969757
0.47198963165283203 0.42213791608810425 -0.13037511706352234
0.5358576774597168 0.5638096332550049 -0.14689354598522186
0.417971134185791 0.5398041009902954 -0.16420607268810272
0.45293575525283813 0.5209490656852722 -0.1359984278678894
0.4959797263145447 0.5184155106544495 -0.10944975912570953
