0.770409882068634 0.44491279125213623 7.753776571917115e-07
0.708484411239624 0.2630549669265747 -0.013364508748054504
0.5876806974411011 0.15891918540000916 -0.028704633936285973
0.4700806736946106 0.1361260712146759 -0.0415072925388813
0.388528048992157 0.151189386844635 -0.0548345111310482
0.5245047807693481 0.1822769045829773 -0.08728961646556854
0.3389139175415039 0.19717451930046082 -0.12790082395076752
0.23075413703918457 0.21520590782165527 -0.14696764945983887
0.14774122834205627 0.2306315302848816 -0.15431980788707733
0.5025312304496765 0.3149133324623108 -0.093712218105793
0.31431543827056885 0.31632834672927856 -0.13630850613117218
0.19053742289543152 0.31837403774261475 -0.15288645029067993
0.10465636849403381 0.32519230246543884 -0.15832677483558655
0.5022889375686646 0.4438800811767578 -0.09373468160629272
0.4127480983734131 0.4235391914844513 -0.12490841746330261
0.461514413356781 0.40754497051239014 -0.10774887353181839
0.5126979351043701 0.4014706015586853 -0.08402688801288605
0.5137470364570618 0.5592285394668579 -0.09445931017398834
0.4609915614128113 0.5012654066085815 -0.10497201979160309
0.5054793953895569 0.49371224641799927 -0.07880230993032455
0.5455915331840515 0.4967244267463684 -0.05112732574343681
