0.7524418234825134 0.4073498845100403 6.487873065452732e-07
0.6826878786087036 0.2477966547012329 0.017087148502469063
0.5737999081611633 0.1847143918275833 0.01433450449258089
0.46983763575553894 0.1969936043024063 0.0059601133689284325
0.4070701003074646 0.24780642986297607 -0.003975441679358482
0.5052022933959961 0.16449759900569916 -0.0308533888310194
0.33296406269073486 0.18226361274719238 -0.052785903215408325
0.24065175652503967 0.19941753149032593 -0.06274167448282242
0.16976970434188843 0.21881277859210968 -0.06710221618413925
0.48508062958717346 0.2718828320503235 -0.051600147038698196
0.3003889322280884 0.2767414450645447 -0.08260995149612427
0.18558469414710999 0.2747178077697754 -0.1013750210404396
0.10724514722824097 0.27988508343696594 -0.11073622107505798
0.4849534332752228 0.3960258960723877 -0.06458144634962082
0.383254736661911 0.4252408742904663 -0.07956797629594803
0.4314999580383301 0.41824978590011597 -0.0603841096162796
0.47744855284690857 0.40624362230300903 -0.0392802357673645
0.5006738901138306 0.5133512020111084 -0.07639068365097046
0.43342167139053345 0.5140795707702637 -0.07226987928152084
0.4754478335380554 0.5064259171485901 -0.04162361100316048
0.5132248997688293 0.49988025426864624 -0.013922309502959251
