0.7286033630371094 0.5608873963356018 6.065433808544185e-07
0.6667717695236206 0.3768851161003113 -0.010044223628938198
0.5337426066398621 0.2929120659828186 -0.041556693613529205
0.42228853702545166 0.34755444526672363 -0.07076529413461685
0.3559796214103699 0.4370594620704651 -0.10407817363739014
0.5220490097999573 0.21011346578598022 -0.10640043020248413
0.3363099694252014 0.23206490278244019 -0.14939585328102112
0.23057866096496582 0.2622077465057373 -0.17456519603729248
0.14830777049064636 0.29084062576293945 -0.1902100145816803
0.5240637063980103 0.35621026158332825 -0.12605023384094238
0.32244253158569336 0.3680879473686218 -0.16434422135353088
0.19732385873794556 0.38225120306015015 -0.18270763754844666
0.10586872696876526 0.39832350611686707 -0.19956938922405243
0.5276867151260376 0.515658438205719 -0.13774870336055756
0.34306302666664124 0.5157469511032104 -0.16484084725379944
0.38138264417648315 0.49994075298309326 -0.1424345225095749
0.4369763135910034 0.4937100410461426 -0.12403476238250732
0.5356157422065735 0.6628616452217102 -0.14954876899719238
0.4004668593406677 0.6141630411148071 -0.16829974949359894
0.4317636489868164 0.591071367263794 -0.14165934920310974
0.47987791895866394 0.5906894207000732 -0.11806441098451614
