0.7335009574890137 0.5238707065582275 4.2732088445518457e-07
0.6893378496170044 0.3580024242401123 -0.007811055053025484
0.5602589249610901 0.26734575629234314 -0.021906184032559395
0.4431527554988861 0.30001726746559143 -0.03596903011202812
0.3700191378593445 0.3684343993663788 -0.05331932008266449
0.5254230499267578 0.19001467525959015 -0.05569489300251007
0.3547717034816742 0.19273518025875092 -0.09371712058782578
0.24667216837406158 0.20270712673664093 -0.11582604050636292
0.1649976670742035 0.2189454734325409 -0.1273796409368515
0.4973176419734955 0.30286210775375366 -0.07318183034658432
0.3109571635723114 0.30803948640823364 -0.10591883957386017
0.19588753581047058 0.30965718626976013 -0.12264996021986008
0.10650339722633362 0.3116943836212158 -0.13108345866203308
0.48902109265327454 0.4288543462753296 -0.08742624521255493
0.3677005469799042 0.4662460684776306 -0.12308035790920258
0.42141956090927124 0.4725625813007355 -0.1191544383764267
0.47465968132019043 0.461711585521698 -0.10564931482076645
0.49451011419296265 0.5588312745094299 -0.10108260810375214
0.42136868834495544 0.5649864673614502 -0.12522158026695251
0.4669130742549896 0.5648132562637329 -0.11000166088342667
0.5104615092277527 0.5543278455734253 -0.09069012850522995
