0.9228595626331573 1.0 1.338122501692851e-06
1.0 0.7825729287299464 -0.05918451398611069
0.863474102339205 0.5474736006745642 -0.08155472576618195
0.6322355771780952 0.5675387167713993 -0.09879157692193985
0.4493154022903981 0.6232390473207444 -0.1134166419506073
0.661526624130156 0.43627522175418354 -0.0541798360645771
0.4319152585515987 0.23091355060165625 -0.09997270256280899
0.2671661744795564 0.09828373141640383 -0.12604999542236328
0.12353395682525048 0.0 -0.13910120725631714
0.5630756940220434 0.5829141888976281 -0.05584767088294029
0.30993831830348945 0.35794233013907634 -0.1074114665389061
0.13948811354455834 0.22016384781384757 -0.13616083562374115
0.0 0.12004475277402424 -0.14456698298454285
0.5245837561187335 0.7595652261698647 -0.06258799135684967
0.40191125028572816 0.6408950915084793 -0.14956419169902802
0.5825149598326689 0.6990803028723394 -0.15797817707061768
0.7149260427833456 0.7540050557784662 -0.1338430941104889
0.5319683089354941 0.9553393975954165 -0.07094776630401611
0.46330400637474395 0.8243037796443782 -0.14519168436527252
0.6287387720947996 0.8532668346622034 -0.13817226886749268
0.7515518275102778 0.9131764359201209 -0.11087612807750702
