0.7608488202095032 0.7293784022331238 1.6883096805031528e-06
0.8061660528182983 0.5954283475875854 -0.07570169121026993
0.704171359539032 0.4622856080532074 -0.098767951130867
0.5563801527023315 0.4771600365638733 -0.11686942726373672
0.4536256194114685 0.5464810132980347 -0.13289180397987366
0.5343757271766663 0.40191370248794556 -0.053877994418144226
0.3846467137336731 0.3016541600227356 -0.10566317290067673
0.2826826870441437 0.23887169361114502 -0.13748829066753387
0.19640982151031494 0.1943354308605194 -0.15534725785255432
0.48006170988082886 0.49054497480392456 -0.062340687960386276
0.3017822504043579 0.38007527589797974 -0.12561731040477753
0.19632887840270996 0.2976214289665222 -0.16766375303268433
0.10641199350357056 0.23506687581539154 -0.1826775074005127
0.4686300754547119 0.593300461769104 -0.07858984917402267
0.39662623405456543 0.5299806594848633 -0.19571232795715332
0.5231106877326965 0.5520032048225403 -0.21506427228450775
0.6038438677787781 0.5779458284378052 -0.1881611943244934
0.4853745996952057 0.7085773944854736 -0.09743289649486542
0.43852946162223816 0.639426589012146 -0.20127370953559875
0.5528388619422913 0.644048810005188 -0.19897349178791046
0.6354033350944519 0.6673180460929871 -0.16816070675849915
