0.8068371415138245 0.5748008489608765 5.329738428372366e-07
0.8199378252029419 0.5120950937271118 -0.029970139265060425
0.7828104496002197 0.4484075903892517 -0.04100439324975014
0.7219101190567017 0.44198358058929443 -0.051228348165750504
0.675868570804596 0.4623665511608124 -0.06088186055421829
0.7207354307174683 0.41841205954551697 -0.024428261443972588
0.657764196395874 0.36772146821022034 -0.0491965189576149
0.6118957996368408 0.33814698457717896 -0.06482045352458954
0.5732367038726807 0.3167768120765686 -0.07323727011680603
0.6955774426460266 0.45509812235832214 -0.028896814212203026
0.621534526348114 0.398373007774353 -0.056682288646698
0.5733644962310791 0.3592236340045929 -0.0739760547876358
0.5324943661689758 0.3299179673194885 -0.08044455200433731
0.6860848665237427 0.5009840726852417 -0.03650481253862381
0.6539248824119568 0.46677306294441223 -0.08399473875761032
0.7028326392173767 0.4784366488456726 -0.09149684011936188
0.7383592128753662 0.4937588572502136 -0.08060747385025024
0.6870999932289124 0.5524969100952148 -0.04529575631022453
0.6688889861106873 0.517106831073761 -0.084788978099823
0.7117260098457336 0.5218743681907654 -0.08234038203954697
0.7448891997337341 0.5363098382949829 -0.06950486451387405
