0.915984906065512 1.0 6.480811407527654e-07
1.0 0.7907674315594309 -0.03264367952942848
0.8858419333705029 0.5537949610830113 -0.044835325330495834
0.645486032742565 0.4815200781325009 -0.055078864097595215
0.4360731858181432 0.5094476667960269 -0.06486589461565018
0.6867210708739037 0.4346455193624827 -0.029359810054302216
0.4765623112800686 0.2292607789206839 -0.05686301365494728
0.3180030426990473 0.10293063441105732 -0.07291141152381897
0.18696348639142482 0.0 -0.08059302717447281
0.5466763941942276 0.5409783142775769 -0.031476251780986786
0.30149048333042566 0.3093470966159526 -0.06412872672080994
0.13388559012379417 0.15222494882740736 -0.08146148175001144
0.0 0.028844641057644907 -0.08619729429483414
0.4672619490598011 0.687894585669415 -0.036480147391557693
0.3370424818859366 0.5961059411843964 -0.08894293755292892
0.5357729419386166 0.6957257875173567 -0.09338691085577011
0.6875174918594991 0.7808641128645114 -0.07813461124897003
0.43166700623545906 0.8614088054779887 -0.04250757768750191
0.3631130690878125 0.7708524785123521 -0.08457211405038834
0.5381346327228008 0.8361286975576735 -0.07920584082603455
0.6640687010700687 0.9092742407213621 -0.06271953135728836
