0.7202504873275757 0.7079427242279053 6.767830313947343e-07
0.7416348457336426 0.6452065110206604 -0.04029126465320587
0.7127061486244202 0.5736266374588013 -0.054674677550792694
0.6475918292999268 0.5523297190666199 -0.06603197753429413
0.5907816290855408 0.5437869429588318 -0.07532788813114166
0.6620907783508301 0.5146466493606567 -0.02914646826684475
0.6037341952323914 0.44679659605026245 -0.059286635369062424
0.5580379962921143 0.4065263271331787 -0.0774577260017395
0.5194597840309143 0.37343305349349976 -0.08726894110441208
0.6228296756744385 0.5496847033500671 -0.030959198251366615
0.5530679225921631 0.4771304726600647 -0.06753323972225189
0.5067317485809326 0.4298163950443268 -0.08842909336090088
0.4686713218688965 0.3904109299182892 -0.09463132917881012
0.602705180644989 0.5995938777923584 -0.03689790517091751
0.565885603427887 0.5611895322799683 -0.09944058954715729
0.6226205825805664 0.5951608419418335 -0.10661666095256805
0.662199079990387 0.6197890639305115 -0.09042724221944809
0.5963111519813538 0.6582752466201782 -0.044138483703136444
0.5788227319717407 0.6265004277229309 -0.10029611736536026
0.6285051107406616 0.6501045227050781 -0.09949291497468948
0.661382794380188 0.6706476211547852 -0.08293670415878296
