0.5629040002822876 0.7957184314727783 8.916630349631305e-07
0.5973354578018188 0.7259125709533691 -0.051829904317855835
0.5675218105316162 0.6326146125793457 -0.07055114954710007
0.49242717027664185 0.5936757922172546 -0.08322014659643173
0.42123159766197205 0.5888056755065918 -0.09420782327651978
0.49540624022483826 0.579689621925354 -0.050180595368146896
0.4331647753715515 0.49611198902130127 -0.08389900624752045
0.3875866234302521 0.44750475883483887 -0.10159160196781158
0.3505033850669861 0.40558797121047974 -0.10935785621404648
0.44866669178009033 0.6222706437110901 -0.04481590911746025
0.3798801898956299 0.5365196466445923 -0.08482453972101212
0.3385986089706421 0.47834640741348267 -0.10324893146753311
0.30669084191322327 0.4273621439933777 -0.10760854184627533
0.41879844665527344 0.6797708868980408 -0.04342189058661461
0.38663971424102783 0.6375297904014587 -0.10731503367424011
0.45182570815086365 0.6760697960853577 -0.10917201638221741
0.4997611343860626 0.7079116106033325 -0.08854153007268906
0.4016456604003906 0.745419979095459 -0.04405873268842697
0.3790002465248108 0.7034380435943604 -0.09555134177207947
0.43553289771080017 0.7239710092544556 -0.0877101793885231
0.4749505817890167 0.7483556866645813 -0.06657757610082626
