0.878389311381473 1.0 9.961387377188657e-07
1.0 0.8294690570118821 -0.06318726390600204
0.9053436896825756 0.5858249206973046 -0.0846763476729393
0.6704048048173394 0.4985745522076763 -0.09978171437978745
0.44936589154920986 0.4904157067299444 -0.11254336684942245
0.668184096401572 0.42759953056970224 -0.055028483271598816
0.4634620909420858 0.21398627119192212 -0.09520623832941055
0.30512321670755355 0.0972999672758188 -0.11501982808113098
0.173330694136058 0.0 -0.12209779024124146
0.5188353411559228 0.5368044261510607 -0.050341203808784485
0.2932441386830775 0.31503547312204583 -0.10070663690567017
0.1256630738582836 0.16254955904576945 -0.1246861070394516
0.0 0.036187216301356274 -0.12862734496593475
0.4256886071136367 0.6779563721435544 -0.05136223882436752
0.37325184431301356 0.6089738529955233 -0.13374575972557068
0.5773038056289904 0.7281670237823124 -0.14130672812461853
0.7369204024406271 0.8201581504314713 -0.1169913113117218
0.3649572864182321 0.8401079788350739 -0.0550123006105423
0.3331230562687077 0.7616324323494701 -0.12200797349214554
0.5179111057921358 0.8581287523864808 -0.11500011384487152
0.6581649839610069 0.9443255886104501 -0.08912640064954758
