0.5524519085884094 0.8625973463058472 9.091139645533985e-07
0.5691425800323486 0.787395179271698 -0.049143675714731216
0.5233781337738037 0.706531286239624 -0.0681474432349205
0.4456668794155121 0.6880291700363159 -0.0831729844212532
0.37916627526283264 0.6939162015914917 -0.09608787298202515
0.44662952423095703 0.67353355884552 -0.046288684010505676
0.3582408130168915 0.6121993660926819 -0.08452710509300232
0.29337751865386963 0.5785924792289734 -0.10459429770708084
0.23936514556407928 0.5515530109405518 -0.11348302662372589
0.41394248604774475 0.7236623764038086 -0.046753931790590286
0.31242990493774414 0.6597707867622375 -0.0939275249838829
0.24408452212810516 0.6144397258758545 -0.1179533526301384
0.19022685289382935 0.5758031606674194 -0.12438204884529114
0.40267041325569153 0.7831864953041077 -0.05144510790705681
0.3689814507961273 0.7512625455856323 -0.12363675236701965
0.4407017230987549 0.7688910365104675 -0.12906713783740997
0.4936528205871582 0.7845818996429443 -0.10780248790979385
0.4054754078388214 0.8488437533378601 -0.05800173059105873
0.3820335865020752 0.80996173620224 -0.11547555029392242
0.44275134801864624 0.8183907270431519 -0.1090143620967865
0.48595982789993286 0.8342183828353882 -0.08704497665166855
