0.8708698330688981 1.0 1.5097093637450598e-06
1.0 0.8300846045205101 -0.09186690300703049
0.9553194134823405 0.603526644117969 -0.13190150260925293
0.6945361344598872 0.5126866755958119 -0.16458788514137268
0.4410241500309201 0.49990129298888375 -0.1949658989906311
0.7743989679936709 0.4569300764536353 -0.08738982677459717
0.5537903884801169 0.23809148378422043 -0.1599355936050415
0.35981113243546065 0.10945083671650659 -0.20235347747802734
0.1956456139203666 0.0 -0.2261531949043274
0.597839330499019 0.5290409368306398 -0.08882187306880951
0.351754735370838 0.2896178569008917 -0.17918477952480316
0.15980781600887162 0.13959627060521887 -0.22650858759880066
0.0 0.01587663187079492 -0.24289527535438538
0.48605507072836346 0.640329162345412 -0.09818565845489502
0.28219134000157736 0.5609879456538167 -0.23314443230628967
0.4793253614875685 0.6896464788071773 -0.24045579135417938
0.6408491645827672 0.7868581464553551 -0.20281416177749634
0.4168398415568408 0.7837960819466232 -0.11178616434335709
0.2885456367837881 0.7078970403531355 -0.22043216228485107
0.44390223408792 0.802527608257201 -0.20959439873695374
0.5669273049838626 0.8824202083583054 -0.17245599627494812
