0.8535242259119145 1.0 1.8291873402631609e-06
1.0 0.8503321035245185 -0.09672009199857712
0.9749473594483773 0.6040926362343052 -0.14064201712608337
0.7542266092316289 0.48522015025328996 -0.17237208783626556
0.5137121614981911 0.48459706033214744 -0.2011357992887497
0.7135948467918414 0.4243770974840402 -0.11825862526893616
0.49003313232908174 0.2204846530664787 -0.1867489069700241
0.3286397111659545 0.10843983332915441 -0.21817414462566376
0.18475940433262555 0.0 -0.23002412915229797
0.5329164135014844 0.5063065936725635 -0.10615817457437515
0.32060689337630277 0.3110594303623451 -0.19180743396282196
0.14255460010470097 0.16950406729560707 -0.2300676554441452
0.0 0.04336008790035455 -0.23723554611206055
0.39558468434222027 0.6171266882298947 -0.09918186068534851
0.41598942467429717 0.6024361467460989 -0.21140091121196747
0.6272905346033006 0.7434133540538843 -0.21359483897686005
0.7869513466779386 0.8533721171589995 -0.1744835078716278
0.30095461223595144 0.7449924688965557 -0.09833545237779617
0.37588966811494956 0.7416071989094483 -0.1791437417268753
0.5651476296214349 0.8589751443859999 -0.16760115325450897
0.6931967694571874 0.9496797697785491 -0.1311083287000656
