0.8015987259732505 0.976719585975606 6.91520426698844e-07
0.7572646436935248 0.613913687265096 -0.11299426853656769
0.5328214169847644 0.2717101512372021 -0.23090603947639465
0.21230624468620002 0.04787650101955578 -0.326739639043808
0.0 0.0 -0.41870102286338806
1.0 0.2590812090559296 -0.3360086679458618
0.45780039546550544 0.015528555359886152 -0.46265357732772827
0.2176904409436491 0.0786085718602604 -0.5292016863822937
0.08462198459499448 0.12648680576569088 -0.5686343908309937
0.9672340821628855 0.4959097704479089 -0.3223857879638672
0.231341089193167 0.2609559440172239 -0.42233526706695557
0.13785676702080965 0.31103246743226665 -0.4187750816345215
0.20851282926086429 0.38177431505003956 -0.42648157477378845
0.8407486036609185 0.7640088350773729 -0.3078557550907135
0.09922118143469776 0.5493968608194751 -0.37469664216041565
0.09815501359826484 0.5784797194177207 -0.34164339303970337
0.2349403549686537 0.6243216473836353 -0.3278658390045166
0.6514382847530794 1.0 -0.30409863591194153
0.08973647446825 0.800583784495672 -0.33775758743286133
0.12163465826351151 0.7863049699249405 -0.3199142813682556
0.28090708585854457 0.8106021753659051 -0.3172301948070526
