0.9623352496860369 1.0 5.306372941049631e-07
1.0 0.7299850008962494 -0.030388450250029564
0.836847172618947 0.4931205262017342 -0.038606856018304825
0.5940880485280648 0.4446104525779512 -0.04518389329314232
0.3939805650591711 0.4609017606131367 -0.05109697952866554
0.6650118089796938 0.3683057044507718 -0.012983029708266258
0.4874305432040488 0.1843248056282027 -0.03528189659118652
0.3475088429273826 0.07749188328863436 -0.05105266720056534
0.2249970750880686 0.0 -0.06027579307556152
0.5558017966961908 0.5064411993543113 -0.013477873057126999
0.3167099147864386 0.2958882706619525 -0.039703067392110825
0.14940788285744622 0.16012631643463496 -0.05503455176949501
0.0 0.049793035716935025 -0.06082778051495552
0.5053497146435632 0.6886176819173364 -0.01818894036114216
0.351941634312294 0.5639451412705435 -0.0647011548280716
0.5342377003226533 0.6293791266080501 -0.06871891766786575
0.6665546295776562 0.6920686675362434 -0.05636145547032356
0.4960159205379764 0.9013945737148672 -0.024074053391814232
0.4051741297569832 0.7724295216022846 -0.0642327293753624
0.5562512976126632 0.8082340142315154 -0.06196591630578041
0.6667978650284455 0.8626982480453373 -0.04979213327169418
