0.9651663029710978 1.0 6.592189265575144e-07
1.0 0.7415836295443666 -0.02512221597135067
0.8172790386000692 0.5167535972126115 -0.032216913998126984
0.5685288473042199 0.4971909964598139 -0.03914177045226097
0.3826804665542347 0.5349492356535906 -0.04600461944937706
0.6708294181541052 0.4082597807026143 -0.014578012749552727
0.4536890463859339 0.21390318071590855 -0.038551293313503265
0.28000856478071207 0.09311985416518223 -0.05404270067811012
0.1332513329187171 0.0 -0.06236249953508377
0.569216139096609 0.5615221509105351 -0.01907001994550228
0.3103330080342609 0.36273709037158325 -0.046845048666000366
0.13580110197395345 0.22828103233988464 -0.06290543079376221
0.0 0.12018006506520627 -0.06842460483312607
0.5271292944613576 0.7471817909238676 -0.026654215529561043
0.3734256475192842 0.6582096882407766 -0.07536581158638
0.5521595255225741 0.7236039027646735 -0.07979170233011246
0.6978429738201811 0.7758810654319931 -0.0661875307559967
0.5295277846166387 0.9619732460823869 -0.03474300727248192
0.42309500369847797 0.8529476604309721 -0.07582269608974457
0.5739425885039242 0.9007447159028144 -0.07163918018341064
0.6977078445195676 0.9592983803517041 -0.05683564022183418
