0.43241792917251587 0.4546980857849121 8.989318871499563e-07
0.4428834319114685 0.39536744356155396 -0.03916707634925842
0.4017273187637329 0.3358849883079529 -0.05553337186574936
0.3398590087890625 0.32750174403190613 -0.06935993582010269
0.28355368971824646 0.339588463306427 -0.08262820541858673
0.34120672941207886 0.3002340793609619 -0.031981706619262695
0.28817692399024963 0.2486909031867981 -0.06552006304264069
0.24063317477703094 0.2151031643152237 -0.0876842513680458
0.19801129400730133 0.18998149037361145 -0.10020396113395691
0.31364500522613525 0.3378150165081024 -0.03280142322182655
0.2556784749031067 0.2819523811340332 -0.07485754042863846
0.21048744022846222 0.24329054355621338 -0.09871803969144821
0.17061074078083038 0.21230190992355347 -0.10783173888921738
0.3041321635246277 0.3868405520915985 -0.03711378946900368
0.2720458507537842 0.3612724840641022 -0.09759070724248886
0.32720229029655457 0.38180986046791077 -0.10060098022222519
0.3687882721424103 0.39837393164634705 -0.08337663114070892
0.307823121547699 0.4440452754497528 -0.0428805947303772
0.28472456336021423 0.41670554876327515 -0.09189600497484207
0.3321218192577362 0.42786329984664917 -0.08599011600017548
0.36660704016685486 0.44385361671447754 -0.0678284615278244
