0.47337615489959717 0.3674226701259613 8.176313031071913e-07
0.48440611362457275 0.3013122081756592 -0.029982544481754303
0.4481094181537628 0.2368069887161255 -0.03839175030589104
0.3863475024700165 0.22419610619544983 -0.0460987314581871
0.33168256282806396 0.24094334244728088 -0.053931500762701035
0.38715285062789917 0.21475186944007874 -0.01212862879037857
0.34738266468048096 0.1624755859375 -0.034552134573459625
0.31074926257133484 0.12808868288993835 -0.05052165314555168
0.2806415855884552 0.10014110803604126 -0.05961855873465538
0.35731974244117737 0.24955275654792786 -0.013398729264736176
0.30509287118911743 0.1975293606519699 -0.04122963175177574
0.2674420177936554 0.15678274631500244 -0.05939299613237381
0.23594699800014496 0.12215064465999603 -0.06709963828325272
0.34280630946159363 0.2967183589935303 -0.018276385962963104
0.303793340921402 0.2629006505012512 -0.0690402239561081
0.3535897433757782 0.28129881620407104 -0.07509765028953552
0.3928844630718231 0.30096855759620667 -0.06279092282056808
0.34012287855148315 0.35357072949409485 -0.023779310286045074
0.3169592022895813 0.3215268552303314 -0.06961152702569962
0.36230140924453735 0.3299840986728668 -0.06854203343391418
0.39905697107315063 0.3477684259414673 -0.055195774883031845
