0.6431505680084229 0.6027425527572632 7.597075182275148e-07
0.6667795777320862 0.5439785122871399 -0.04126933217048645
0.6291568875312805 0.4748584032058716 -0.05545441806316376
0.5640692710876465 0.4581605792045593 -0.0663721039891243
0.5057153701782227 0.4633943438529968 -0.07606221735477448
0.5703175663948059 0.432468444108963 -0.03628784790635109
0.5108361840248108 0.37082231044769287 -0.06860627233982086
0.4613319933414459 0.33334389328956604 -0.08573056757450104
0.4178975522518158 0.30518025159835815 -0.09305904060602188
0.5347332954406738 0.4712393879890442 -0.03509487956762314
0.47038203477859497 0.4069398045539856 -0.0757141038775444
0.42245322465896606 0.36243486404418945 -0.09606640785932541
0.3786727786064148 0.3246733248233795 -0.10126853734254837
0.5131033062934875 0.5205100178718567 -0.0376683734357357
0.48586177825927734 0.4963226020336151 -0.09863825887441635
0.5483756065368652 0.5193742513656616 -0.1024804636836052
0.5921550989151001 0.5380830764770508 -0.08370164036750793
0.5005819201469421 0.5771431922912598 -0.04155924171209335
0.47633305191993713 0.5445781946182251 -0.08511042594909668
0.5251836776733398 0.5578219890594482 -0.07627438753843307
0.5580745935440063 0.5750858783721924 -0.056444115936756134
