0.8926343364892831 1.0 1.2284311878829612e-06
1.0 0.834537306100248 -0.08242561668157578
0.9246465414830752 0.5929208026844472 -0.11579762399196625
0.6994332520278455 0.5094636062230183 -0.14746080338954926
0.5024553979181501 0.4945414524882097 -0.17407390475273132
0.6771168579390547 0.42567203722029623 -0.047848980873823166
0.4691426180488795 0.22126523874431067 -0.1230725422501564
0.3023700112920184 0.09440242257538532 -0.17449061572551727
0.16601322819034725 0.0 -0.20738337934017181
0.5680714518208156 0.5284197920076456 -0.06515789031982422
0.2996184809412365 0.29918092624478704 -0.16258777678012848
0.14058347759657205 0.1512919940222275 -0.22475191950798035
0.0 0.035882553371479595 -0.25083109736442566
0.507375581676289 0.6740202937180622 -0.09349585324525833
0.41415999374486245 0.5339548367135492 -0.24606911838054657
0.6132906374125114 0.6479102621586005 -0.2672060430049896
0.7336973413101114 0.7261201680167274 -0.23616750538349152
0.4781478516849168 0.8424103055133273 -0.12569722533226013
0.4680705260674121 0.7240219592639071 -0.2579948306083679
0.6505485175841209 0.7985901522906899 -0.26304322481155396
0.755737052480265 0.8614009813623524 -0.23508119583129883
