0.8470262289047241 0.9011219143867493 8.827514079712273e-07
0.866461992263794 0.8175824880599976 -0.07855291664600372
0.819025993347168 0.728455126285553 -0.10847310721874237
0.7227563261985779 0.7137160301208496 -0.12981931865215302
0.6313726902008057 0.7151955962181091 -0.14684070646762848
0.7236672639846802 0.648318350315094 -0.059654612094163895
0.6312500834465027 0.5808443427085876 -0.10965514928102493
0.5653758645057678 0.5445184707641602 -0.1387808471918106
0.5053247213363647 0.5134247541427612 -0.1533534824848175
0.6762006878852844 0.7017187476158142 -0.05153125524520874
0.5688761472702026 0.621826708316803 -0.11121220141649246
0.49578526616096497 0.5760411024093628 -0.14170421659946442
0.4353577792644501 0.5412801504135132 -0.14918629825115204
0.6579446792602539 0.7675596475601196 -0.05201912671327591
0.6204679012298584 0.7606356143951416 -0.14414207637310028
0.7028344869613647 0.7916761040687561 -0.15850691497325897
0.7601418495178223 0.8093805313110352 -0.13733036816120148
0.6555591821670532 0.8378967642784119 -0.05658624693751335
0.6409189701080322 0.8219069242477417 -0.13217496871948242
0.7127479910850525 0.8472315669059753 -0.13369716703891754
0.7596250772476196 0.8636218309402466 -0.11341141909360886
