0.7122654318809509 0.9171762466430664 1.0252111906083883e-06
0.7254908680915833 0.8297618627548218 -0.07939844578504562
0.6694045066833496 0.7339984178543091 -0.11114650219678879
0.570174515247345 0.7192869186401367 -0.13457058370113373
0.4752193093299866 0.7276535034179688 -0.1540156453847885
0.5637158155441284 0.6493315696716309 -0.06102510914206505
0.4613993465900421 0.5824127197265625 -0.11501837521791458
0.3880327343940735 0.5499164462089539 -0.146034836769104
0.3226586878299713 0.5207586288452148 -0.16086745262145996
0.5191099047660828 0.7104641199111938 -0.05404144152998924
0.39948052167892456 0.629349410533905 -0.12088282406330109
0.32095226645469666 0.583579421043396 -0.15415309369564056
0.257271945476532 0.5439125895500183 -0.1616773158311844
0.5042592287063599 0.7823663353919983 -0.05512721836566925
0.4595383405685425 0.7715181708335876 -0.1553015261888504
0.5500562787055969 0.8030939102172852 -0.16545294225215912
0.6157236099243164 0.8205244541168213 -0.13851027190685272
0.5062989592552185 0.8600237369537354 -0.059641458094120026
0.4774590730667114 0.8427668213844299 -0.13919414579868317
0.5606280565261841 0.8673503398895264 -0.13303174078464508
0.6171044707298279 0.8845465183258057 -0.1051144003868103
