0.6283408403396606 0.8997193574905396 1.0757403288153e-06
0.6542541980743408 0.8138525485992432 -0.08529654890298843
0.5945878028869629 0.7186979055404663 -0.11834772676229477
0.49111199378967285 0.7059441208839417 -0.14206866919994354
0.39518997073173523 0.7157446146011353 -0.1619613766670227
0.48447293043136597 0.6366134285926819 -0.07436581701040268
0.37660181522369385 0.5642216205596924 -0.13472218811511993
0.2982972264289856 0.5278269648551941 -0.16772985458374023
0.22815054655075073 0.4967212677001953 -0.18301606178283691
0.4322943091392517 0.6976739764213562 -0.06733398139476776
0.3120839297771454 0.6178868412971497 -0.1425919383764267
0.22811467945575714 0.566463053226471 -0.17964977025985718
0.1586199849843979 0.5221481919288635 -0.18756327033042908
0.412240594625473 0.7716476321220398 -0.06844750046730042
0.3727870583534241 0.7698783874511719 -0.17848286032676697
0.4753539562225342 0.8062434196472168 -0.19145040214061737
0.5504429340362549 0.8265326023101807 -0.1628877967596054
0.41265273094177246 0.8524938225746155 -0.07345204055309296
0.39799320697784424 0.8451990485191345 -0.162277951836586
0.4869078993797302 0.8724536895751953 -0.15993866324424744
0.5473229885101318 0.8896662592887878 -0.13186340034008026
