0.9354679880171168 1.0 2.4692718625374255e-07
1.0 0.7901245226995621 -0.1415492594242096
0.81709310430991 0.5356136018061789 -0.18705250322818756
0.47594537166208567 0.4933171329877293 -0.2078293114900589
0.18814548839284972 0.5041140049443974 -0.2224077433347702
0.6590596119854649 0.35213461250224765 -0.09380904585123062
0.4080009902752025 0.17455737718000763 -0.16739468276500702
0.1881551698543263 0.06950317360680394 -0.21241068840026855
0.0 0.0 -0.24319088459014893
0.5134972827364789 0.5034492321420243 -0.05680090934038162
0.23301214700699924 0.48702204179719094 -0.18001927435398102
0.38613483325296183 0.5791429528371927 -0.22492337226867676
0.5338844236349369 0.6263986826246056 -0.22319462895393372
0.42320791537849445 0.6721873035277899 -0.034190643578767776
0.20755843223023068 0.6627452153990071 -0.19227468967437744
0.5008184292612492 0.7635628390606892 -0.20119152963161469
0.7067824169906883 0.8049600091376333 -0.16097603738307953
0.37678369402155926 0.8498691827080265 -0.01777775213122368
0.26552618282103035 0.8143312706323098 -0.1613161563873291
0.5079483646167479 0.8849546023720438 -0.17752580344676971
0.6725923357862776 0.9121667937306458 -0.15352953970432281
