1.0 1.0 5.454788833958446e-07
0.8413903229588172 0.8482626146851227 -0.009505799040198326
0.6124713458064528 0.6196358621857386 -0.020982006564736366
0.5527908110119809 0.43204177235661173 -0.032067395746707916
0.5226712008581129 0.2736400865273676 -0.04306534677743912
0.07611191134470721 0.7246593771809575 -0.028657563030719757
0.0 0.43305471347306657 -0.053304482251405716
0.021383242182715013 0.19012277942576306 -0.07034695893526077
0.08357654620089466 0.01668028832325548 -0.07948077470064163
0.1182191409574367 0.7462345074007383 -0.03366467356681824
0.03673729999073243 0.4159774434050017 -0.05424489825963974
0.05461932934934918 0.17827953593023976 -0.06434064358472824
0.11137546268428071 0.0 -0.07030549645423889
0.2787557129321225 0.7343489336576482 -0.03933269903063774
0.19503065169159506 0.4095258795194323 -0.05501507967710495
0.2096792630613569 0.18091377979805215 -0.05714605748653412
0.2773769788240357 0.0012644804721884846 -0.0573834665119648
0.5266357922999629 0.7045025816024061 -0.04606285318732262
0.4895561476017306 0.4426197213367241 -0.05508500710129738
0.5013420438768389 0.26479794904523585 -0.054321158677339554
0.5493276040051115 0.12578514468804236 -0.053225111216306686
