0.9595643816875513 1.0 9.298098575527547e-07
1.0 0.6290342508429821 0.04742825776338577
0.9408092146877977 0.38723567823329413 0.07524517923593521
0.9069491542952397 0.1930546208768491 0.08346875756978989
0.8572027528065106 0.0 0.08893174678087234
0.4874245488762033 0.5373592083562072 0.14673133194446564
0.21895721423444192 0.5292248342709479 0.1800774782896042
0.1046324177643694 0.38831222144462857 0.1830892711877823
0.03303028006959053 0.2639673473653476 0.18010969460010529
0.4406431108815722 0.5668479012573842 0.10860215127468109
0.14103959665690236 0.5586426728266647 0.14180615544319153
0.04487319652317507 0.34855068174427456 0.1301908791065216
0.02486069547051594 0.2090235665981397 0.11983801424503326
0.4128423041700498 0.5842760036554938 0.06677794456481934
0.13206798605572265 0.573216968848149 0.09007330238819122
0.03317554175273496 0.3641612225681128 0.08528453856706619
0.0 0.2201886615038451 0.08008340001106262
0.4166740361599755 0.5955842095777066 0.024135712534189224
0.21374478392891855 0.6020790436316631 0.03502923995256424
0.13399205698774652 0.47830934446297646 0.04165433347225189
0.0920595521191321 0.3758381663131576 0.049114082008600235
