0.9477216018660479 1.0 4.221033407247887e-07
1.0 0.6122302844545088 -0.004031681921333075
0.9349064757402483 0.37809306246227975 -0.006963683757930994
0.8846300573400389 0.177817423898568 -0.013618743978440762
0.8482595362444405 0.0 -0.017610540613532066
0.4773899201181541 0.6179032889584964 0.013109498657286167
0.23261608350873977 0.7302539042042206 -0.008821800351142883
0.11308594116748635 0.5542221144302181 -0.03079012967646122
0.04285494844332082 0.4251383492361177 -0.04141118377447128
0.42946097205971284 0.6773526228371631 0.0031762784346938133
0.1372897788720573 0.6684113592266907 -0.014308472163975239
0.041156558714207224 0.3241063100718743 -0.028631100431084633
0.028269153050864262 0.05326539111871474 -0.034175753593444824
0.40075407531208873 0.6887687728503809 -0.010498513467609882
0.12207475681603415 0.6262884123318486 -0.028238331899046898
0.024121551457748306 0.2784950171829876 -0.043018799275159836
0.0 0.013745454862860306 -0.04755387827754021
0.40042365456903356 0.6447049464060373 -0.02537519484758377
0.19093945498358242 0.5625012469512043 -0.037798479199409485
0.1009724009775319 0.3402755263381033 -0.04168910160660744
0.06649370607886858 0.1572202839058502 -0.04006275534629822
