0.49385809898376465 0.733066737651825 9.033648780132353e-07
0.5203619003295898 0.6922870874404907 -0.07397191971540451
0.5256092548370361 0.6495377421379089 -0.11809562891721725
0.526419460773468 0.6064664721488953 -0.15085278451442719
0.5152294635772705 0.5631484389305115 -0.1812908798456192
0.3869093954563141 0.6685243844985962 -0.09298943728208542
0.31226280331611633 0.656341016292572 -0.13239137828350067
0.28240448236465454 0.6123753190040588 -0.16075502336025238
0.2716231942176819 0.5730715394020081 -0.1761903613805771
0.37043580412864685 0.6758737564086914 -0.06754324585199356
0.2974451780319214 0.6532058715820312 -0.10487328469753265
0.2725176215171814 0.6005746126174927 -0.12926319241523743
0.27393245697021484 0.5603519082069397 -0.14342738687992096
0.364240437746048 0.6774929165840149 -0.04597993195056915
0.2974435091018677 0.6496987342834473 -0.07392644137144089
0.2759596109390259 0.6031273007392883 -0.0904771238565445
0.27594396471977234 0.565044105052948 -0.09861964732408524
0.36244115233421326 0.6780240535736084 -0.029833534732460976
0.31014758348464966 0.6531364321708679 -0.04747176542878151
0.28667598962783813 0.6205976009368896 -0.05643635615706444
0.28017717599868774 0.5918307900428772 -0.06090744957327843
