0.8451711416387333 1.0 8.051874829106964e-07
0.9607930307038827 0.7325306891797841 -0.07387867569923401
0.9784906873183568 0.4673225026915881 -0.11461003869771957
0.9896569681407807 0.21899851986445942 -0.1440896987915039
1.0 0.0 -0.16873160004615784
0.4522915672456526 0.617625730630558 -0.0833694338798523
0.1467115204631124 0.6865202349691379 -0.12141042202711105
0.035469980439482414 0.45824215981784117 -0.14762793481349945
0.0 0.22816704912489286 -0.16012874245643616
0.40227064705917176 0.6497043218308255 -0.05665329098701477
0.10838451665584851 0.6016763661118114 -0.0906611829996109
0.025537045344002914 0.2946126365382212 -0.1110391691327095
0.03867188611474422 0.04399422157115151 -0.12000124156475067
0.3727423433167786 0.65041869500643 -0.03470711410045624
0.12073000470346137 0.5714820451882272 -0.05969281122088432
0.0600308140692885 0.31207703049155344 -0.07491085678339005
0.07287118722201502 0.08687723122660919 -0.0792703628540039
0.3532822731830708 0.6473410535545141 -0.018910281360149384
0.13933684441091104 0.5939035926118841 -0.03382227569818497
0.05960715880951822 0.4237378085492578 -0.0418449342250824
0.03948988354779628 0.2571641922666249 -0.043240051716566086
