0.6121523380279541 0.73890221118927 8.704542153736838e-08
0.6810623407363892 0.6313400864601135 -0.04932042211294174
0.6890644431114197 0.5336013436317444 -0.08290853351354599
0.6735051274299622 0.45108866691589355 -0.10584463179111481
0.6523849964141846 0.3794504404067993 -0.13118429481983185
0.5373738408088684 0.6060442924499512 -0.10823193937540054
0.44544991850852966 0.592711865901947 -0.1571727842092514
0.37197619676589966 0.5592923760414124 -0.19283999502658844
0.3031524419784546 0.5236279368400574 -0.21574179828166962
0.4693271517753601 0.6251545548439026 -0.09887976199388504
0.3446681499481201 0.5761252641677856 -0.14059019088745117
0.27187100052833557 0.4944993853569031 -0.16710801422595978
0.21975764632225037 0.42788052558898926 -0.1894506812095642
0.4262668788433075 0.6213126182556152 -0.08814172446727753
0.30545589327812195 0.5592159628868103 -0.12198147922754288
0.2580498158931732 0.4822496771812439 -0.13187748193740845
0.22903189063072205 0.4165193438529968 -0.13863152265548706
0.4100770652294159 0.6090792417526245 -0.08080585300922394
0.3153727352619171 0.566110372543335 -0.10961880534887314
0.2689947783946991 0.5132747292518616 -0.11370322853326797
0.23605352640151978 0.4628119170665741 -0.11477675288915634
