0.5439655780792236 0.6323930621147156 3.2552136985941615e-07
0.6107690930366516 0.5784916281700134 -0.03979286178946495
0.6313047409057617 0.530093789100647 -0.053695302456617355
0.635932207107544 0.47389501333236694 -0.06266555190086365
0.62828528881073 0.4232728183269501 -0.07100008428096771
0.47415798902511597 0.5316545367240906 -0.011133955791592598
0.40633460879325867 0.5203896760940552 -0.024583706632256508
0.3708873987197876 0.48758625984191895 -0.043323762714862823
0.3434444069862366 0.45761287212371826 -0.05737859010696411
0.44289204478263855 0.5271596908569336 0.0029915038030594587
0.3682136833667755 0.4999222457408905 -0.005794850178062916
0.34269237518310547 0.4570946991443634 -0.021625276654958725
0.3238407373428345 0.4198719561100006 -0.03497908636927605
0.4211982190608978 0.5203254222869873 0.012854445725679398
0.3548423647880554 0.4894355237483978 0.0004314664693083614
0.3337922692298889 0.4474256932735443 -0.006756116636097431
0.3174575865268707 0.4104878306388855 -0.010725864209234715
0.40593332052230835 0.5173801183700562 0.018502051010727882
0.3637421429157257 0.4915744364261627 0.00687119085341692
0.34717506170272827 0.4603232443332672 0.006504665594547987
0.33556175231933594 0.43178194761276245 0.00821863766759634
