0.9436234106509761 1.0 6.650018349318998e-07
1.0 0.6654944202613536 -0.029442816972732544
0.9341041475144245 0.4086942342884277 -0.041853681206703186
0.856788604522521 0.19239824647802753 -0.05215424671769142
0.7902830955666538 0.0 -0.05953861400485039
0.5178013980562648 0.7807153714482348 -0.006210049614310265
0.2672869204375668 0.772970539229674 -0.0258010383695364
0.10800398038547927 0.5486429007663304 -0.045088429003953934
0.021748023094897352 0.34150343539442307 -0.0552707314491272
0.47939599323610066 0.8817254056864968 -0.0004090630973223597
0.23088361801685464 0.8473329007185885 -0.0158343818038702
0.08756690571289649 0.5746071303576931 -0.03462517634034157
0.023181906766064752 0.326126882452551 -0.045212019234895706
0.4500217523538803 0.9100892148556524 0.0015488400822505355
0.20613258896319028 0.8712449646104246 -0.010785129852592945
0.06800592923890383 0.6311456174620645 -0.02229996584355831
0.0 0.40895369296178413 -0.026563677936792374
0.43980936670137855 0.9021442340497183 -9.394089283887297e-05
0.23172999127937305 0.8729526543926005 -0.00722205126658082
0.10699205300881315 0.7218364312294963 -0.009493124671280384
0.04105486120817101 0.5558813019720695 -0.008259288035333157
