0.9743521290574879 1.0 4.510804103574628e-07
1.0 0.6392809618032654 -0.0010237074457108974
0.8993033736877063 0.40417683973416957 -0.000834594713523984
0.8281881660269445 0.20123889641020895 -0.0049587939865887165
0.7822277158091206 0.0 -0.006438900250941515
0.45207600109405344 0.7724873969675581 0.02498801238834858
0.18693690159324183 0.8282423639316061 0.010213744826614857
0.0715653831242543 0.5383309612247024 -0.005712760612368584
0.04112607021370145 0.2583519437790969 -0.012685867957770824
0.42819272939669845 0.8650559470499068 0.016045929864048958
0.1432834562153818 0.9014275079745278 0.006085915956646204
0.041722966679410084 0.5459510227066724 -0.008581666275858879
0.03474274388106511 0.23485456852693984 -0.016265353187918663
0.40903755162312033 0.8887700906029784 0.0035310499370098114
0.1337225226654585 0.9217717144366917 -0.0035958471707999706
0.026216077868417256 0.6087174027917597 -0.015669306740164757
0.0 0.3340380231656658 -0.02126714400947094
0.40254187397185787 0.864816807643204 -0.010618207044899464
0.164622216043595 0.8996574906562063 -0.01291932724416256
0.0636775888771617 0.7004721074738779 -0.015111152082681656
0.027363852007800858 0.4936990623421005 -0.01483109500259161
