0.6369040012359619 0.7918927073478699 5.380624088502373e-07
0.664164662361145 0.634142279624939 -0.01782633550465107
0.6404109001159668 0.5292419195175171 -0.032316360622644424
0.6253603100776672 0.4477802813053131 -0.05054444074630737
0.5932794809341431 0.36691814661026 -0.0712350606918335
0.4081617593765259 0.5922315716743469 -0.005150394048541784
0.26431652903556824 0.57884681224823 -0.030368223786354065
0.17687451839447021 0.5233562588691711 -0.05938219651579857
0.11400166153907776 0.4792609214782715 -0.08160675317049026
0.3810375928878784 0.6211296916007996 -0.019557099789381027
0.2151123285293579 0.6136693954467773 -0.04337204620242119
0.13762137293815613 0.5389495491981506 -0.07726876437664032
0.0860806405544281 0.48228463530540466 -0.10416252166032791
0.3765939474105835 0.6368935704231262 -0.03719567880034447
0.22675931453704834 0.6203517317771912 -0.06069463863968849
0.15277791023254395 0.5447328090667725 -0.08296529203653336
0.09934118390083313 0.48640844225883484 -0.09950464963912964
0.3965524137020111 0.6439359188079834 -0.057983238250017166
0.30324941873550415 0.6366708874702454 -0.08214928954839706
0.24947082996368408 0.5901705026626587 -0.09213155508041382
0.20448729395866394 0.5516253113746643 -0.09743110835552216
