0.8621265633370528 1.0 4.146369576574216e-07
0.9490550498179132 0.632058276965409 0.037504423409700394
0.9605631571743704 0.4291281163395622 0.04966568574309349
0.9931131877209225 0.2329231838666502 0.0393514558672905
1.0 0.03833736024233041 0.02716490998864174
0.44391928818529564 0.39027005163036516 0.12989401817321777
0.1468512236010833 0.3575471537580322 0.1396576315164566
0.0857809415872648 0.22345560232589934 0.1258469969034195
0.05241798638079577 0.07910150607635238 0.11018319427967072
0.38746239379664876 0.4084334095032966 0.0839502289891243
0.047007199703091244 0.35967769602258226 0.09149974584579468
0.02654107403901794 0.14917664657482588 0.07388733327388763
0.058699749989504946 0.00791931603897675 0.058635275810956955
0.3497039880624473 0.4305654812956548 0.030770471319556236
0.026955475965299014 0.3477077913403299 0.02899801917374134
0.0 0.1398357302781374 0.02590159699320793
0.017391766105021123 0.0 0.024052733555436134
0.35282293150854194 0.44851869534798616 -0.02483280934393406
0.10111323426560052 0.37755509869659587 -0.03313533589243889
0.04869656579350608 0.23021963589023312 -0.029144255444407463
0.03025198350081167 0.10424506556139049 -0.023523107171058655
