0.67780601978302 0.8999019861221313 3.664438565920136e-07
0.7140108346939087 0.749157190322876 -0.002007734263315797
0.7084378004074097 0.647018313407898 -0.019853081554174423
0.7180278301239014 0.5476418137550354 -0.046563662588596344
0.7191258668899536 0.4534710645675659 -0.07255996763706207
0.4416030943393707 0.6448747515678406 0.011784834787249565
0.275033563375473 0.6424480080604553 -0.02262170799076557
0.2217661440372467 0.5895279049873352 -0.060386013239622116
0.18924307823181152 0.5340512990951538 -0.08508850634098053
0.4014008343219757 0.6574837565422058 -0.01103436853736639
0.18778342008590698 0.6256340146064758 -0.04599626362323761
0.14704814553260803 0.5227476954460144 -0.06908527761697769
0.14648538827896118 0.44543951749801636 -0.08178621530532837
0.38644862174987793 0.6657461524009705 -0.03770815208554268
0.1927163302898407 0.6267717480659485 -0.06567604094743729
0.1545896828174591 0.5257855653762817 -0.06770927459001541
0.1463206708431244 0.4536699950695038 -0.06334803998470306
0.4009307622909546 0.660993754863739 -0.06736201047897339
0.25769180059432983 0.6280777454376221 -0.0865185558795929
0.20396798849105835 0.5626451969146729 -0.07942615449428558
0.17007452249526978 0.5076977610588074 -0.06780442595481873
