0.5587371587753296 0.8136608600616455 7.875779601818067e-07
0.46549278497695923 0.8290390968322754 -0.037882909178733826
0.37179771065711975 0.7625584006309509 -0.055986467748880386
0.35451772809028625 0.6693914532661438 -0.07157216966152191
0.3842514455318451 0.6078574657440186 -0.08925176411867142
0.33265289664268494 0.5524720549583435 -0.04681561514735222
0.22385245561599731 0.45330584049224854 -0.07656293362379074
0.1530720740556717 0.38097304105758667 -0.09981940686702728
0.08889475464820862 0.31923985481262207 -0.12114344537258148
0.40037912130355835 0.5109160542488098 -0.06636849790811539
0.3263801038265228 0.3537238836288452 -0.10289354622364044
0.2702392339706421 0.25147172808647156 -0.13311557471752167
0.22168509662151337 0.1712632179260254 -0.15414226055145264
0.4736138880252838 0.5096878409385681 -0.09074011445045471
0.4254419505596161 0.3578742742538452 -0.14685790240764618
0.36564549803733826 0.2706582248210907 -0.1886444091796875
0.32316288352012634 0.20650121569633484 -0.21265627443790436
0.5475532412528992 0.5425160527229309 -0.11636115610599518
0.46824800968170166 0.45381268858909607 -0.17054563760757446
0.42013120651245117 0.4956896901130676 -0.18438264727592468
0.3984849750995636 0.5632745027542114 -0.19048331677913666
