0.21231895685195923 0.1480972319841385 1.3218723893260176e-07
0.20853263139724731 0.11440417170524597 -0.017715195193886757
0.22492672502994537 0.07829663157463074 -0.025848601013422012
0.2408486306667328 0.05122211575508118 -0.03273734077811241
0.2554338872432709 0.030126087367534637 -0.0374038927257061
0.30146875977516174 0.09736037999391556 -0.0100393770262599
0.3547743260860443 0.08503216505050659 -0.02326830103993416
0.3773307204246521 0.0644383430480957 -0.03478335589170456
0.3823974132537842 0.04439106211066246 -0.041228074580430984
0.30545774102211 0.09716912358999252 -0.008092822507023811
0.35727760195732117 0.07771818339824677 -0.020653478801250458
0.37752199172973633 0.04860816150903702 -0.029296349734067917
0.3810839354991913 0.023470275104045868 -0.03363264724612236
0.30642688274383545 0.09471915662288666 -0.009191530756652355
0.35344046354293823 0.07357747852802277 -0.018906213343143463
0.37045037746429443 0.04575067013502121 -0.02369745634496212
0.3751063942909241 0.02181364595890045 -0.024573808535933495
0.30495715141296387 0.09213805943727493 -0.012456725351512432
0.3439452350139618 0.07563528418540955 -0.020440317690372467
0.3621199131011963 0.05398694798350334 -0.02262558601796627
0.3708028793334961 0.03521622344851494 -0.021771637722849846
