0.6944807767868042 0.9434496760368347 1.453938693884993e-06
0.4346209764480591 0.879065990447998 -0.10385606437921524
0.3206675946712494 0.7821276783943176 -0.15095917880535126
0.44886842370033264 0.6891628503799438 -0.18717262148857117
0.6388533115386963 0.6419223546981812 -0.2192864865064621
0.39735835790634155 0.5640831589698792 -0.08219019323587418
0.30928176641464233 0.40010300278663635 -0.16318930685520172
0.2819053828716278 0.29387444257736206 -0.22589890658855438
0.26846277713775635 0.1972275674343109 -0.2778622806072235
0.6057615876197815 0.5460106134414673 -0.11605056375265121
0.6098887920379639 0.36537474393844604 -0.21729648113250732
0.6317442059516907 0.24886086583137512 -0.28667959570884705
0.6465666890144348 0.14941036701202393 -0.3245149850845337
0.7891539335250854 0.5748739838600159 -0.16516409814357758
0.8923900127410889 0.4353702962398529 -0.2965371012687683
0.9384884238243103 0.332302451133728 -0.3698650598526001
0.9717329740524292 0.24281084537506104 -0.40283915400505066
0.9349158406257629 0.6518521308898926 -0.2201785296201706
0.9150209426879883 0.5421829223632812 -0.31503793597221375
0.8027392625808716 0.580610990524292 -0.2984357178211212
0.7140758037567139 0.6454089283943176 -0.2750866413116455
