0.5527940392494202 0.88690584897995 7.729972253400774e-07
0.4312896430492401 0.8764812350273132 -0.05775149539113045
0.32450199127197266 0.7738581895828247 -0.0784681960940361
0.314838707447052 0.6682277917861938 -0.0932023674249649
0.4026544988155365 0.6177738308906555 -0.10770424455404282
0.35872000455856323 0.5950995087623596 -0.044574011117219925
0.2541455626487732 0.47199538350105286 -0.08347434550523758
0.18172717094421387 0.3830510377883911 -0.1167946308851242
0.11902019381523132 0.31006184220314026 -0.14453670382499695
0.4468670189380646 0.5723928809165955 -0.058220215141773224
0.39711055159568787 0.4207504987716675 -0.09528268128633499
0.3454132080078125 0.3092006742954254 -0.13520577549934387
0.30013275146484375 0.21855589747428894 -0.1631576120853424
0.5290330648422241 0.5839771628379822 -0.07950413972139359
0.5231429934501648 0.4292457699775696 -0.14461997151374817
0.47671860456466675 0.32212865352630615 -0.20537824928760529
0.444391667842865 0.24198326468467712 -0.2433185577392578
0.6090322732925415 0.6238620281219482 -0.1030205562710762
0.5678566098213196 0.5279641151428223 -0.17462734878063202
0.5008442401885986 0.5425723195075989 -0.19963397085666656
0.4500682055950165 0.5855695009231567 -0.21174833178520203
