0.6536751389503479 0.9172797203063965 6.445470717153512e-07
0.47060921788215637 0.8696282505989075 -0.06272455304861069
0.36375337839126587 0.7600824236869812 -0.07685434818267822
0.4336951673030853 0.6664829254150391 -0.08712741732597351
0.5546684861183167 0.6140334606170654 -0.10045579820871353
0.38082221150398254 0.5486302971839905 -0.0298912450671196
0.283945769071579 0.40364351868629456 -0.07074324786663055
0.23597821593284607 0.31156736612319946 -0.10940589755773544
0.19325777888298035 0.22754338383674622 -0.14699910581111908
0.5216773152351379 0.5234692692756653 -0.0654328316450119
0.4674135744571686 0.3481648564338684 -0.12561509013175964
0.4476863741874695 0.2368895411491394 -0.17843949794769287
0.4290825128555298 0.14514842629432678 -0.21167540550231934
0.6524397134780884 0.5455780625343323 -0.1128980740904808
0.6760098934173584 0.3995625972747803 -0.2144477665424347
0.6853647232055664 0.30177611112594604 -0.2891189157962799
0.6946890950202942 0.21480399370193481 -0.3310561180114746
0.770989179611206 0.6095043420791626 -0.16252419352531433
0.7115817070007324 0.5145103335380554 -0.25894805788993835
0.6425860524177551 0.5673292875289917 -0.2703224718570709
0.5994843244552612 0.6346306204795837 -0.27086693048477173
