0.5302665829658508 0.8750706911087036 1.6553116211071028e-07
0.3416799306869507 0.7835381031036377 -0.07066226005554199
0.28552210330963135 0.6521145701408386 -0.07862444221973419
0.4138931334018707 0.5424674153327942 -0.09199900925159454
0.5903999209403992 0.49554508924484253 -0.10537920892238617
0.3601979613304138 0.5060466527938843 0.024045037105679512
0.27398228645324707 0.36530494689941406 -0.01601063460111618
0.22462403774261475 0.27321797609329224 -0.06378062069416046
0.18897795677185059 0.18976178765296936 -0.10912860929965973
0.5090159177780151 0.4932710826396942 -0.011679787188768387
0.46889910101890564 0.33181264996528625 -0.05751272663474083
0.4430147707462311 0.2281659096479416 -0.11329541355371475
0.42178410291671753 0.14169183373451233 -0.15625019371509552
0.6476110219955444 0.5136317610740662 -0.06658739596605301
0.6905713081359863 0.3700483441352844 -0.14900529384613037
0.6701140999794006 0.2734137177467346 -0.22637800872325897
0.6498229503631592 0.196457177400589 -0.27721479535102844
0.7796272039413452 0.5632664561271667 -0.12971380352973938
0.7610599994659424 0.4471266567707062 -0.19419953227043152
0.6570831537246704 0.46007972955703735 -0.2011214941740036
0.566513180732727 0.5084049701690674 -0.20808514952659607
