0.5548952221870422 0.903732419013977 6.494747140095569e-07
0.3660151958465576 0.8279343843460083 -0.06525466591119766
0.28861355781555176 0.6912262439727783 -0.08493515104055405
0.3859540820121765 0.5701580047607422 -0.10418587923049927
0.5353041887283325 0.5128111839294434 -0.12129556387662888
0.34277552366256714 0.5291136503219604 -0.015858344733715057
0.24110522866249084 0.38288170099258423 -0.05346442386507988
0.18258309364318848 0.2871074676513672 -0.09010320901870728
0.13838639855384827 0.20190957188606262 -0.12656894326210022
0.4925985634326935 0.5135961174964905 -0.04824717715382576
0.4911060333251953 0.3393058180809021 -0.09609738737344742
0.49087992310523987 0.22630509734153748 -0.14442786574363708
0.4856058359146118 0.1358577013015747 -0.18130356073379517
0.6252484917640686 0.5354313850402832 -0.0952649936079979
0.7075703144073486 0.3759521245956421 -0.18456491827964783
0.7376706600189209 0.2702632546424866 -0.2562585771083832
0.756628692150116 0.19034600257873535 -0.3001266419887543
0.7414913177490234 0.5877337455749512 -0.14597412943840027
0.7049017548561096 0.456429660320282 -0.22352351248264313
0.5962029099464417 0.4722222089767456 -0.23719097673892975
0.49976757168769836 0.5225490927696228 -0.24580824375152588
