0.4597030580043793 0.9008957147598267 -8.147249275225477e-08
0.41956570744514465 0.8141508102416992 -0.06269250065088272
0.46165862679481506 0.603926420211792 -0.077654629945755
0.5148058533668518 0.4993661046028137 -0.08600162714719772
0.5668529272079468 0.500189483165741 -0.09500287473201752
0.591504693031311 0.4895021915435791 -0.04598222300410271
0.6473656892776489 0.3848859965801239 -0.06210670247673988
0.646878182888031 0.3488752841949463 -0.0736486166715622
0.6664127111434937 0.3143131136894226 -0.09168028831481934
0.6626816391944885 0.5306633114814758 -0.04748227819800377
0.7530910968780518 0.34357014298439026 -0.0704699382185936
0.7870063781738281 0.2151762843132019 -0.09126424789428711
0.8082711100578308 0.1023017168045044 -0.10828765481710434
0.6960606575012207 0.6252802610397339 -0.05768118426203728
0.7051025629043579 0.4361843168735504 -0.12400048971176147
0.6885455846786499 0.30039316415786743 -0.18046075105667114
0.6702501177787781 0.1824880838394165 -0.21587535738945007
0.6978152990341187 0.7627499103546143 -0.07002661377191544
0.6251144409179688 0.6968291401863098 -0.14272424578666687
0.5401062965393066 0.6512578725814819 -0.1806924194097519
0.4658321142196655 0.602952778339386 -0.20535685122013092
