0.521710693090563 1.0 8.829914008856576e-07
0.7366406210937323 0.9179668759124229 -0.038705043494701385
0.7776490592439755 0.752709375545422 -0.050583649426698685
0.5198457895088334 0.6553006137356939 -0.05535712465643883
0.25386143363588715 0.609920302111934 -0.06135711446404457
0.792910247494132 0.522212588787542 -0.03664698824286461
0.9224692979373682 0.305983391806186 -0.05390775576233864
0.9762273045297059 0.17289327929630083 -0.06672826409339905
1.0 0.058987859113739084 -0.07569120824337006
0.5275651252960241 0.5070589781668629 -0.034535203129053116
0.5242172779107038 0.2635179128080635 -0.04927144572138786
0.4990524082801775 0.1179433610206149 -0.06456867605447769
0.4790088206694646 0.0 -0.07198198139667511
0.3097943452190517 0.5536254721896889 -0.03525908291339874
0.15850246871751514 0.34357739638853313 -0.06606853753328323
0.06417826374735269 0.21024527582915903 -0.0909966379404068
0.0 0.09199742901861412 -0.10418590903282166
0.1500625002840922 0.6466557223757615 -0.03712744638323784
0.1258975652686533 0.5631572790630903 -0.07401222735643387
0.2010754594339065 0.6406905147233866 -0.07997585833072662
0.2704905302017107 0.7247148744812503 -0.07750138640403748
