0.5937416299040911 1.0 6.891175416967599e-07
0.862725767192101 0.8684101106701672 -0.029939981177449226
0.901576384102359 0.6713553315086803 -0.04120246693491936
0.5748447138273073 0.5488008963574296 -0.04897613078355789
0.25070212568525885 0.5198245098547127 -0.05569404363632202
0.8126354663933938 0.5215809789007693 -0.030019711703062057
0.9426633488163646 0.28467482669014743 -0.04864809662103653
0.9815228803219628 0.1367989823643855 -0.060149721801280975
1.0 0.016196200727630877 -0.06588784605264664
0.4910169243592533 0.5231568879757765 -0.026671523228287697
0.3535992476081533 0.2790067347244257 -0.04502866789698601
0.2608112768010218 0.1259432561854455 -0.056112080812454224
0.17873621833951076 0.0 -0.0602225661277771
0.23824904380834755 0.5761305453369934 -0.025028923526406288
0.09887197952236408 0.4522013118460914 -0.05565940588712692
0.23924606025537073 0.5240395194065168 -0.060113318264484406
0.34099299677494255 0.6008660187663845 -0.0522918626666069
0.04507644873317522 0.6583121915354174 -0.024454640224575996
0.0 0.534028720218836 -0.04771388694643974
0.17973789468864357 0.5823401260459622 -0.041997283697128296
0.3230837773409626 0.6615113242358127 -0.029788557440042496
