0.7671627402305603 0.625734806060791 7.020114480837947e-07
0.8018307089805603 0.5923827886581421 -0.034363094717264175
0.804685115814209 0.5346097946166992 -0.04545849934220314
0.7524093985557556 0.4950357973575592 -0.05014454945921898
0.7039612531661987 0.4764072299003601 -0.0550900362432003
0.8171455264091492 0.46228164434432983 -0.030927088111639023
0.8302065134048462 0.3828073740005493 -0.0453982837498188
0.8344680666923523 0.3367414176464081 -0.05637725442647934
0.8360466361045837 0.296897828578949 -0.06423147022724152
0.7698159217834473 0.4600379168987274 -0.02701582945883274
0.7677232027053833 0.3806595206260681 -0.03843511641025543
0.7631104588508606 0.33399996161460876 -0.04995003342628479
0.7616931200027466 0.2974461615085602 -0.05601014941930771
0.732025146484375 0.47551631927490234 -0.02595647983253002
0.7010064125061035 0.40565571188926697 -0.050135623663663864
0.6820905804634094 0.36193859577178955 -0.0690099373459816
0.6701909303665161 0.3247596025466919 -0.07943085581064224
0.7050419449806213 0.5034729242324829 -0.02624584175646305
0.6942533254623413 0.4711710214614868 -0.055847540497779846
0.7052059769630432 0.49459028244018555 -0.06064283102750778
0.7169203162193298 0.5212214589118958 -0.05896930396556854
