0.5180759680965479 1.0 8.743668331590015e-07
0.781742220679129 0.907130066151755 -0.044699933379888535
0.8428368897587455 0.7316244905895076 -0.06023957580327988
0.5323402470753561 0.6342304439476044 -0.06768463551998138
0.25998056200325853 0.5919966587185241 -0.07523948699235916
0.8338278387081821 0.5262018047528199 -0.040853746235370636
0.9146725453540294 0.31655675041596365 -0.06596720963716507
0.9678426841359752 0.17308286242338228 -0.08513650298118591
1.0 0.05741971384477623 -0.0974808931350708
0.5555959995308499 0.5086495822372351 -0.03579173609614372
0.5448425687150918 0.2735288742617957 -0.05720530450344086
0.5178266154334832 0.12137573461400009 -0.07430387288331985
0.5021271975467306 0.0 -0.08322390168905258
0.32427886058743943 0.5442306317487076 -0.03485429659485817
0.18387884478317829 0.352560904765745 -0.0654342994093895
0.07122604044459752 0.23210326504054057 -0.08381513506174088
0.0 0.13018313290431566 -0.09294582158327103
0.13024686691412157 0.6242954499580288 -0.03626053035259247
0.09581691074605757 0.5218556295590099 -0.06515773385763168
0.16127688474369253 0.5717120879679305 -0.06584347039461136
0.2351717608964625 0.6327380564416488 -0.061684779822826385
