0.6590660810470581 0.8846334218978882 9.366830795443093e-07
0.714972972869873 0.8404901027679443 -0.03765280172228813
0.742798388004303 0.7665990591049194 -0.05227147415280342
0.6926451921463013 0.72269207239151 -0.061269570142030716
0.6323489546775818 0.7124505639076233 -0.0735241174697876
0.6765096783638 0.649874210357666 -0.039838775992393494
0.6879816651344299 0.5523784160614014 -0.05786079168319702
0.6893260478973389 0.4890034794807434 -0.0724174827337265
0.6854798793792725 0.43472063541412354 -0.08297128975391388
0.6200569868087769 0.6559351682662964 -0.04404723644256592
0.5990831255912781 0.5453277230262756 -0.05732589215040207
0.5817939043045044 0.4731804132461548 -0.07710806280374527
0.567009687423706 0.4154711067676544 -0.09045983105897903
0.577257513999939 0.6892448663711548 -0.05067591369152069
0.5383428335189819 0.5945853590965271 -0.08487654477357864
0.5146466493606567 0.5236226320266724 -0.12248063087463379
0.49356508255004883 0.46856337785720825 -0.14710500836372375
0.5438886284828186 0.7434966564178467 -0.05783495679497719
0.5611472725868225 0.6943372488021851 -0.10048584640026093
0.59722900390625 0.7214632034301758 -0.11397244781255722
0.624617874622345 0.7593781352043152 -0.11864904314279556
