0.8118405342102051 0.9152030348777771 7.130213930395257e-07
0.8603179454803467 0.869114100933075 -0.034824904054403305
0.8760953545570374 0.7921916842460632 -0.047556255012750626
0.8238698840141296 0.7413239479064941 -0.054349690675735474
0.7683513760566711 0.7241984605789185 -0.06335178017616272
0.8239540457725525 0.693381130695343 -0.03791382163763046
0.8295172452926636 0.5934661030769348 -0.05478658154606819
0.8280683159828186 0.5312802791595459 -0.06786283850669861
0.823195219039917 0.47881364822387695 -0.0771072506904602
0.770662248134613 0.6981838345527649 -0.04009971395134926
0.7459949254989624 0.5923461318016052 -0.05555295571684837
0.7273853421211243 0.5238011479377747 -0.07241886854171753
0.7132575511932373 0.4699886441230774 -0.08247227966785431
0.7320579886436462 0.7280510067939758 -0.04446810856461525
0.68710857629776 0.6336064338684082 -0.07779955118894577
0.6589155197143555 0.5622310042381287 -0.10993224382400513
0.6347768306732178 0.5081949234008789 -0.1294456571340561
0.7032259702682495 0.7791581749916077 -0.04905087500810623
0.7083858847618103 0.7183716893196106 -0.08617770671844482
0.744256854057312 0.7362149953842163 -0.09424673020839691
0.772923469543457 0.7713215947151184 -0.09483082592487335
