0.42637095246386525 1.0 9.452858193981228e-07
0.6993549457444816 0.9260089882608887 -0.055512525141239166
0.7808187113369887 0.7747170146419322 -0.07606462389230728
0.44949443099326636 0.6697909116711076 -0.08829782158136368
0.12772701190018607 0.6099735729850124 -0.10059485584497452
0.8200580061521344 0.5211688145678817 -0.04729980602860451
0.932352802681621 0.316200945855956 -0.07139045745134354
0.9809443165031171 0.1889932031038169 -0.09128706902265549
1.0 0.07629824233864338 -0.10631497204303741
0.5054682597825837 0.5044822517097799 -0.0438806377351284
0.5078570302208001 0.2663711149303126 -0.06428220868110657
0.49285353692978046 0.12337716779327232 -0.08571276068687439
0.4793004712110112 0.0 -0.0989181250333786
0.24504888964814128 0.5425558285367774 -0.04535131901502609
0.10099868152903209 0.34921126029074623 -0.08246321231126785
0.04206691678192337 0.23647253286537182 -0.11027294397354126
0.0 0.14137750216173678 -0.12566058337688446
0.028963927116151377 0.6233635251630459 -0.050266411155462265
0.02418145839972229 0.5161091902104014 -0.09282121062278748
0.11044904668197582 0.572499500183638 -0.09872723370790482
0.1787297452087707 0.6397237673304812 -0.09608057886362076
