0.5728607177734375 0.9327483177185059 1.3220021628512768e-06
0.6553459763526917 0.8997853398323059 -0.059279292821884155
0.7036064267158508 0.8080152273178101 -0.07964400947093964
0.6208481192588806 0.7294651865959167 -0.08984380215406418
0.5388443470001221 0.6795564889907837 -0.10175987333059311
0.7397589683532715 0.6737996935844421 -0.05714833363890648
0.8007888793945312 0.5582658648490906 -0.0850716233253479
0.8310632705688477 0.4842468500137329 -0.1051795706152916
0.8543444275856018 0.4146610200405121 -0.12033604085445404
0.6705744862556458 0.6432428956031799 -0.0579448863863945
0.7289025187492371 0.5087689757347107 -0.08033093065023422
0.7565087676048279 0.4223669767379761 -0.10391469299793243
0.7801847457885742 0.3501994013786316 -0.11730923503637314
0.6023624539375305 0.6509492993354797 -0.06434847414493561
0.5961652994155884 0.5195895433425903 -0.11541924625635147
0.5935498476028442 0.43752017617225647 -0.16118092834949493
0.598506510257721 0.36506086587905884 -0.18872715532779694
0.5371202230453491 0.6919761896133423 -0.07279621064662933
0.5422791838645935 0.6528028249740601 -0.1333344727754593
0.5476223230361938 0.7150583863258362 -0.14942793548107147
0.553199291229248 0.7732651829719543 -0.15348981320858002
