0.26589627581771447 1.0 1.0250870445815963e-06
0.5339178165398624 0.9364635315880961 -0.056925103068351746
0.6787297092694778 0.7783903044661645 -0.07472531497478485
0.39985484688579576 0.6611805463755538 -0.08255776762962341
0.09787841975154253 0.604023679211599 -0.09284652024507523
0.7351002561394184 0.5277639048415051 -0.049285709857940674
0.8878279064677994 0.3224652532102445 -0.07392662763595581
0.9555985556148574 0.19215698967601458 -0.09445828944444656
1.0 0.073659846627001 -0.11046808212995529
0.45425253962121737 0.5024307300176024 -0.049289435148239136
0.5214216965942613 0.26803006960197495 -0.06970453262329102
0.5344672769052463 0.12322383981835545 -0.09463600069284439
0.54904053791511 0.0 -0.10929739475250244
0.21407549748438487 0.5386409590990211 -0.054024722427129745
0.12968425847973328 0.32983916838612093 -0.10034535080194473
0.08022835934551577 0.20530913826025413 -0.13969391584396362
0.05656103241827321 0.09173965209196652 -0.1624682992696762
0.009883810514891593 0.6268520622006332 -0.06111190840601921
0.0 0.5478391443878737 -0.11811475455760956
0.03507256539147795 0.6441740574713652 -0.1294972002506256
0.07481035187348008 0.7367312632929366 -0.12903058528900146
