0.3760665102862419 1.0 1.2585873037096462e-06
0.6133207228263462 0.9117508568205006 -0.058876704424619675
0.6881495777495519 0.7472765048936922 -0.0825512558221817
0.4046893524160457 0.6281348722045846 -0.09843000024557114
0.11527466054586145 0.5710027384248553 -0.11399134993553162
0.781450487101681 0.5556028273737992 -0.061930861324071884
0.9235450813565338 0.33428228681039196 -0.10574982315301895
0.9757233432674597 0.18692710581682437 -0.1320350468158722
1.0 0.06638445959927554 -0.1451406478881836
0.48658120317432557 0.5468451395827095 -0.05786804109811783
0.509805621674734 0.29209061024988603 -0.1027439758181572
0.5003313078769352 0.1373853152577563 -0.13135461509227753
0.4915192419175411 0.0 -0.14095361530780792
0.2410027805824519 0.5997137489073336 -0.05776280164718628
0.10674061604010868 0.4884018355324731 -0.13002875447273254
0.11928825036205948 0.5795171963349364 -0.15005186200141907
0.15929169895635872 0.646894697523874 -0.13977794349193573
0.056595332354596434 0.6927015797057083 -0.05883904546499252
0.0 0.6149357385359974 -0.11947295069694519
0.08752794777856934 0.7019975033341145 -0.12006593495607376
0.16642324970655675 0.7864546373624279 -0.1025058701634407
