0.36509187842184904 1.0 9.543672376821632e-07
0.6222390469967463 0.905809372467687 -0.04507584869861603
0.6873311723196602 0.7369662512503652 -0.05909668654203415
0.38741231562844525 0.6391174239638939 -0.06501458585262299
0.09486069624066987 0.6005745507191828 -0.07285444438457489
0.7556710632968641 0.5462839927344708 -0.04432603344321251
0.9013165490957684 0.3254764815665034 -0.06819818913936615
0.9621526810042599 0.1898545331526805 -0.08680194616317749
1.0 0.07065930733403501 -0.09963969886302948
0.49089610417714485 0.5320496329454718 -0.04358501732349396
0.5424833221961588 0.2840001079641778 -0.061916105449199677
0.5338150615168527 0.1271345163979389 -0.08247900009155273
0.5326447504694388 0.0 -0.09485719352960587
0.2520676874912223 0.5672470372593442 -0.046782419085502625
0.14383541052167437 0.33972531775528403 -0.08408915996551514
0.0689038420565174 0.2007537063134894 -0.11658776551485062
0.02929423040139287 0.07630990616654719 -0.135707825422287
0.04603136311608896 0.6494223206196494 -0.05148497596383095
0.0 0.5607753424429575 -0.09610407799482346
0.06795748479851929 0.6448814663591808 -0.10626811534166336
0.13327690433702052 0.7321922863653758 -0.10727091133594513
