0.6161586046218872 0.9212265014648438 8.513560487699579e-07
0.6710563898086548 0.8626869916915894 -0.04143088310956955
0.6825958490371704 0.775185227394104 -0.05511872097849846
0.6078913807868958 0.7351149916648865 -0.062319565564394
0.5375605225563049 0.7263894081115723 -0.07173676043748856
0.6785633563995361 0.6751211285591125 -0.03455003723502159
0.6950160264968872 0.5705992579460144 -0.05373496189713478
0.7001529932022095 0.5084136724472046 -0.07018587738275528
0.7008943557739258 0.45155060291290283 -0.08324896544218063
0.6164551377296448 0.6765635013580322 -0.03639885038137436
0.6101164817810059 0.5614690780639648 -0.05212198570370674
0.6030356287956238 0.4909396171569824 -0.072598397731781
0.5963798761367798 0.43196529150009155 -0.08536765724420547
0.568041980266571 0.7030248045921326 -0.04193193092942238
0.5290977358818054 0.6033868789672852 -0.07841578125953674
0.5050601959228516 0.5415895581245422 -0.11341514438390732
0.4853850305080414 0.4879031777381897 -0.1349831074476242
0.5324179530143738 0.748935341835022 -0.048761166632175446
0.5300883650779724 0.7072031497955322 -0.09527727216482162
0.5514305233955383 0.7478604316711426 -0.1077273041009903
0.5686711668968201 0.7883420586585999 -0.11044201999902725
