0.7916739348190035 1.0 1.0357555311202304e-06
0.9957520151403711 0.8840554865571345 -0.04413779079914093
1.0 0.7270030194786319 -0.06287814676761627
0.7008500302755427 0.6565728738957691 -0.0761573538184166
0.39164989265831396 0.6425270553142514 -0.09223777055740356
0.9382808518055824 0.49052280194361847 -0.04461579769849777
0.9752005483890577 0.27458450040781374 -0.06896256655454636
0.9758065544476326 0.14537607242486447 -0.08795803785324097
0.9616973220722262 0.032073522281864726 -0.10254622250795364
0.6658653438443712 0.4986434799185321 -0.04869472235441208
0.5901195385638363 0.26284019046491586 -0.06836079806089401
0.5247038153126279 0.11783923291788496 -0.09117685258388519
0.4763401988021755 0.0 -0.10539469867944717
0.465050658763869 0.5672855798686436 -0.056577831506729126
0.24414999881770014 0.3669469518944882 -0.09706030786037445
0.10408479033737886 0.23409258528389265 -0.13796834647655487
0.0 0.12125402537139564 -0.16404834389686584
0.3265710320190327 0.6803022417724579 -0.06566759198904037
0.30018407975658734 0.6091870885306826 -0.11684653908014297
0.4286415176422044 0.6652960073245469 -0.1351904273033142
0.5541791081546874 0.7279414214236789 -0.14218972623348236
