0.5213032484662771 1.0 6.895690489727713e-07
0.8039980367222812 0.8568892322867505 -0.03391307219862938
0.8506220205891378 0.6656940227144998 -0.04366634041070938
0.5547526979269726 0.5395229112465382 -0.0491066537797451
0.21329474654688518 0.4855004229001664 -0.054732296615839005
0.7881397943614046 0.4950282426431333 -0.02119101956486702
0.9222096845203697 0.2880791658631207 -0.03592634201049805
0.9704054842576163 0.16312438794621104 -0.04975074529647827
1.0 0.05337164199099757 -0.060170978307724
0.4624266842865459 0.4994428556624185 -0.021021796390414238
0.4014611532922468 0.25756871326169 -0.03684883192181587
0.3710257845211421 0.11441309406751772 -0.05200514569878578
0.34604981641668114 0.0 -0.06083167344331741
0.20195499206894785 0.5499838900099653 -0.024223653599619865
0.04563111022793261 0.33944834953789876 -0.05352221429347992
0.021814430933841895 0.22911563704650964 -0.07142407447099686
0.0 0.1419883775023317 -0.07997894287109375
0.01281853233053564 0.6332413389583962 -0.029185166582465172
0.03212304330515978 0.5003307150318929 -0.059064701199531555
0.15364649344977246 0.5595670070437855 -0.05844574794173241
0.24027471844589296 0.6433597778951907 -0.05311203747987747
