0.7495510474059194 1.0 6.438000923481013e-07
0.9575420496945964 0.8406170549792996 -0.033518627285957336
0.9433589439528289 0.6465605117000545 -0.03983413800597191
0.6302692814763865 0.5330759973815801 -0.04041397571563721
0.3281605393994105 0.4799008987662186 -0.04016214609146118
0.8993049679797551 0.484860902708884 -0.018578261137008667
0.9827528852965532 0.25456960071324375 -0.029724692925810814
1.0 0.1267924370433462 -0.03916628286242485
0.9940125713160632 0.016039283537506416 -0.04651863873004913
0.6100360127218785 0.5007148865411715 -0.01736547239124775
0.5309928495733744 0.25345762845891623 -0.03212906792759895
0.4876860555420793 0.10894648137995516 -0.04408339783549309
0.45248051536090256 0.0 -0.04927440360188484
0.3864486128635615 0.5570815672317727 -0.020136697217822075
0.16268073116699364 0.3387433839930569 -0.05042863264679909
0.07336377610471936 0.19074864422150317 -0.0729718953371048
0.0 0.06715889192168463 -0.08456604927778244
0.2436557899281483 0.6437694609936464 -0.02410392090678215
0.18484010467303189 0.49684238721707685 -0.05563145503401756
0.3247863976532857 0.5485756703575324 -0.05736713111400604
0.46158889647420204 0.6301611397421508 -0.053519707173109055
