0.8063914775848389 0.611162543296814 6.688455869152676e-07
0.8593708276748657 0.5554090142250061 -0.024979036301374435
0.8721665143966675 0.4724879562854767 -0.02792702056467533
0.8111879229545593 0.42375448346138 -0.026485921815037727
0.7539709806442261 0.4111746549606323 -0.026905447244644165
0.8479065895080566 0.40085187554359436 -0.014093760401010513
0.857675313949585 0.3148648738861084 -0.018074071034789085
0.8581810593605042 0.26300716400146484 -0.023391058668494225
0.8536758422851562 0.21750029921531677 -0.02953445166349411
0.7935582995414734 0.4037332832813263 -0.017429959028959274
0.7773730754852295 0.31021058559417725 -0.021344300359487534
0.7664297819137573 0.25460362434387207 -0.033514149487018585
0.7569851875305176 0.2122444212436676 -0.04239870235323906
0.7501136660575867 0.42715734243392944 -0.02304038405418396
0.712791383266449 0.33029240369796753 -0.05118886008858681
0.6960293054580688 0.26573601365089417 -0.08337900042533875
0.680402398109436 0.21339592337608337 -0.1046454980969429
0.7142730951309204 0.46624505519866943 -0.027803096920251846
0.7202805280685425 0.41043153405189514 -0.06582902371883392
0.7538511157035828 0.43790850043296814 -0.07774864137172699
0.7795432806015015 0.47531089186668396 -0.08248403668403625
