0.8704428672790527 0.7374389171600342 7.137699071790848e-07
0.9209585785865784 0.6806885004043579 -0.02889431267976761
0.9347438812255859 0.5947265625 -0.03480829298496246
0.8748348355293274 0.5465729236602783 -0.03582233935594559
0.8152607679367065 0.535584032535553 -0.038974542170763016
0.9036730527877808 0.5243600010871887 -0.020999228581786156
0.9132384657859802 0.4413076937198639 -0.027947967872023582
0.9134465456008911 0.3884927034378052 -0.03615948185324669
0.907866358757019 0.34454208612442017 -0.04433808475732803
0.8483972549438477 0.5298447608947754 -0.023621633648872375
0.8301779627799988 0.4326789379119873 -0.03041018918156624
0.8197555541992188 0.37604445219039917 -0.04502372443675995
0.8090167045593262 0.33303555846214294 -0.055281464010477066
0.8057708144187927 0.5570482611656189 -0.02789936773478985
0.7727305293083191 0.4594556391239166 -0.05441845580935478
0.7645118832588196 0.39614632725715637 -0.08201772719621658
0.7532131671905518 0.34579741954803467 -0.09998278319835663
0.7710527181625366 0.6014933586120605 -0.03194517269730568
0.776500940322876 0.547103226184845 -0.06751755625009537
0.8096615672111511 0.5677450299263 -0.07533135265111923
0.832124650478363 0.600300669670105 -0.07664278149604797
