0.5995694398880005 0.8594954013824463 8.179129054042278e-07
0.6680238246917725 0.798586368560791 -0.037362292408943176
0.6839002966880798 0.7073169946670532 -0.04382495954632759
0.6097890138626099 0.651799201965332 -0.0439634807407856
0.5406017303466797 0.6343805193901062 -0.04592716693878174
0.672623336315155 0.6060776114463806 -0.022280944511294365
0.686996579170227 0.5006710290908813 -0.031472496688365936
0.6900111436843872 0.43869084119796753 -0.040802180767059326
0.6886307001113892 0.38190940022468567 -0.05016317591071129
0.6054582595825195 0.6064807772636414 -0.023690173402428627
0.5921595096588135 0.49720823764801025 -0.03184185177087784
0.5812373161315918 0.42916643619537354 -0.04923195019364357
0.5724941492080688 0.3730144500732422 -0.06091565266251564
0.5529574155807495 0.6341685652732849 -0.028803501278162003
0.5076576471328735 0.5259800553321838 -0.06487513333559036
0.4852912127971649 0.45456868410110474 -0.10316632688045502
0.4663738012313843 0.3916374742984772 -0.12699700891971588
0.5135816335678101 0.6824002265930176 -0.03402075171470642
0.5162709355354309 0.6249299645423889 -0.08245456218719482
0.5504122376441956 0.6627925634384155 -0.09695944935083389
0.5766980648040771 0.7074275016784668 -0.10113759338855743
