0.4608680009841919 0.8706809282302856 9.697349696580204e-07
0.531195878982544 0.8289099335670471 -0.05409228429198265
0.5518333315849304 0.7397825121879578 -0.06247863918542862
0.47984778881073 0.6742563247680664 -0.05892731994390488
0.40889251232147217 0.6439225673675537 -0.05539528653025627
0.5738094449043274 0.6282908320426941 -0.038042102009058
0.6072028279304504 0.5154434442520142 -0.05476250872015953
0.6203811168670654 0.4488863945007324 -0.06810688972473145
0.6290119886398315 0.38751882314682007 -0.07864145934581757
0.5044072866439819 0.6171841621398926 -0.03187784552574158
0.5125584006309509 0.49414172768592834 -0.047689225524663925
0.5122938752174377 0.418495237827301 -0.0671447217464447
0.5159498453140259 0.3582705855369568 -0.0767274796962738
0.4447759687900543 0.6368620991706848 -0.031061584129929543
0.40904295444488525 0.5218386054039001 -0.07686886191368103
0.38751205801963806 0.45021605491638184 -0.11675915867090225
0.3736332654953003 0.3832893967628479 -0.13721756637096405
0.399128794670105 0.6828895807266235 -0.03139525279402733
0.39057740569114685 0.6281737685203552 -0.08652462065219879
0.40581396222114563 0.6777953505516052 -0.09942114353179932
0.41868895292282104 0.7290232181549072 -0.09928048402070999
