0.44002240896224976 0.8799294233322144 9.66949528447003e-07
0.5133686661720276 0.8346079587936401 -0.05486207455396652
0.5367940664291382 0.745153546333313 -0.06624721735715866
0.4662425220012665 0.6771290302276611 -0.06656291335821152
0.3957655727863312 0.6451312899589539 -0.06694068759679794
0.5561662912368774 0.6315412521362305 -0.0400133840739727
0.5897409915924072 0.5155507326126099 -0.05906403064727783
0.6026954054832458 0.44823330640792847 -0.07423065602779388
0.6113477349281311 0.38580992817878723 -0.0863349512219429
0.48672324419021606 0.6218059659004211 -0.03559378162026405
0.49541181325912476 0.4943402409553528 -0.05350335314869881
0.49315717816352844 0.41690200567245483 -0.07531993836164474
0.4940582513809204 0.35192355513572693 -0.0869557112455368
0.4272705018520355 0.6425434947013855 -0.036361899226903915
0.3897278904914856 0.5230014324188232 -0.08320201188325882
0.3687341809272766 0.45204222202301025 -0.12247313559055328
0.3556815981864929 0.38400113582611084 -0.14313147962093353
0.3808044195175171 0.6903518438339233 -0.03851135075092316
0.37135398387908936 0.6310802698135376 -0.09478915482759476
0.3892180919647217 0.6790814399719238 -0.10704734921455383
0.40531811118125916 0.72733473777771 -0.10665310174226761
