0.7990073561668396 0.8866128325462341 5.702003704755043e-07
0.8712407350540161 0.8193203210830688 -0.0383480042219162
0.8880336880683899 0.7119090557098389 -0.03617469593882561
0.8104585409164429 0.6453019380569458 -0.0246373750269413
0.7370314002037048 0.6299049258232117 -0.013601806946098804
0.8909115791320801 0.6182005405426025 -0.009493396617472172
0.9042422771453857 0.5114947557449341 -0.01260275300592184
0.9067625403404236 0.4561520516872406 -0.019851159304380417
0.9068385362625122 0.40179455280303955 -0.02808716706931591
0.8222458362579346 0.6163939237594604 -0.00793744157999754
0.8159120678901672 0.5084219574928284 -0.010169279761612415
0.8046231269836426 0.4456510543823242 -0.02559739165008068
0.7975248098373413 0.39168262481689453 -0.0355689711868763
0.7657599449157715 0.6408274173736572 -0.011150440201163292
0.7225542068481445 0.5293486714363098 -0.04953154921531677
0.7008951902389526 0.45890259742736816 -0.09027468413114548
0.6837992668151855 0.3897777795791626 -0.11409391462802887
0.7218910455703735 0.6889463067054749 -0.01387452706694603
0.71357262134552 0.6221898198127747 -0.06309450417757034
0.741839587688446 0.6731505990028381 -0.07419134676456451
0.7635897397994995 0.7271484136581421 -0.07537473738193512
