0.7529602646827698 0.896579384803772 7.156955348364136e-07
0.8230850100517273 0.8330026865005493 -0.0484134666621685
0.8393412232398987 0.727536141872406 -0.046839188784360886
0.7683312892913818 0.6580241322517395 -0.033236194401979446
0.6978058218955994 0.6370702981948853 -0.018955515697598457
0.8555148839950562 0.6238602995872498 -0.020140934735536575
0.8741639256477356 0.5045750141143799 -0.027603754773736
0.87867271900177 0.4405270218849182 -0.036425743252038956
0.8804336786270142 0.37903422117233276 -0.04453206807374954
0.7874933481216431 0.6200710535049438 -0.014136509969830513
0.78327876329422 0.5006915926933289 -0.01922059804201126
0.773320198059082 0.4295811057090759 -0.036265235394239426
0.7679619193077087 0.37010881304740906 -0.045742135494947433
0.7293807864189148 0.6421757340431213 -0.01379483100026846
0.6882764101028442 0.5245213508605957 -0.05316554754972458
0.6655983924865723 0.45196640491485596 -0.09599784761667252
0.6478173732757568 0.3807010054588318 -0.11963922530412674
0.687250554561615 0.6896680593490601 -0.014243661426007748
0.6768075823783875 0.6282238364219666 -0.0639864131808281
0.697975218296051 0.6791054010391235 -0.0764240026473999
0.7129532098770142 0.7336777448654175 -0.07710718363523483
