0.24271529912948608 0.8367381691932678 1.5776989812366082e-06
0.32015863060951233 0.8159118294715881 -0.07537341117858887
0.3539091646671295 0.7343534231185913 -0.10575242340564728
0.25956106185913086 0.6630363464355469 -0.12039065361022949
0.16417866945266724 0.6280038952827454 -0.13776583969593048
0.3977494239807129 0.5634599328041077 -0.08389725536108017
0.452642023563385 0.42261919379234314 -0.12356344610452652
0.4785759747028351 0.33643639087677 -0.15255820751190186
0.5002795457839966 0.258827805519104 -0.17346931993961334
0.3043517768383026 0.5417695045471191 -0.0789109319448471
0.3209935128688812 0.3908778727054596 -0.1159970685839653
0.32438814640045166 0.2980908155441284 -0.15075209736824036
0.33399221301078796 0.22263598442077637 -0.16941164433956146
0.22593778371810913 0.5669150352478027 -0.0788620188832283
0.17911279201507568 0.43110692501068115 -0.14808523654937744
0.1481829434633255 0.3448585271835327 -0.19994699954986572
0.1282467097043991 0.26241594552993774 -0.2272709161043167
0.16353802382946014 0.6267078518867493 -0.07983739674091339
0.15416719019412994 0.5809472799301147 -0.15419282019138336
0.17426851391792297 0.6432117819786072 -0.16931207478046417
0.19218972325325012 0.7006171941757202 -0.16895288228988647
