0.3439690461057289 1.0 1.349916601611767e-06
0.5812796921916367 0.9259081961979426 -0.07714693248271942
0.6544161237679527 0.7664886108022856 -0.09681414812803268
0.3590443713764684 0.6578891173385824 -0.10022538900375366
0.09000257951913788 0.618457885879823 -0.10503000020980835
0.7633944140938587 0.5251237281790886 -0.06258081644773483
0.9069515085198125 0.30539835493737993 -0.08821061253547668
0.9593241735320039 0.1777810202895553 -0.10878722369670868
1.0 0.058372856129527605 -0.1263500154018402
0.4979226968463838 0.5034820154883646 -0.05635538697242737
0.5335296193819525 0.25989008184844153 -0.07788553088903427
0.526964149966275 0.11680807940007037 -0.10830298811197281
0.5358935707089041 0.0 -0.12720735371112823
0.2748167201973833 0.5468185001534448 -0.05731620267033577
0.14504791646499982 0.3147316178247717 -0.11886477470397949
0.05657347041076065 0.17856917547896684 -0.17667482793331146
0.0 0.04676591300750586 -0.21058426797389984
0.10235785992225892 0.6458883664148224 -0.06011059507727623
0.0690166632408629 0.5414899991119315 -0.1346060335636139
0.12268256742688208 0.6442811197757121 -0.1549493819475174
0.1726109148162121 0.7426313582614541 -0.15991617739200592
