0.5769056081771851 0.6984904408454895 8.964064477368083e-07
0.6440846920013428 0.6517336368560791 -0.04319649562239647
0.6681457161903381 0.5615039467811584 -0.05287804454565048
0.6111354231834412 0.4947022795677185 -0.05382241681218147
0.5493316650390625 0.4627196788787842 -0.05650070682168007
0.6777716279029846 0.4767078161239624 -0.03462657332420349
0.7161487340927124 0.37703049182891846 -0.0492127500474453
0.7329534888267517 0.31822216510772705 -0.061586104333400726
0.742821216583252 0.2665703594684601 -0.07144398242235184
0.6140361428260803 0.4669855833053589 -0.03216719999909401
0.6236880421638489 0.3517293930053711 -0.04621202126145363
0.6271092295646667 0.2877572178840637 -0.06374554336071014
0.630854606628418 0.23777087032794952 -0.07273256033658981
0.5577569603919983 0.48399466276168823 -0.03259589895606041
0.5341939926147461 0.3727763295173645 -0.06887038052082062
0.5304890871047974 0.3045521378517151 -0.09806162118911743
0.5293164253234863 0.24377378821372986 -0.11373163014650345
0.5112263560295105 0.5238535404205322 -0.033605873584747314
0.5139309763908386 0.4716540575027466 -0.07849327474832535
0.5325976610183716 0.5120111107826233 -0.08409247547388077
0.545433521270752 0.5568308234214783 -0.08035343140363693
