0.22257365855426756 1.0 8.680849532538559e-07
0.48683236315515804 0.9110096179165449 -0.04175944626331329
0.5911340075391992 0.7217454339679533 -0.048777855932712555
0.36634233235127645 0.576165503753094 -0.04687703773379326
0.11948046095362469 0.49968808117711566 -0.04601322486996651
0.6891930715391189 0.5323539783622694 -0.02928869053721428
0.8610359675791411 0.3143609284790082 -0.043804723769426346
0.9426815615366133 0.18474184506211785 -0.055803894996643066
1.0 0.07076407397348826 -0.06463248282670975
0.4308154419611225 0.5014575573548561 -0.026771586388349533
0.4968342564047802 0.2591693033154654 -0.040455177426338196
0.5221102410109218 0.11374484846669923 -0.05718446895480156
0.5529866196481102 0.0015449436751924048 -0.06483300030231476
0.19522122242205164 0.5284869077995582 -0.02788553386926651
0.11522664990091668 0.29241392511986253 -0.06511005014181137
0.09323923743921946 0.1387870959447584 -0.09743136167526245
0.08731162717334892 0.0 -0.1145198866724968
0.0 0.6056890430720332 -0.029642313718795776
0.01399388233000492 0.50272110933384 -0.07630180567502975
0.06867279282730257 0.5990697551943874 -0.0848710760474205
0.10355340666144655 0.6990995982036368 -0.08256132155656815
