0.14407281905721694 1.0 9.24736411889171e-07
0.38244705686561853 0.9076597717694087 -0.0454891063272953
0.478027848019342 0.7400495769849117 -0.05827280133962631
0.26123004664450783 0.5969924227710443 -0.06338036060333252
0.04475260844039072 0.5100927232863902 -0.06921779364347458
0.6635232089942076 0.5420364651618735 -0.03270198032259941
0.8415744023816898 0.3267954825298484 -0.05313846468925476
0.9334405062940037 0.1929328142021089 -0.07054556161165237
1.0 0.07451173710335061 -0.08366844803094864
0.42802576773901263 0.5000369015686084 -0.02984890714287758
0.5118187659777086 0.2689296550944074 -0.047551803290843964
0.5451663530836689 0.11874398986941333 -0.06817888468503952
0.5834848856076961 0.002047059214289621 -0.07991209626197815
0.20862345539185548 0.5192268073000087 -0.0315500944852829
0.13770854810301547 0.28666202901688004 -0.0704980343580246
0.10190969734232631 0.1338406107437234 -0.10472733527421951
0.08839457832717725 0.0 -0.12401870638132095
0.016943883282404988 0.5867475726879148 -0.03456517681479454
0.0 0.481733210571764 -0.08340004831552505
0.03322854884267071 0.557310316158918 -0.09687845408916473
0.06265526981235871 0.6376919995667993 -0.09874816983938217
