0.3773001730442047 0.7363498210906982 -3.630854621405888e-07
0.3005415201187134 0.7330291271209717 -0.037666164338588715
0.20374737679958344 0.6666895747184753 -0.061970166862010956
0.1512473225593567 0.6020130515098572 -0.09041782468557358
0.13759268820285797 0.5432502031326294 -0.11415940523147583
0.22729942202568054 0.521735668182373 -0.021834878250956535
0.18584918975830078 0.4094928205013275 -0.08482244610786438
0.1375216543674469 0.4272109270095825 -0.12552182376384735
0.11989179253578186 0.4671480655670166 -0.1430153101682663
0.288220077753067 0.5054320693016052 -0.03409485146403313
0.2329079955816269 0.38292354345321655 -0.09576191008090973
0.17202961444854736 0.4207723140716553 -0.12426524609327316
0.15625539422035217 0.47720643877983093 -0.12758401036262512
0.35660842061042786 0.5076723694801331 -0.05540528520941734
0.2999716103076935 0.39773017168045044 -0.1115746945142746
0.23842838406562805 0.45582008361816406 -0.12204615771770477
0.2216292917728424 0.5190987586975098 -0.11302263289690018
0.4304063320159912 0.5263127684593201 -0.08032464981079102
0.37483006715774536 0.45983684062957764 -0.12305953353643417
0.3143640160560608 0.497393935918808 -0.12905353307724
0.2877669036388397 0.5472800731658936 -0.12142638117074966
