0.5221843123435974 0.8057874441146851 5.575920170031168e-08
0.3466069996356964 0.7593718767166138 -0.06246187165379524
0.21811380982398987 0.6576789617538452 -0.10240411758422852
0.17325924336910248 0.5656864643096924 -0.1532622128725052
0.23517060279846191 0.4912647306919098 -0.2002572864294052
0.30251437425613403 0.4886361360549927 -0.017378609627485275
0.27519920468330383 0.33412396907806396 -0.08658427745103836
0.2492622584104538 0.24187283217906952 -0.14194796979427338
0.24444332718849182 0.16391053795814514 -0.18271398544311523
0.39912235736846924 0.4869140088558197 -0.04460287466645241
0.364897757768631 0.32534968852996826 -0.17115038633346558
0.2733314633369446 0.35909244418144226 -0.22788913547992706
0.235999196767807 0.4294567108154297 -0.23234426975250244
0.5000866055488586 0.50223708152771 -0.08355723321437836
0.4782714247703552 0.3563991189002991 -0.18353651463985443
0.39118027687072754 0.3927064836025238 -0.1991697996854782
0.36424964666366577 0.4579614996910095 -0.17824125289916992
0.6117284297943115 0.5338134169578552 -0.13171306252479553
0.5888761281967163 0.41435685753822327 -0.19077469408512115
0.5007158517837524 0.4217212498188019 -0.19466260075569153
0.4496508836746216 0.4697985351085663 -0.1802080273628235
