0.49396929144859314 0.7535459995269775 5.046423368071373e-08
0.35786205530166626 0.725718080997467 -0.04835406318306923
0.23850008845329285 0.6176056861877441 -0.07166270911693573
0.17647510766983032 0.5248960852622986 -0.10001511126756668
0.14723609387874603 0.4385203719139099 -0.12436536699533463
0.250711053609848 0.46234792470932007 -0.010855822823941708
0.18505525588989258 0.3194965720176697 -0.06392116844654083
0.14018514752388 0.2295578271150589 -0.10829862952232361
0.11460426449775696 0.15582093596458435 -0.14005018770694733
0.33120399713516235 0.44502997398376465 -0.02602478675544262
0.2800261378288269 0.2950581908226013 -0.11759743839502335
0.20425191521644592 0.31955742835998535 -0.16696155071258545
0.17355328798294067 0.38237541913986206 -0.17707017064094543
0.41802167892456055 0.4478290379047394 -0.04951229318976402
0.38454470038414 0.30495840311050415 -0.1206090971827507
0.3074910342693329 0.32423365116119385 -0.14287325739860535
0.2744888663291931 0.3778912127017975 -0.1374535709619522
0.5186067819595337 0.4706304967403412 -0.07929152250289917
0.4863341450691223 0.36382779479026794 -0.12710295617580414
0.4039735198020935 0.3538481593132019 -0.14168961346149445
0.34535935521125793 0.3834562301635742 -0.1391749382019043
