0.4326612949371338 0.7757478952407837 5.597570975623967e-07
0.3155969977378845 0.7407815456390381 -0.032997000962495804
0.19571179151535034 0.6575505137443542 -0.06053172051906586
0.10872717201709747 0.5998857617378235 -0.09621670097112656
0.09445461630821228 0.5229036808013916 -0.12868288159370422
0.28697434067726135 0.4881390929222107 -0.016733486205339432
0.2758442163467407 0.33933866024017334 -0.06808852404356003
0.22568145394325256 0.25041335821151733 -0.10456771403551102
0.197934091091156 0.18267402052879333 -0.1299028992652893
0.34184688329696655 0.48634636402130127 -0.03704020753502846
0.26747801899909973 0.35110875964164734 -0.11415526270866394
0.15685142576694489 0.3974583148956299 -0.1353607177734375
0.12070892751216888 0.4662380516529083 -0.1287706196308136
0.3962087333202362 0.5013302564620972 -0.06561820209026337
0.3276023268699646 0.3739461302757263 -0.1261642426252365
0.2120225429534912 0.41587814688682556 -0.12295399606227875
0.17111949622631073 0.47989964485168457 -0.09986747801303864
0.44914180040359497 0.5312067270278931 -0.10042088478803635
0.3796267509460449 0.42957180738449097 -0.14476387202739716
0.2793380618095398 0.4410659074783325 -0.1483171284198761
0.22656705975532532 0.48635372519493103 -0.1355608105659485
