0.5454572439193726 0.8448938727378845 -2.7934845547861187e-07
0.39718008041381836 0.7935142517089844 -0.1315392553806305
0.34100738167762756 0.6962682008743286 -0.2122403085231781
0.5050410628318787 0.6419561505317688 -0.28556153178215027
0.6878526210784912 0.6232879757881165 -0.3523179888725281
0.400679349899292 0.4900241494178772 -0.12598678469657898
0.4489355683326721 0.33710959553718567 -0.23990865051746368
0.4933193325996399 0.2390354871749878 -0.33100372552871704
0.536078691482544 0.15218853950500488 -0.4047006666660309
0.5914133787155151 0.5054831504821777 -0.12842532992362976
0.6455513834953308 0.4026887118816376 -0.2726515531539917
0.5931084752082825 0.495125412940979 -0.31105542182922363
0.5502734184265137 0.5674912333488464 -0.31101641058921814
0.745526134967804 0.5492309331893921 -0.1473543494939804
0.8118760585784912 0.4594380557537079 -0.2677629590034485
0.7382112741470337 0.535435140132904 -0.2281159609556198
0.686130702495575 0.5957071781158447 -0.17528371512889862
0.8729747533798218 0.6142277121543884 -0.18124869465827942
0.9454482793807983 0.5338982343673706 -0.267110139131546
0.8718628287315369 0.5768226385116577 -0.2345341145992279
0.80892014503479 0.6227384209632874 -0.1923389434814453
