0.45550504326820374 0.7867989540100098 1.2235207691446703e-07
0.35339269042015076 0.7575916051864624 -0.013529139570891857
0.24785977602005005 0.655137836933136 -0.022729232907295227
0.17128579318523407 0.5906627178192139 -0.04384532943367958
0.10279212892055511 0.5334225296974182 -0.06554539501667023
0.3337484896183014 0.4929350018501282 0.0044043343514204025
0.34111854434013367 0.33689093589782715 -0.04063068702816963
0.32589980959892273 0.2446218729019165 -0.06977174431085587
0.3222183585166931 0.17113202810287476 -0.0896274745464325
0.3796548545360565 0.4874506890773773 -0.022495422512292862
0.282762348651886 0.36170417070388794 -0.10444126278162003
0.1751304417848587 0.41230863332748413 -0.13794559240341187
0.13088467717170715 0.48344969749450684 -0.13801829516887665
0.4269270896911621 0.5028236508369446 -0.055506642907857895
0.3218035101890564 0.3984941840171814 -0.1353110522031784
0.21000081300735474 0.45721080899238586 -0.15374775230884552
0.16137021780014038 0.5232505798339844 -0.13993574678897858
0.4803604781627655 0.5291620492935181 -0.08956902474164963
0.38328778743743896 0.44847095012664795 -0.15157020092010498
0.28597491979599 0.46466064453125 -0.1682380884885788
0.22979405522346497 0.5016031861305237 -0.16214102506637573
