0.3834797143936157 0.7873817682266235 8.138930951417933e-08
0.2732387185096741 0.7716223001480103 -0.035448990762233734
0.17242421209812164 0.6761952638626099 -0.05491635575890541
0.12595373392105103 0.5925227999687195 -0.08343332260847092
0.10559680312871933 0.5180966854095459 -0.10963962227106094
0.18634361028671265 0.5174201726913452 -0.01061682403087616
0.15572357177734375 0.3617176115512848 -0.06293407827615738
0.15098726749420166 0.2683814764022827 -0.09990328550338745
0.16178961098194122 0.19106575846672058 -0.12451405823230743
0.254313200712204 0.5099132657051086 -0.030996521934866905
0.19650694727897644 0.3705580532550812 -0.11744290590286255
0.13317209482192993 0.40326523780822754 -0.15463177859783173
0.1102001965045929 0.4563449025154114 -0.15727873146533966
0.3275429904460907 0.5159460306167603 -0.058828432112932205
0.27278923988342285 0.395335853099823 -0.13756662607192993
0.20398752391338348 0.45008721947669983 -0.1464301198720932
0.180886909365654 0.512763261795044 -0.1287267506122589
0.4095994830131531 0.537942111492157 -0.09085198491811752
0.3510879576206207 0.450314998626709 -0.14372915029525757
0.27686482667922974 0.47982585430145264 -0.14580650627613068
0.23767146468162537 0.5304918885231018 -0.13226892054080963
