0.4518135190010071 0.7575995922088623 3.6403491776582086e-07
0.3143147826194763 0.7504670023918152 -0.0509815439581871
0.1727655529975891 0.6596566438674927 -0.07762549072504044
0.11617256700992584 0.5658028721809387 -0.11008024215698242
0.17732742428779602 0.4940331280231476 -0.13923171162605286
0.22226962447166443 0.49033814668655396 -0.019955452531576157
0.19063451886177063 0.3433387875556946 -0.07339879870414734
0.17312116920948029 0.2511850893497467 -0.11404430866241455
0.17920109629631042 0.17604446411132812 -0.14285525679588318
0.30878955125808716 0.4766791760921478 -0.03506123274564743
0.2608700394630432 0.3290877938270569 -0.1327141523361206
0.2038782238960266 0.36384570598602295 -0.1748906373977661
0.1980627179145813 0.42896267771720886 -0.17509782314300537
0.40044689178466797 0.4804445803165436 -0.0584450289607048
0.3599846363067627 0.3421582877635956 -0.13977760076522827
0.3012630343437195 0.3754216730594635 -0.15428830683231354
0.2951233386993408 0.434816837310791 -0.13703392446041107
0.5054633617401123 0.5004436373710632 -0.08778803050518036
0.471638560295105 0.3903579115867615 -0.14162983000278473
0.4048185348510742 0.3945922255516052 -0.15032874047756195
0.3707473874092102 0.4365336000919342 -0.14048835635185242
