0.36784911155700684 0.7764325737953186 6.992458878585239e-08
0.26229408383369446 0.7616100907325745 -0.03717003017663956
0.1643696278333664 0.6737995147705078 -0.05896024778485298
0.11823104321956635 0.5966334342956543 -0.0891261100769043
0.10108166933059692 0.5252028107643127 -0.11648891866207123
0.16735830903053284 0.511265218257904 -0.008671429939568043
0.14352813363075256 0.36184096336364746 -0.061475109308958054
0.1415269672870636 0.27131181955337524 -0.09924221783876419
0.15461985766887665 0.1947125494480133 -0.12478899210691452
0.2325895130634308 0.5042026042938232 -0.02795611508190632
0.1734994649887085 0.37080347537994385 -0.11559576541185379
0.12069154530763626 0.41324323415756226 -0.15236413478851318
0.10779298841953278 0.4702742397785187 -0.154286727309227
0.3034839630126953 0.5107161402702332 -0.05528213083744049
0.2541452944278717 0.39162084460258484 -0.13474886119365692
0.19536815583705902 0.4469183087348938 -0.14286468923091888
0.17769236862659454 0.5076196193695068 -0.12442341446876526
0.385522723197937 0.5325543880462646 -0.08693326264619827
0.3323403000831604 0.44658803939819336 -0.14078955352306366
0.26426172256469727 0.4725128412246704 -0.1442456990480423
0.227147176861763 0.5176597237586975 -0.13160006701946259
