0.4197554588317871 0.7702255249023438 2.4425000333394564e-07
0.2987866997718811 0.7416443824768066 -0.078272245824337
0.21574218571186066 0.6747915744781494 -0.1353054940700531
0.21881552040576935 0.6134743690490723 -0.19548864662647247
0.24914900958538055 0.555001974105835 -0.2535029649734497
0.20408853888511658 0.47140201926231384 -0.06138085201382637
0.22367320954799652 0.3315372169017792 -0.146820068359375
0.25291118025779724 0.23806734383106232 -0.2126806378364563
0.2896917164325714 0.159819096326828 -0.258083313703537
0.3103525638580322 0.4757707715034485 -0.0789199247956276
0.2884990870952606 0.35976555943489075 -0.2087644785642624
0.2709619402885437 0.4384552538394928 -0.2541220784187317
0.27665144205093384 0.5141750574111938 -0.2522036135196686
0.4171052575111389 0.4983749985694885 -0.10780426859855652
0.4047108292579651 0.3978768587112427 -0.22083264589309692
0.36627596616744995 0.4776079058647156 -0.2117137312889099
0.3575266897678375 0.5470014810562134 -0.1729186326265335
0.5298877358436584 0.5391311645507812 -0.14490722119808197
0.5085671544075012 0.46254250407218933 -0.21633709967136383
0.4556143879890442 0.5140448212623596 -0.19985926151275635
0.4286196529865265 0.569083571434021 -0.16745935380458832
