0.6271016001701355 0.7867406606674194 -4.032952176658e-07
0.4201031029224396 0.7465428709983826 -0.10882643610239029
0.2541399300098419 0.6541602611541748 -0.18665915727615356
0.29414352774620056 0.5869060754776001 -0.27413275837898254
0.4569433927536011 0.5594260096549988 -0.362009733915329
0.38875722885131836 0.4540102183818817 -0.09289892762899399
0.39615803956985474 0.30158618092536926 -0.2138609141111374
0.4061717391014099 0.2100098729133606 -0.30304014682769775
0.43278568983078003 0.1304270327091217 -0.37110021710395813
0.5535736680030823 0.46562570333480835 -0.12210741639137268
0.5434340834617615 0.35580673813819885 -0.319237619638443
0.4490460455417633 0.4391806721687317 -0.3874377906322479
0.4088784456253052 0.5097125172615051 -0.38910746574401855
0.7044419050216675 0.4972382187843323 -0.16799083352088928
0.7179526686668396 0.391650915145874 -0.342035710811615
0.600680410861969 0.46671247482299805 -0.34254705905914307
0.5443075895309448 0.5330236554145813 -0.2953503727912903
0.8540928363800049 0.5452949404716492 -0.22503215074539185
0.8524329662322998 0.4532746374607086 -0.33934804797172546
0.7446854710578918 0.4865228533744812 -0.33199751377105713
0.6796494722366333 0.5299147963523865 -0.2973785400390625
