0.4949437379837036 0.906975269317627 -7.717600283285719e-07
0.3301762044429779 0.8194884061813354 -0.10481192916631699
0.25553208589553833 0.6939423084259033 -0.178842231631279
0.31863296031951904 0.6120373010635376 -0.2676541805267334
0.4871171712875366 0.5839139819145203 -0.352399080991745
0.554417073726654 0.5221405625343323 -0.07073012739419937
0.666092038154602 0.3574616611003876 -0.1939626783132553
0.7404887080192566 0.25848889350891113 -0.2818175256252289
0.8232899308204651 0.1806848645210266 -0.3467476963996887
0.7047359943389893 0.5526601076126099 -0.10383147746324539
0.7719046473503113 0.42049670219421387 -0.3044755160808563
0.6070311069488525 0.46686670184135437 -0.3757469058036804
0.4967791438102722 0.5331552624702454 -0.3777986168861389
0.8345180153846741 0.6024880409240723 -0.15579617023468018
0.9185009002685547 0.4822681248188019 -0.3238680362701416
0.7523888945579529 0.5159375071525574 -0.3286533057689667
0.6423012018203735 0.57606041431427 -0.28504836559295654
0.9521502256393433 0.6700765490531921 -0.22116445004940033
1.0014824867248535 0.569923996925354 -0.32673871517181396
0.8721221089363098 0.5571789741516113 -0.32836493849754333
0.7693337202072144 0.5809208750724792 -0.30086395144462585
