0.32250624895095825 0.7595115303993225 4.299418208120187e-07
0.23507291078567505 0.7498765587806702 -0.05513253062963486
0.14091342687606812 0.6868001222610474 -0.09770218282938004
0.0911979004740715 0.6251693367958069 -0.14421208202838898
0.09323634207248688 0.5536602735519409 -0.18945077061653137
0.1575048267841339 0.5081807374954224 -0.0555122047662735
0.12748023867607117 0.35787510871887207 -0.12593384087085724
0.11386290192604065 0.2650984227657318 -0.175764262676239
0.11902789771556854 0.18775615096092224 -0.20648455619812012
0.2242283970117569 0.5051860809326172 -0.06890640407800674
0.1624809205532074 0.3826083838939667 -0.17225375771522522
0.1067063957452774 0.4532874822616577 -0.209334596991539
0.0955856591463089 0.5251237154006958 -0.20625127851963043
0.2938923239707947 0.5167646408081055 -0.09013018757104874
0.2339659184217453 0.4134882688522339 -0.17816562950611115
0.1786816418170929 0.4910062551498413 -0.18369095027446747
0.17024043202400208 0.5599177479743958 -0.1587054431438446
0.37221044301986694 0.5408743619918823 -0.11693567037582397
0.3133784532546997 0.46989530324935913 -0.1795322299003601
0.2517067790031433 0.5157827138900757 -0.18257609009742737
0.22644445300102234 0.5703465342521667 -0.1646445393562317
