0.6378069519996643 0.800601601600647 1.7337420388230385e-07
0.4056132733821869 0.7641528844833374 -0.13952669501304626
0.23548640310764313 0.6745333075523376 -0.230699360370636
0.23815488815307617 0.5798397064208984 -0.3249365985393524
0.38132962584495544 0.5095036029815674 -0.4127286970615387
0.2792181372642517 0.47533032298088074 -0.09613018482923508
0.25091928243637085 0.332098126411438 -0.2227974385023117
0.2568325102329254 0.23780876398086548 -0.314998060464859
0.29352349042892456 0.15917322039604187 -0.3803490102291107
0.47082340717315674 0.4656445384025574 -0.10981298238039017
0.47489553689956665 0.3212167024612427 -0.28639528155326843
0.4334108829498291 0.3995053768157959 -0.3414415121078491
0.42045116424560547 0.4724692106246948 -0.33466124534606934
0.6603423357009888 0.47972699999809265 -0.14440269768238068
0.6853539943695068 0.3433675765991211 -0.2920629382133484
0.6155094504356384 0.4107992947101593 -0.2786034941673279
0.5923707485198975 0.4856320023536682 -0.22587166726589203
0.8406365513801575 0.5167522430419922 -0.19581849873065948
0.8513222336769104 0.40204161405563354 -0.2896715998649597
0.7653563022613525 0.42587703466415405 -0.278415322303772
0.7092984914779663 0.47877514362335205 -0.24402575194835663
