0.5455014705657959 0.8829421997070312 -3.5954212052047296e-08
0.3597608208656311 0.8362791538238525 -0.16112595796585083
0.2417849898338318 0.7510191798210144 -0.27034419775009155
0.3432003855705261 0.6842198371887207 -0.3789566457271576
0.5056160688400269 0.6385583281517029 -0.4823704659938812
0.31983625888824463 0.5323219299316406 -0.14271068572998047
0.3045327961444855 0.3834235966205597 -0.2975839376449585
0.311657190322876 0.283638596534729 -0.41815927624702454
0.3377456068992615 0.19838181138038635 -0.5108609795570374
0.533272922039032 0.5365076661109924 -0.1610599160194397
0.5690504312515259 0.4185851514339447 -0.37310120463371277
0.520409345626831 0.5142239928245544 -0.4409535527229309
0.48800399899482727 0.5852888822555542 -0.44376376271247864
0.7252492308616638 0.5690898895263672 -0.20277822017669678
0.796018123626709 0.46901392936706543 -0.3832164406776428
0.7208527326583862 0.5503618121147156 -0.3621608316898346
0.6699368357658386 0.6168557405471802 -0.3044220507144928
0.8973603844642639 0.6252207159996033 -0.2634570598602295
0.9647959470748901 0.5350472927093506 -0.38539353013038635
0.8740563988685608 0.5745818018913269 -0.36876001954078674
0.7932114005088806 0.621135413646698 -0.330305278301239
