0.4642782211303711 0.7902451753616333 4.0367643805439e-07
0.3217601776123047 0.7521324157714844 -0.06714799255132675
0.2033889889717102 0.6716938614845276 -0.12300895154476166
0.13283425569534302 0.6055083274841309 -0.18748076260089874
0.1817476749420166 0.5449762344360352 -0.2503226101398468
0.2790405750274658 0.48554733395576477 -0.04296809434890747
0.26643097400665283 0.33809971809387207 -0.1195620596408844
0.24813982844352722 0.2418401539325714 -0.17651458084583282
0.2547439932823181 0.16657406091690063 -0.2148895561695099
0.3607570230960846 0.4889821708202362 -0.06251228600740433
0.3182143568992615 0.3538837432861328 -0.17987650632858276
0.24508634209632874 0.4103492200374603 -0.22238771617412567
0.22337156534194946 0.47824081778526306 -0.22051580250263214
0.44848501682281494 0.5063740611076355 -0.09369845688343048
0.41071709990501404 0.38124334812164307 -0.1888437420129776
0.33262303471565247 0.4350845515727997 -0.1933029145002365
0.3120099604129791 0.5004230737686157 -0.16735588014125824
0.5438658595085144 0.5394297242164612 -0.13356542587280273
0.4956015944480896 0.4425269663333893 -0.19067822396755219
0.4126196801662445 0.4704809784889221 -0.1885751485824585
0.3733556270599365 0.5224621295928955 -0.16977627575397491
