0.605825662612915 0.8758494257926941 -2.544276185290073e-07
0.3868391513824463 0.8236243724822998 -0.14568187296390533
0.2547646164894104 0.7247300148010254 -0.23506830632686615
0.37040239572525024 0.6463696360588074 -0.32480210065841675
0.5489457845687866 0.5931921601295471 -0.410096675157547
0.3122674226760864 0.5223158597946167 -0.11895875632762909
0.2834407091140747 0.36971309781074524 -0.2623635530471802
0.2883146405220032 0.271047979593277 -0.3843708336353302
0.30314385890960693 0.18196702003479004 -0.47972726821899414
0.5250548124313354 0.52101731300354 -0.13755212724208832
0.5515251755714417 0.3910491466522217 -0.33331263065338135
0.4942682087421417 0.48121216893196106 -0.40927162766456604
0.45766177773475647 0.554781436920166 -0.4216480553150177
0.7137957811355591 0.5485283136367798 -0.17678287625312805
0.757044792175293 0.43099403381347656 -0.33342304825782776
0.6653814315795898 0.5105989575386047 -0.322009801864624
0.6206026673316956 0.5805116295814514 -0.27581387758255005
0.8844804763793945 0.5988267660140991 -0.23398984968662262
0.9163534045219421 0.4995107650756836 -0.3354335427284241
0.819275438785553 0.538576066493988 -0.319029837846756
0.7586023807525635 0.5877029895782471 -0.2840944230556488
