0.46871668100357056 0.791712760925293 -1.2434267659955367e-07
0.3207930326461792 0.7602683305740356 -0.06580252945423126
0.19743682444095612 0.6692043542861938 -0.10743177682161331
0.14801056683063507 0.5884492993354797 -0.15692034363746643
0.22232723236083984 0.5219917893409729 -0.2031402587890625
0.2442619949579239 0.4858439862728119 -0.03844654932618141
0.21677768230438232 0.3347741663455963 -0.1169542446732521
0.20410190522670746 0.24258479475975037 -0.17549704015254974
0.21519893407821655 0.1626392900943756 -0.21666468679904938
0.34296914935112 0.48367252945899963 -0.05997607856988907
0.30962204933166504 0.3387659192085266 -0.1857726275920868
0.25437214970588684 0.40224602818489075 -0.23202887177467346
0.2433728128671646 0.4768480062484741 -0.2300795018672943
0.44890013337135315 0.5011230707168579 -0.09260466694831848
0.42463353276252747 0.37190794944763184 -0.196237713098526
0.36818671226501465 0.4270109534263611 -0.19840078055858612
0.36362728476524353 0.49123063683509827 -0.1670149266719818
0.564916729927063 0.5339161157608032 -0.1337123066186905
0.5412197709083557 0.4216457009315491 -0.19280637800693512
0.47010061144828796 0.4421926438808441 -0.18616759777069092
0.4374176263809204 0.4898405075073242 -0.16311626136302948
