0.3888075351715088 0.7664556503295898 5.216213949665871e-08
0.2814096510410309 0.761896550655365 -0.03439674153923988
0.1742408126592636 0.6642330288887024 -0.04932388290762901
0.12319671362638474 0.5780113935470581 -0.07213370501995087
0.09685832262039185 0.5037490129470825 -0.09208209812641144
0.1800539195537567 0.49513500928878784 -0.007937686517834663
0.155862495303154 0.3310941755771637 -0.05869254097342491
0.14847902953624725 0.23299530148506165 -0.09321799129247665
0.15759629011154175 0.15334969758987427 -0.1159961149096489
0.2472059428691864 0.4862450957298279 -0.025900941342115402
0.1841123402118683 0.3417821526527405 -0.11501666903495789
0.12418657541275024 0.39163440465927124 -0.15037399530410767
0.11011987179517746 0.45574426651000977 -0.14841006696224213
0.3184095025062561 0.4907722771167755 -0.05099767446517944
0.2641642987728119 0.3666532635688782 -0.13027815520763397
0.20128758251667023 0.42842212319374084 -0.137651726603508
0.18391168117523193 0.4908325970172882 -0.11694555729627609
0.4008976221084595 0.5116239190101624 -0.07995249330997467
0.3468264043331146 0.4242100715637207 -0.13310402631759644
0.27541542053222656 0.4517892003059387 -0.13614912331104279
0.2379951775074005 0.49633681774139404 -0.12192808091640472
