0.5730871558189392 0.861051619052887 -3.751519841443951e-07
0.3905544579029083 0.8220142126083374 -0.15020647644996643
0.26516056060791016 0.735470712184906 -0.2493278831243515
0.3744168281555176 0.6712664365768433 -0.34711769223213196
0.5275532603263855 0.6251218914985657 -0.4370160698890686
0.37186554074287415 0.5235213041305542 -0.13565056025981903
0.4074147641658783 0.3746681809425354 -0.27325907349586487
0.4399973154067993 0.27323976159095764 -0.373795747756958
0.47790271043777466 0.19239380955696106 -0.4517004191875458
0.5740941166877747 0.5338053703308105 -0.1460702121257782
0.5989035964012146 0.42586904764175415 -0.33051222562789917
0.5296192169189453 0.5127062797546387 -0.37176159024238586
0.4933370351791382 0.5844963788986206 -0.36208099126815796
0.7548899054527283 0.5672094225883484 -0.17870596051216125
0.8107466697692871 0.4658595025539398 -0.33573004603385925
0.7203797698020935 0.5396537184715271 -0.2888096570968628
0.6682177782058716 0.603747546672821 -0.22130155563354492
0.9204988479614258 0.62064129114151 -0.22939550876617432
0.9695923328399658 0.5318881273269653 -0.339852511882782
0.8720319271087646 0.5676870942115784 -0.308545857667923
0.7952836751937866 0.612147331237793 -0.2614368796348572
