0.08031303155522816 1.0 5.030615284340456e-07
0.45011008225786286 0.8570757196167583 0.03726926073431969
0.6671097034377177 0.7313396745392702 0.023349760100245476
0.8963323983202953 0.6492596376670402 -0.011330113746225834
1.0 0.5744434301064527 -0.04618237167596817
0.050185214129785966 0.4673099789428708 0.007901114411652088
0.2117170003323566 0.25477634836344865 -0.03471013903617859
0.2897580592524015 0.11437769704834239 -0.0731770396232605
0.35118034004046755 0.0 -0.10385657846927643
0.0 0.49065745915915887 -0.05233210697770119
0.5351827826955211 0.3204539003164009 -0.12336162477731705
0.8312565655441821 0.3954050950538 -0.1625141054391861
0.9578431811030541 0.49741298974639464 -0.17622897028923035
0.052981798142437954 0.5446657020015647 -0.10886887460947037
0.49986527151700794 0.38244525789296174 -0.1616009920835495
0.7833257816899172 0.4494836404205887 -0.16259124875068665
0.9135401888348096 0.5389312789856971 -0.15150588750839233
0.18268170842354084 0.6118053644742789 -0.16406111419200897
0.4661954778325419 0.4704884284695552 -0.19039089977741241
0.7002837279126283 0.4788785224205511 -0.17691670358181
0.862542336746613 0.5218679819872035 -0.16020333766937256
