0.1205772940319065 1.0 4.3412191530478594e-07
0.46827214633396186 0.9270838363483149 0.001038822578266263
0.6775835439483291 0.7911881433110636 -0.011722871102392673
0.8749527787807063 0.6910517228727975 -0.035960011184215546
1.0 0.5844369690173854 -0.05940732732415199
0.07034645331033283 0.510461101969421 0.014926448464393616
0.13765967458311604 0.27087810513576493 -0.002805351512506604
0.20000401171420548 0.11441510777814078 -0.016696758568286896
0.22452122698278976 0.0 -0.027934465557336807
0.0 0.5147748474414535 -0.01099251676350832
0.4151664527085757 0.3275747900713807 -0.056386228650808334
0.7375024655326888 0.39885599545568634 -0.07812444865703583
0.8817311131838301 0.5013922344588769 -0.08155222237110138
0.011632717535202793 0.5360659382843218 -0.03861524909734726
0.4305183636217756 0.34018366194018523 -0.08449480682611465
0.7421038181489951 0.4195084446016349 -0.08846386522054672
0.8711470828151536 0.5263655337298396 -0.07754340022802353
0.10790466495500194 0.5667358371240543 -0.06652111560106277
0.38740685301079153 0.3719484544104964 -0.09946654736995697
0.6187845592463326 0.38764185577532245 -0.09756090492010117
0.7367176739412418 0.44731194899392007 -0.08707861602306366
