0.5442742109298706 0.5869342684745789 -2.1700174102079473e-07
0.6403773427009583 0.5377791523933411 0.03144843503832817
0.682109534740448 0.476593941450119 0.040240686386823654
0.714198887348175 0.4261385202407837 0.029939865693449974
0.7384945154190063 0.3753640949726105 0.02178018167614937
0.5245146751403809 0.36678406596183777 0.09700676053762436
0.605113685131073 0.3032245337963104 0.08358454704284668
0.6696721911430359 0.32140854001045227 0.06034278869628906
0.7077701687812805 0.36256998777389526 0.05358666554093361
0.5070188045501709 0.3561354875564575 0.06154530867934227
0.6221114993095398 0.29458287358283997 0.03928549215197563
0.697924017906189 0.32421067357063293 0.008119896985590458
0.741805911064148 0.37019044160842896 -0.0030299623031169176
0.5032410621643066 0.3518158495426178 0.02097082883119583
0.6136429309844971 0.28475821018218994 -0.003057606052607298
0.6867542266845703 0.3188653886318207 -0.02146744541823864
0.7213119864463806 0.3613322079181671 -0.020496226847171783
0.5153951048851013 0.3514024317264557 -0.018214816227555275
0.5405164957046509 0.2436627447605133 -0.01805178076028824
0.5435670614242554 0.18170276284217834 -0.013379772193729877
0.538473904132843 0.1415185034275055 -0.0061771622858941555
