0.30092090368270874 0.5250536203384399 4.476255526242312e-07
0.40098345279693604 0.47076764702796936 0.040451232343912125
0.4610294699668884 0.4048459529876709 0.05039578676223755
0.505479633808136 0.3526591956615448 0.039679113775491714
0.5231269598007202 0.2902229428291321 0.027236033231019974
0.29477423429489136 0.2621135413646698 0.09505870938301086
0.3407863676548004 0.16110411286354065 0.10255153477191925
0.37035560607910156 0.08937279880046844 0.09630624949932098
0.3844339847564697 0.03603106737136841 0.08752293139696121
0.2746579051017761 0.2530694603919983 0.05519367381930351
0.39963722229003906 0.18362876772880554 0.037254586815834045
0.4826826751232147 0.21252630650997162 0.014458435587584972
0.5202294588088989 0.2656949758529663 0.004777875728905201
0.27362367510795593 0.255807101726532 0.014278196729719639
0.4054286479949951 0.18710091710090637 -0.01161313708871603
0.48147425055503845 0.23177528381347656 -0.024274809285998344
0.5135378837585449 0.2893405854701996 -0.02370157651603222
0.2937333583831787 0.2636081874370575 -0.023881500586867332
0.3961079716682434 0.19410504400730133 -0.040355946868658066
0.46114641427993774 0.21769025921821594 -0.03805164620280266
0.4958176910877228 0.2625774145126343 -0.030236223712563515
