0.09711980812559981 1.0 3.5139842680109723e-07
0.522676980022132 0.9141381722707195 -0.00913756899535656
0.8220249966865897 0.7871796779778337 -0.0169821847230196
1.0 0.6637580160482954 -0.0337519496679306
0.9919577544180135 0.5258718518116354 -0.04874778911471367
0.3668173536470667 0.4943261711541053 0.03344746679067612
0.4130636190743849 0.2662308843811749 0.022546570748090744
0.453265585403749 0.11863832841621717 0.009110364131629467
0.4523205848209082 0.0 -0.00262050679884851
0.23931924189172574 0.4801212949469364 0.01901830919086933
0.4921402714281836 0.3178079391146469 -0.01465937215834856
0.8114933021207422 0.3627457405416584 -0.04017534852027893
0.9811434219624012 0.46315957418952647 -0.04967286437749863
0.10722067951258538 0.4795418331614574 0.00023918219085317105
0.45328506665942775 0.3228020061774739 -0.03594515100121498
0.774679477455237 0.3945198329931073 -0.04894997924566269
0.9251990042204065 0.5083075174256453 -0.04730205610394478
0.0 0.49810243647629837 -0.020133739337325096
0.37069955272953153 0.38450721560845486 -0.04779507964849472
0.6576907047264401 0.40909780152169 -0.055018406361341476
0.8132111656337875 0.4773952948649804 -0.05290484428405762
