0.0 1.0 5.9302942645445e-07
0.44980982141762443 0.8497605080101268 0.08842189610004425
0.693273013546442 0.7347293949345584 0.11188328266143799
0.9052158409247223 0.644085980164452 0.09613590687513351
1.0 0.5070144217041305 0.0761680081486702
0.09866564520906988 0.46114832423834484 0.18691860139369965
0.2470868089983717 0.2504014121964584 0.21700146794319153
0.32681349921867986 0.11411718866617561 0.22158364951610565
0.34187175908366235 0.0 0.21645337343215942
0.016944423240981596 0.4463422878102629 0.11275690793991089
0.44545570680106455 0.30110847390712386 0.11099284887313843
0.7306601018108988 0.3668087824885721 0.08733096718788147
0.8395505402005131 0.4555499897981603 0.07664927840232849
0.0003524938370432362 0.45907093832861134 0.036564845591783524
0.44197644925888296 0.28829928740172833 0.02702760510146618
0.7196581412925815 0.386866945421679 0.01680793985724449
0.8028648800650843 0.5090475520056411 0.01590706594288349
0.08391587924915747 0.491965025530415 -0.035936713218688965
0.38287593838506606 0.2977771790977443 -0.04430404305458069
0.643540434256587 0.3262684325760738 -0.04326966032385826
0.779793491015906 0.4052569024227456 -0.039909761399030685
