0.1128977940334909 1.0 9.91129809335689e-08
0.4934535714491564 0.837766635470848 0.04135732352733612
0.6832143659956245 0.690709002704267 0.041459452360868454
0.8760818425020112 0.5928677874408204 0.019563449546694756
1.0 0.48828766736202067 -0.003035452216863632
0.08132973069110293 0.44851599698828853 0.05779904127120972
0.19125742396533824 0.22537553469416743 0.051821790635585785
0.2669765183259653 0.09091143238551565 0.04357043281197548
0.31839743626690953 0.0 0.035428911447525024
0.0013710611710865317 0.45390164902120067 0.006536528002470732
0.37877826623597444 0.32176854176428316 -0.025906037539243698
0.6068330535151287 0.35255299754141206 -0.04653161019086838
0.7169673168494474 0.40858475951837486 -0.05423354730010033
0.0 0.493104858160355 -0.04502702131867409
0.4552126879097951 0.3461729666974848 -0.08260367065668106
0.7325565118869902 0.4115922704195241 -0.08775804191827774
0.8582309780572575 0.49562885920442235 -0.0814824029803276
0.09084018743839951 0.5418995034047567 -0.09432747215032578
0.34964684444934824 0.3497324681041984 -0.120607390999794
0.5675791841604507 0.30592850902180035 -0.11869195103645325
0.7205359252815405 0.3143353791397388 -0.11072288453578949
