0.0 1.0 4.17089722759556e-07
0.4323103853736379 0.8966912801456526 0.01493845134973526
0.7059714624321108 0.7942286999559186 0.011071908287703991
0.9097176858198345 0.7046236218604499 -0.010152685455977917
1.0 0.5595865414340465 -0.028951501473784447
0.28069751329307635 0.4656511942790415 0.08384697139263153
0.3943981539590434 0.2381281318193221 0.08448327332735062
0.4715469441415197 0.10730255227244512 0.07492272555828094
0.4989003658765963 0.0 0.06488125771284103
0.17097156570422353 0.456418985920716 0.05155998095870018
0.4765758682770924 0.2742910504618991 0.020122401416301727
0.7312595641281322 0.34247131121933977 -0.010531095787882805
0.8440077792621531 0.45488600767867515 -0.021524738520383835
0.08492304149937908 0.45649558344537056 0.014619054272770882
0.47521744279427697 0.2907208869932899 -0.017516817897558212
0.766616757922957 0.38269861422261264 -0.034722648561000824
0.8892138327923056 0.5092377854077725 -0.03582930937409401
0.05439054970951204 0.47092046314357755 -0.022923698648810387
0.36258545461789504 0.325345567737437 -0.04358644038438797
0.6263655292598005 0.3387731682196205 -0.05020073056221008
0.7946231771708256 0.3935487412508714 -0.04968149960041046
