0.4906100034713745 0.8344582319259644 5.840722678840393e-07
0.5909013152122498 0.7637208104133606 -0.021464349702000618
0.6595772504806519 0.6738889217376709 -0.03938354179263115
0.7098978161811829 0.5997979640960693 -0.06752093136310577
0.7233278155326843 0.5136053562164307 -0.09280534088611603
0.5168232321739197 0.5133997201919556 0.025896262377500534
0.5039697885513306 0.3660011291503906 0.0003261542005930096
0.5016614198684692 0.2736979126930237 -0.02449999749660492
0.49640485644340515 0.2006591558456421 -0.044334642589092255
0.48014014959335327 0.5160655975341797 0.005614127032458782
0.5416740775108337 0.4017135202884674 -0.053267378360033035
0.6416311860084534 0.42699888348579407 -0.09403108060359955
0.7000845670700073 0.4817007780075073 -0.11006592214107513
0.4421287775039673 0.5261796712875366 -0.021184328943490982
0.5175670981407166 0.40927979350090027 -0.0814095139503479
0.6250988841056824 0.4423772096633911 -0.10119214653968811
0.6830393671989441 0.502936601638794 -0.09964647144079208
0.41121628880500793 0.5435925722122192 -0.05064251646399498
0.47900310158729553 0.4420710504055023 -0.09724672883749008
0.5580195784568787 0.4516121447086334 -0.10636737942695618
0.603674054145813 0.4914547801017761 -0.10244067013263702
