0.6658836603164673 0.6422827243804932 4.810561904378119e-07
0.7490789294242859 0.5619214773178101 0.008807930164039135
0.7866275906562805 0.4757644534111023 0.0011467401636764407
0.8308913707733154 0.41512247920036316 -0.02020798809826374
0.8499237298965454 0.3494834899902344 -0.03977072611451149
0.6057919859886169 0.3689272105693817 0.03655680641531944
0.6668024659156799 0.26268818974494934 0.018079176545143127
0.6956163644790649 0.19020114839076996 -0.0014466055436059833
0.7110280394554138 0.1325899064540863 -0.017955880612134933
0.5870457887649536 0.372916042804718 0.005461808759719133
0.6992296576499939 0.2794170379638672 -0.036079488694667816
0.7872848510742188 0.29727286100387573 -0.06345564126968384
0.8385158181190491 0.33906033635139465 -0.07492230832576752
0.5955337285995483 0.38415542244911194 -0.02839207835495472
0.704711377620697 0.2862164378166199 -0.0683261826634407
0.795158326625824 0.31012025475502014 -0.07842908799648285
0.8459537029266357 0.35793960094451904 -0.07572702318429947
0.6299883127212524 0.3980230391025543 -0.06298165768384933
0.7060347199440002 0.30560389161109924 -0.08733344823122025
0.7744424343109131 0.3090994358062744 -0.08708806335926056
0.8181627988815308 0.3416753113269806 -0.08172038197517395
