0.3003934842689786 1.0 7.90267847605719e-07
0.6025709792001827 0.8428697383581355 0.020797841250896454
0.760206726501917 0.6919194860800912 0.010743603110313416
0.8992613843533713 0.5885105029357145 -0.01700001209974289
1.0 0.49545277879206717 -0.04383900761604309
0.08838743382672856 0.4768885757659254 0.02575412392616272
0.26784749259521806 0.27410703018301263 -0.004843821283429861
0.3573548417759439 0.12151960279182226 -0.031877513974905014
0.4125338401425887 0.0 -0.052854571491479874
0.0 0.4903830429727665 -0.017161456868052483
0.5204867622261707 0.36380961874914597 -0.07969716191291809
0.8301835446394443 0.44694021865341693 -0.10899871587753296
0.9617101986432197 0.5482548497345797 -0.11557456851005554
0.02522736410314378 0.5285522779695594 -0.060570571571588516
0.5181173787998538 0.3966607414741819 -0.1151953712105751
0.814013860672841 0.4787196170541003 -0.11652164161205292
0.9323942168106947 0.5757377368676901 -0.10282030701637268
0.1354665430104932 0.5762714522209951 -0.10371921211481094
0.5064907563401467 0.4450214382200677 -0.1336960643529892
0.7512085011539551 0.48103023677621737 -0.12387464195489883
0.8710357739829883 0.5485405619934931 -0.1080116406083107
