0.49884384870529175 0.8313617706298828 7.791146572344587e-07
0.611470103263855 0.6944746971130371 0.10873523354530334
0.6507023572921753 0.594184398651123 0.14021703600883484
0.6843109726905823 0.5168044567108154 0.1280422806739807
0.6856381297111511 0.4305418133735657 0.10952766984701157
0.46293050050735474 0.4727514088153839 0.19991546869277954
0.48329854011535645 0.3213541507720947 0.22753675282001495
0.4970567226409912 0.2208857536315918 0.22869855165481567
0.4989748001098633 0.1482667624950409 0.21899941563606262
0.4309784770011902 0.48813146352767944 0.10447104275226593
0.49204084277153015 0.3468712568283081 0.09673488885164261
0.5924665331840515 0.348251074552536 0.06975704431533813
0.6555202007293701 0.3872998356819153 0.056464895606040955
0.4135076403617859 0.5058329701423645 0.006882288493216038
0.4917702078819275 0.37172195315361023 -0.010401544161140919
0.6012466549873352 0.39477023482322693 -0.022564752027392387
0.6584811806678772 0.44901663064956665 -0.026245227083563805
0.4146878123283386 0.5212910175323486 -0.08585307002067566
0.49239084124565125 0.40699854493141174 -0.10071095079183578
0.5869250893592834 0.40921905636787415 -0.10254925489425659
0.6462591290473938 0.44520390033721924 -0.1027321144938469
