0.539892315864563 0.7714149951934814 2.7430547788753756e-07
0.6312747001647949 0.7254394292831421 0.004241186194121838
0.6881619095802307 0.669898271560669 -0.005961335729807615
0.7371463775634766 0.6235058307647705 -0.02734498120844364
0.7531018853187561 0.5650279521942139 -0.047056470066308975
0.54157555103302 0.5141922235488892 0.020786138251423836
0.5762448310852051 0.4006059169769287 0.008638630621135235
0.5950843691825867 0.3292839229106903 -0.002755297115072608
0.6016273498535156 0.27620553970336914 -0.011689478531479836
0.5247647762298584 0.5101528763771057 -0.004044807516038418
0.6416376829147339 0.44601041078567505 -0.04175756126642227
0.7174932956695557 0.48621806502342224 -0.06328530609607697
0.7488049268722534 0.5351499319076538 -0.0686325952410698
0.5273001194000244 0.518204391002655 -0.03018857352435589
0.6460043787956238 0.44424617290496826 -0.0687701478600502
0.7146351933479309 0.4939505457878113 -0.07168208807706833
0.73661869764328 0.5496785044670105 -0.061790212988853455
0.5531052947044373 0.5327562093734741 -0.05666966363787651
0.6188625693321228 0.43712618947029114 -0.08284012228250504
0.6671945452690125 0.4351045787334442 -0.07921762764453888
0.6930740475654602 0.4552760422229767 -0.06833261996507645
