0.12799938237500708 1.0 2.827378011716064e-07
0.5325504303927729 0.8445476956662614 0.03711795061826706
0.7659480098463857 0.7282081135818818 0.03742013871669769
0.9607512906628504 0.637397474076045 0.013312351889908314
1.0 0.5083921015181126 -0.011621614918112755
0.14537512283380216 0.46516590863292057 0.09072889387607574
0.22930218216563314 0.24166027502033155 0.08950307965278625
0.2591120773802578 0.10637140020717188 0.08135374635457993
0.22633413793281196 0.0 0.0733039379119873
0.03268620948358959 0.4642530190835659 0.04414493963122368
0.40801359056149045 0.308013686613808 0.0186738520860672
0.6836457306789517 0.3746489983318894 -0.0020529550965875387
0.791426680931086 0.4616082470454506 -0.0070188939571380615
0.0 0.4848632723935923 -0.005334783811122179
0.395403122145886 0.30588329555650856 -0.03306238353252411
0.7062424642018837 0.3865318614172258 -0.035474248230457306
0.8252389547985666 0.4964561915797873 -0.026774937286973
0.06071059208118535 0.52222266208876 -0.0545060895383358
0.306961027300618 0.32759281214616265 -0.07519414275884628
0.5965587322473818 0.33437418724361456 -0.07146251946687698
0.7856981856914378 0.39902074142466604 -0.06148425117135048
