0.0 1.0 2.3477292643292458e-07
0.4500158040783474 0.9008943151660791 -0.013133722357451916
0.7565085128318148 0.7987024345675102 -0.026189005002379417
0.9716701651655419 0.6946677922351218 -0.0515110082924366
1.0 0.5307585035821797 -0.0740995779633522
0.4615119945200761 0.4433769325671409 0.05416272208094597
0.49533688281039506 0.21544832778306322 0.049165595322847366
0.4900702855967795 0.0983633357472615 0.03946394473314285
0.47307450283345 0.0 0.033138640224933624
0.2953360506850094 0.4437711719624927 0.02947545424103737
0.3753302812823355 0.19786439047137333 0.017427267506718636
0.4533518703972277 0.08415552476688093 -0.002618512138724327
0.495290737675372 0.004080424616067409 -0.015140056610107422
0.13874593913355826 0.4680136687303804 -0.003980292938649654
0.4087312899443825 0.2995234495511439 -0.03647054731845856
0.6899995045071567 0.384042111318779 -0.05313612520694733
0.8277202903815005 0.4977791015290246 -0.055294252932071686
0.019291061952113202 0.5025825465273074 -0.040813006460666656
0.23646771851518067 0.3200564894484575 -0.06488215178251266
0.48561791046507363 0.31620073000187715 -0.06879132241010666
0.6648158601081233 0.3601658948787591 -0.06725151091814041
