0.26257126987541446 1.0 6.478655336650263e-07
0.7125517539349502 0.9132049501238981 -0.05145227909088135
1.0 0.7543018687027815 -0.06761188805103302
0.7676938029206488 0.6117798714866137 -0.07852274924516678
0.463965684968231 0.5526552151012225 -0.09028589725494385
0.8034870926477421 0.5182070703795153 -0.030797036364674568
0.843139997862649 0.3139769639957304 -0.059950876981019974
0.8468840312823784 0.18944364222954096 -0.08726134151220322
0.8385462986448002 0.0800325014427548 -0.10781572759151459
0.5212925561020223 0.4852978951006032 -0.030545875430107117
0.570430758773344 0.2643395972114071 -0.055175572633743286
0.5946633190675096 0.12018699534092367 -0.08423919230699539
0.6008311359745059 0.0 -0.10467230528593063
0.2693440580038518 0.49757738537822815 -0.03698018938302994
0.28644148955931586 0.28570203846270614 -0.06304319947957993
0.32099043741850203 0.1493201583192382 -0.09061438590288162
0.33565101370518957 0.031140908594504146 -0.1082734614610672
0.0 0.5495694656039958 -0.048156604170799255
0.02893473236559342 0.37420310258880396 -0.07180111110210419
0.07185672960538356 0.2676525983138656 -0.08394128084182739
0.1021112532444391 0.1720258852967979 -0.0910898745059967
