0.3308828382162066 1.0 5.375580940381042e-07
0.7303506748342409 0.9000457848378194 -0.0508723184466362
1.0 0.7305839659069377 -0.06832195073366165
0.753288331443277 0.5976647548737789 -0.08131076395511627
0.4219174143856224 0.5541052121770371 -0.0946161225438118
0.7694693420490166 0.4938148536636737 -0.03073647990822792
0.7710746318487943 0.2901645764430763 -0.061112165451049805
0.7481668466138371 0.1705889244022528 -0.09006188809871674
0.7231342037801415 0.06531581448133973 -0.11226193606853485
0.49104020535976567 0.4714755044128949 -0.03290993347764015
0.4961860617796092 0.2543093963049426 -0.05745998024940491
0.4867554425212216 0.11610273974337952 -0.08693888038396835
0.4683655678170776 0.0 -0.10896197706460953
0.2532722634478338 0.49313572500653224 -0.041836924850940704
0.2295491083233079 0.28587236801609783 -0.06700928509235382
0.22721396487816578 0.1541653500941424 -0.09216403216123581
0.21280755113828267 0.04139299648353925 -0.10928115248680115
0.005912375289709193 0.5526049091724389 -0.055972933769226074
0.0 0.38054031699601143 -0.07739974558353424
0.02403621143842852 0.2747523569669349 -0.0870874673128128
0.039345883767787485 0.1798818225283242 -0.09364999085664749
