0.3037689672153675 1.0 5.528918336494826e-07
0.7240437539951078 0.9082125235442019 -0.04896235838532448
1.0 0.7470262081463639 -0.06641779839992523
0.7602622501853668 0.6184266408663361 -0.07974252104759216
0.44438458307530365 0.5733224237747374 -0.0941079705953598
0.7775670965522475 0.505464538441006 -0.030340805649757385
0.7820769951813581 0.303432094568466 -0.06276541203260422
0.7583909991829483 0.18197126503268882 -0.0929822251200676
0.7361032187301885 0.07718159395458789 -0.11591194570064545
0.49664261352404804 0.4817019514623742 -0.03448861837387085
0.5046221736892555 0.2600638415994137 -0.06182435154914856
0.5053787574746373 0.11813091513401802 -0.09366906434297562
0.5038810218195741 0.0 -0.11734117567539215
0.25431513630528235 0.501419384415661 -0.04527716711163521
0.24031429458351306 0.29079596475592123 -0.07435095310211182
0.24593581603812753 0.15523534938270728 -0.10292907059192657
0.2436561966542557 0.040057555246336495 -0.12220846861600876
0.0029038246270909063 0.5596959886905966 -0.06063297390937805
0.0 0.3868217099354324 -0.08599957823753357
0.027528752965788494 0.2788425010033821 -0.09829998016357422
0.052477856513207986 0.17995010988191867 -0.10667514055967331
