0.2546976964290434 1.0 6.039202276042488e-07
0.6843381591317842 0.9306960583642908 -0.04111902788281441
1.0 0.792207493338519 -0.05516230687499046
0.9023702754644458 0.6645082861286432 -0.06561952084302902
0.6369245949589012 0.6299804869951292 -0.07692509889602661
0.723251303569698 0.5114556422424544 -0.025395376607775688
0.7452081621146084 0.3065580208963985 -0.05054458975791931
0.7341666782036098 0.1795477838489994 -0.07574713230133057
0.711697075951263 0.07118914810371788 -0.09431850165128708
0.47313683611709284 0.4851217018839086 -0.026017751544713974
0.49715977239918496 0.26241059720527005 -0.046839091926813126
0.5077101601034045 0.11828380880854406 -0.07232391089200974
0.5044016165145259 0.0 -0.09044856578111649
0.2454245112636225 0.4969604931180966 -0.03168424218893051
0.24927952838654382 0.2811920416257078 -0.051680631935596466
0.263535162714949 0.1424175599811403 -0.07390781491994858
0.26307427232304115 0.02702967261538287 -0.08835102617740631
0.0 0.5461147568858025 -0.04149305447936058
0.014080314744590957 0.3650563538765396 -0.05885413661599159
0.042431996012832436 0.2542070860859329 -0.0679238811135292
0.06577089644565659 0.15815480768003776 -0.07317831367254257
