0.3771157609470002 1.0 6.969905257392384e-07
0.7666285265105586 0.911384773631904 -0.06149398162961006
1.0 0.745271954502961 -0.08636658638715744
0.6567276909164396 0.6363637239792561 -0.10609295219182968
0.26884424180568195 0.6288876583761847 -0.12581537663936615
0.9118681310160401 0.5010727656483688 -0.040560778230428696
0.8701463380119238 0.3019371813529429 -0.07536309212446213
0.8093144852145105 0.17933933879996392 -0.10799121111631393
0.7399064281913424 0.07712671584239351 -0.13232046365737915
0.5789472153809024 0.47815751360889613 -0.040540896356105804
0.5305140633950457 0.2613266187642868 -0.07076562196016312
0.47892720027992064 0.11916495305117016 -0.10329531878232956
0.4190003886709682 0.0 -0.12543050944805145
0.30097914067853615 0.5021227074277894 -0.04824305698275566
0.2508550034360064 0.2964582261867317 -0.07684276252985
0.2174729166121461 0.1670446550529242 -0.10402759909629822
0.16822886226024283 0.05400666229172672 -0.12102116644382477
0.03795514969647802 0.5647935031265634 -0.06251943856477737
0.024789768745620184 0.39684513676360167 -0.08477035909891129
0.02293619108266673 0.2985121991608176 -0.09413333982229233
0.0 0.2095809651561442 -0.09967111051082611
