0.12155208617962149 1.0 4.4925656084160437e-07
0.6291203761125975 0.9245063168560825 -0.04163074865937233
1.0 0.7761854300568357 -0.055898915976285934
0.7688206287464147 0.6146892691892838 -0.06619218736886978
0.4095580571287531 0.5492153471093166 -0.07733664661645889
0.9257880779344395 0.5441207861987261 -0.025071201846003532
0.9888977276012471 0.338265787406879 -0.05039903521537781
0.9651099860145251 0.2029857366379038 -0.0755910649895668
0.9230438287188105 0.08531637616929057 -0.09465119242668152
0.6189954394109376 0.4946851084792016 -0.02488461695611477
0.677370419865778 0.2747967757498485 -0.04578067362308502
0.6741645473962738 0.1261591023672062 -0.07194960117340088
0.6532724425838592 0.0 -0.090922512114048
0.32934689790727684 0.49190652994816547 -0.02981925755739212
0.37758699422333675 0.27762649730437017 -0.05066968500614166
0.39292096854464953 0.13907843042407264 -0.07341225445270538
0.3804605601215328 0.018983528367580497 -0.08814197778701782
0.0 0.526973557902388 -0.038704145699739456
0.0637117804700102 0.35330154769410194 -0.056707851588726044
0.11184027897587405 0.24622537356630694 -0.06581130623817444
0.13375355038019415 0.14899209568986685 -0.07099827378988266
