0.39891631379066333 1.0 4.249870073635975e-07
0.7573276069129967 0.9068110041548382 -0.031139599159359932
1.0 0.7555011302381522 -0.043022338300943375
0.9368192678644861 0.6318156917339712 -0.0522342324256897
0.7399125841902693 0.5660153025779172 -0.06055913493037224
0.6897597308773231 0.4950520427600002 -0.018826568499207497
0.6717399725467069 0.2848261227090303 -0.0378124825656414
0.6248652972726935 0.1601455643130058 -0.05566239356994629
0.5652741394271603 0.055652872490502096 -0.06771518290042877
0.45194838998939413 0.48005395451907756 -0.017392152920365334
0.42898206473430645 0.25156360242679354 -0.03184913843870163
0.38873052197711405 0.10952945210801883 -0.048258859664201736
0.3410555515239848 0.0 -0.05950040742754936
0.2436331561372828 0.49649608775612064 -0.019858943298459053
0.21187721175660534 0.27915695484034586 -0.032602690160274506
0.1896975538359487 0.1452111884878469 -0.044679224491119385
0.15665752578984432 0.042926394762591996 -0.05230335891246796
0.043922543419164906 0.5473229767151997 -0.0256515983492136
0.017772412949586855 0.3741977860708731 -0.036025214940309525
0.012073588998513542 0.26620106602315063 -0.03981802985072136
0.0 0.17785467770138902 -0.041150473058223724
