0.3890063127864171 1.0 4.2223649643347017e-07
0.760101777786765 0.9183452486862654 -0.03372456505894661
1.0 0.7628300778635979 -0.046118639409542084
0.9251373242682922 0.6332147598192621 -0.055254802107810974
0.7277341384343783 0.5666441355015785 -0.06386721134185791
0.6942354824591317 0.5030340418871172 -0.023229362443089485
0.6731639573106344 0.29655162792394757 -0.04305809736251831
0.6315819598050402 0.17088920323841678 -0.06153973937034607
0.5800288512058522 0.0643870585362122 -0.074254609644413
0.44806251711519474 0.4858177072881241 -0.020749665796756744
0.42192403749628565 0.2585252660008705 -0.037069886922836304
0.3792668887343547 0.11283483807686158 -0.0547054298222065
0.3285243420482163 0.0 -0.06655026972293854
0.23667790942887432 0.5000059023578309 -0.022157277911901474
0.2063505555176646 0.2810213746606719 -0.0365651473402977
0.1846655395343433 0.1447028178162901 -0.05020463466644287
0.15047045150526317 0.03843385457540814 -0.05851267650723457
0.038708872551220484 0.5482945481990373 -0.026961300522089005
0.019476448977955117 0.36899333524150685 -0.03901519253849983
0.0141850048445212 0.2579011491507427 -0.04436996951699257
0.0 0.16642272809431877 -0.04662766680121422
