0.647565484046936 0.8262202739715576 4.4703293156089785e-07
0.717255175113678 0.7977050542831421 -0.03430783003568649
0.7641983032226562 0.7451928853988647 -0.04669361561536789
0.751030445098877 0.6945689916610718 -0.05530194938182831
0.7138575911521912 0.6679893732070923 -0.06333320587873459
0.7198108434677124 0.6461215615272522 -0.02329455129802227
0.7243947982788086 0.5671603083610535 -0.04191352427005768
0.7199203968048096 0.5182516574859619 -0.05933549255132675
0.7128360867500305 0.47627174854278564 -0.07149697840213776
0.6763217449188232 0.6342318654060364 -0.01977483369410038
0.6796901822090149 0.5471993088722229 -0.034202124923467636
0.6776319146156311 0.49202683568000793 -0.0505102314054966
0.673445999622345 0.4500914216041565 -0.06184039264917374
0.6375069618225098 0.63553786277771 -0.020096566528081894
0.6384814381599426 0.5509985089302063 -0.03384019061923027
0.6399064064025879 0.4991685450077057 -0.046934839338064194
0.6385505199432373 0.4604440927505493 -0.05504729971289635
0.599754810333252 0.6505101919174194 -0.02370973490178585
0.5998121500015259 0.5825532078742981 -0.03568001091480255
0.6029691100120544 0.5405590534210205 -0.040588315576314926
0.6047019958496094 0.506726861000061 -0.04258464649319649
