0.30519075554397246 1.0 6.747700354026165e-07
0.6970887890204371 0.9415005150342385 -0.04369668662548065
1.0 0.8155819527068068 -0.06245702877640724
0.9494254901992293 0.6886301734178849 -0.07581610232591629
0.7309450804188086 0.6302413351938949 -0.08921337872743607
0.7241038171561002 0.528129171139603 -0.03863798826932907
0.7635993663906252 0.32044003219678824 -0.06425819545984268
0.7407340910681267 0.18973570914120072 -0.08733396232128143
0.6994910468272272 0.0760774097970429 -0.1034771054983139
0.4726261086739709 0.5038456168244219 -0.03510226681828499
0.4945479529020732 0.27376162875088117 -0.05710458382964134
0.48352830373631145 0.12399098299734827 -0.0798240453004837
0.4706334793572222 0.0 -0.09494613856077194
0.23973215205280993 0.5186713806547987 -0.0355999656021595
0.24229159967960157 0.2938109854223239 -0.056485578417778015
0.25140247357757456 0.15507577791823873 -0.07569465041160583
0.26159979793219423 0.040922909484989535 -0.08724076300859451
0.0 0.5695983105617584 -0.03976874426007271
0.00421417726541428 0.3944294184627004 -0.058568451553583145
0.026068237035820726 0.2870844088781352 -0.06723076105117798
0.05775717883424465 0.19238628332518262 -0.0709945559501648
