0.583962082862854 0.8811239004135132 6.588674068552791e-07
0.6963182091712952 0.8288617134094238 -0.0597732812166214
0.7784369587898254 0.7283795475959778 -0.08091504126787186
0.7579063177108765 0.6308183670043945 -0.09589163213968277
0.6837393641471863 0.6010909676551819 -0.11028380692005157
0.6876587867736816 0.5384191274642944 -0.03553217276930809
0.6858148574829102 0.4038372039794922 -0.0652523785829544
0.677096962928772 0.3245651125907898 -0.09488384425640106
0.668055534362793 0.25753530859947205 -0.11741025000810623
0.6153876185417175 0.5256061553955078 -0.03122461400926113
0.6134869456291199 0.37966829538345337 -0.055813372135162354
0.6076992154121399 0.28909504413604736 -0.08454462140798569
0.6008731722831726 0.21926343441009521 -0.10544414073228836
0.5507194995880127 0.5408172607421875 -0.03431706875562668
0.5428021550178528 0.39992430806159973 -0.059638768434524536
0.5420345664024353 0.3131895363330841 -0.08568765968084335
0.5389639735221863 0.24338892102241516 -0.10340958088636398
0.4834197163581848 0.5826975703239441 -0.04345841705799103
0.48027122020721436 0.4714139997959137 -0.06767964363098145
0.47979363799095154 0.4034799039363861 -0.08101159334182739
0.4772171378135681 0.34547489881515503 -0.08935004472732544
