0.30121029823937445 1.0 5.680980734723562e-07
0.6961820417678234 0.9152490802805059 -0.05484042316675186
1.0 0.7599733142874345 -0.07128211110830307
0.9063686632403148 0.6124318429758353 -0.08210206031799316
0.6317637776120684 0.5739987232693641 -0.09288422763347626
0.7091819158967294 0.49612429897953053 -0.026838138699531555
0.6968120713749775 0.297311717705759 -0.05531025677919388
0.6578686913133247 0.17636580273322558 -0.08536609262228012
0.620164568510134 0.07126200990785764 -0.10863535851240158
0.46161649109719627 0.469953133349922 -0.024199994280934334
0.4457272638234053 0.2533575624231854 -0.048361703753471375
0.41980301896088645 0.11348425501847927 -0.07874058932065964
0.38942927426502405 0.0 -0.10094419866800308
0.2406045703245269 0.48539957597619254 -0.028430411592125893
0.2035324032355131 0.28080780155710566 -0.0521208718419075
0.1984651045746101 0.15228989079271746 -0.07715883105993271
0.18195961935887794 0.04473136870413255 -0.09426818788051605
0.006894981614826941 0.5410267854833932 -0.038508083671331406
0.0 0.36955799755130475 -0.059396713972091675
0.008022717276669577 0.2665379650985996 -0.06981730461120605
0.008374617029733026 0.17663585146444521 -0.07638836652040482
