0.27583697433720034 1.0 4.154063901751215e-07
0.6997296703642323 0.9231424392840581 -0.04708845540881157
1.0 0.7694190861122315 -0.059735413640737534
0.9072758696431842 0.6176497650752885 -0.06838538497686386
0.6316812738009544 0.5721204687701507 -0.07841823995113373
0.7083455207409132 0.5081583859936031 -0.024260664358735085
0.7037528084301858 0.3056939859822615 -0.05178150534629822
0.6679142716698702 0.18169764087479615 -0.08133603632450104
0.6245547981861688 0.07721417798302249 -0.10435227304697037
0.4585729091050207 0.4811531112775752 -0.024339009076356888
0.45781340914129126 0.2607989909716106 -0.04806172847747803
0.4350884722089061 0.11636721426030042 -0.07823479920625687
0.39543944925599744 0.0 -0.10068792849779129
0.23685573508202976 0.4926282024898269 -0.03061557374894619
0.22036608385240783 0.2816240582660846 -0.05458516255021095
0.21930404195816258 0.14862296710322329 -0.08113101124763489
0.19716673844681953 0.0377016890615725 -0.09931079298257828
0.0 0.5409030584572438 -0.04178820922970772
0.0027924762225073137 0.3628531302105771 -0.06428050994873047
0.016476563399629787 0.2537505636455266 -0.07707495987415314
0.016287652241138702 0.15770458846330793 -0.08561201393604279
