0.5656344294548035 0.9522545337677002 6.561261329807166e-07
0.6733877062797546 0.9042278528213501 -0.057014960795640945
0.7409017086029053 0.7824782729148865 -0.07431783527135849
0.6624242663383484 0.6874344348907471 -0.08636675029993057
0.561768651008606 0.6701818108558655 -0.0985470861196518
0.7355028986930847 0.6184497475624084 -0.03144039586186409
0.7479629516601562 0.4762468934059143 -0.06265068054199219
0.7447207570075989 0.38443273305892944 -0.09257867932319641
0.7349960207939148 0.3103136420249939 -0.11506575345993042
0.6555075645446777 0.5942267775535583 -0.03194698691368103
0.6699225902557373 0.44279247522354126 -0.05732070654630661
0.6713389754295349 0.34062275290489197 -0.08702234923839569
0.6655611991882324 0.25852274894714355 -0.10773075371980667
0.5846233367919922 0.6031212210655212 -0.04033607989549637
0.5872333645820618 0.46010664105415344 -0.06685615330934525
0.5888177156448364 0.36749663949012756 -0.09459494799375534
0.5834903120994568 0.2895849049091339 -0.11228707432746887
0.5113689303398132 0.6381136178970337 -0.05492600426077843
0.5241284966468811 0.5235499739646912 -0.07793132215738297
0.5330651998519897 0.4530373811721802 -0.08924832940101624
0.5340660214424133 0.3904416561126709 -0.09634753316640854
