0.33149220163171794 1.0 4.353271094714728e-07
0.767424032989853 0.8934341210459517 -0.03113972768187523
1.0 0.692203906384829 -0.03777243569493294
0.6399661599867181 0.5617717873370921 -0.041791535913944244
0.19125507193650118 0.5802724452113419 -0.04580271616578102
0.884547238548268 0.49015837002014223 -0.005156591068953276
0.8941648668201847 0.2959569763919039 -0.0178457573056221
0.8382176584510971 0.17352659304955345 -0.03372557461261749
0.7659702890129252 0.07297121971137349 -0.04687032103538513
0.5616349249510345 0.458825017090761 -0.0047848462127149105
0.5609538133739151 0.24531695685794253 -0.014566969126462936
0.5196034198532868 0.10747476693556907 -0.03154510632157326
0.46580392533564885 0.0 -0.044050462543964386
0.2915301260453512 0.4718059921415968 -0.009199525229632854
0.2627419109018318 0.26509669339975034 -0.020482515916228294
0.23889052559047003 0.13708929424251623 -0.035730693489313126
0.19879305969615843 0.03472705858180297 -0.045823294669389725
0.0241444788550972 0.5216677963497219 -0.017097502946853638
0.006827755920773222 0.3522185393940223 -0.0261964350938797
0.010155407651518962 0.25208443257945784 -0.030369402840733528
0.0 0.16716132135956605 -0.033214423805475235
