0.6816089749336243 0.9358116388320923 5.573436965278233e-07
0.7439596056938171 0.8957382440567017 -0.032529134303331375
0.7740345597267151 0.8217300176620483 -0.04347889497876167
0.7146777510643005 0.7733660936355591 -0.05082385241985321
0.6497958898544312 0.7801846861839294 -0.05867571383714676
0.7578148245811462 0.7391390204429626 -0.021324433386325836
0.757086992263794 0.6558993458747864 -0.03835226222872734
0.7487279772758484 0.6027198433876038 -0.05458437278866768
0.7383783459663391 0.5597643256187439 -0.06688635051250458
0.7092334628105164 0.7281419038772583 -0.021013041958212852
0.7093824744224548 0.6384283304214478 -0.03494463860988617
0.7048368453979492 0.5780808925628662 -0.052105389535427094
0.6988821029663086 0.5295921564102173 -0.06414001435041428
0.6676758527755737 0.734821617603302 -0.024588558822870255
0.661142110824585 0.6484341621398926 -0.03912655636668205
0.6576486229896545 0.5928512215614319 -0.05596606060862541
0.6531515717506409 0.5489357113838196 -0.06657545268535614
0.6258670091629028 0.7563285827636719 -0.03116110898554325
0.6233425736427307 0.6859490871429443 -0.043493662029504776
0.6249518394470215 0.6411003470420837 -0.04974967613816261
0.6248102188110352 0.604449450969696 -0.05350315198302269
