0.5341924203409552 1.0 5.962467071185529e-07
0.8554242557618565 0.9110020642189341 -0.03669687733054161
1.0 0.730614741643956 -0.05278226360678673
0.7225114594263269 0.6281670523652476 -0.0639006495475769
0.39099923842512807 0.6299537669355385 -0.07658985257148743
0.9335724035563924 0.518464526742042 -0.03985917940735817
0.882105154617521 0.30591463737509106 -0.06470177322626114
0.7954038495016029 0.1626523147491624 -0.08455370366573334
0.6953950339462531 0.051582425188043575 -0.09834010899066925
0.6474573487837876 0.5093106252822891 -0.03825228661298752
0.5983364060476619 0.27761104500717626 -0.060897327959537506
0.5197060282804289 0.12299716718772691 -0.08132752776145935
0.43202872661689856 0.0 -0.09469706565141678
0.38962033599041174 0.5349561934775692 -0.039852287620306015
0.32508935695138363 0.3099514013488661 -0.06013532355427742
0.25009261106883673 0.1628357366480993 -0.07797205448150635
0.16329519412202956 0.044689356116136524 -0.08888035267591476
0.13608098599281454 0.591474298163895 -0.04407625272870064
0.08736342652043666 0.40939630739479654 -0.060848336666822433
0.04839787624678845 0.2893046913059465 -0.06849371641874313
0.0 0.18551398317772919 -0.07254337519407272
