0.03411432736690429 1.0 5.665187927661464e-07
0.4441680738924294 0.931740260468114 -0.0454370379447937
0.7340443499267566 0.7573367287129082 -0.058594558387994766
0.4504418415647258 0.5925794376373389 -0.06699004024267197
0.06977471636235978 0.5514285580845762 -0.07496186345815659
0.8157995475538213 0.5410627257845685 -0.01556272804737091
0.9468978186244085 0.33610714127254343 -0.03417489305138588
0.989962700384915 0.2039376128193093 -0.054954782128334045
1.0 0.09334398184149136 -0.07135174423456192
0.5462375480362988 0.4765642915356036 -0.013418746180832386
0.6916893917687897 0.26223165642681834 -0.02649628557264805
0.7463004210357026 0.12017039948251987 -0.04765091836452484
0.7660289064860422 0.0 -0.06335166096687317
0.2900350199483848 0.46241730475983644 -0.017671722918748856
0.41243048122566955 0.2561341011468163 -0.0306586641818285
0.48197150572766256 0.12713670722907602 -0.04894773289561272
0.512082363629219 0.017202361353388023 -0.061451949179172516
0.0 0.48944875288688994 -0.026996862143278122
0.10187247554888311 0.3174996322061327 -0.036653414368629456
0.17103251465713787 0.21515112241347503 -0.040056996047496796
0.21172196289712328 0.12474026747371149 -0.04245680943131447
