0.29924260340179326 1.0 4.82449536320928e-07
0.7388707150599961 0.8837256498603778 -0.0402568057179451
1.0 0.7192109152261376 -0.04819640517234802
0.8457595346641789 0.5540005296011454 -0.05322980135679245
0.5880977294028956 0.47449059905634705 -0.05878278240561485
0.7212290163062521 0.5227039801724029 -0.006356299854815006
0.7387896326484121 0.32284590490624177 -0.027587447315454483
0.7135428380581534 0.20556688255414282 -0.05099174752831459
0.6848555912597022 0.10006036511079758 -0.06947281956672668
0.4823418917105783 0.4941149381015578 -0.006054227240383625
0.4834982813424545 0.267570459978481 -0.025967847555875778
0.45867789336311504 0.12286123822003776 -0.05366421490907669
0.41977739982219786 0.0 -0.07380031794309616
0.26986205372095873 0.5064166516647897 -0.012125843204557896
0.23743488068819663 0.2919106564960918 -0.03532687947154045
0.23226611826641944 0.15967375104140938 -0.060124896466732025
0.21149719638256612 0.04706584219141837 -0.07623942196369171
0.028936285634030674 0.5572170715777928 -0.02204049751162529
0.0 0.38561640968102523 -0.04450645297765732
0.008661097720715494 0.2772861813873457 -0.05701689049601555
0.007649015476122678 0.18113677943891585 -0.06460048258304596
