0.6703306436538696 0.7568408846855164 3.316721972623782e-07
0.7723637223243713 0.6889932155609131 -0.03283084183931351
0.8283302783966064 0.5947323441505432 -0.03825218603014946
0.7910115718841553 0.5047581791877747 -0.04202191159129143
0.7260968089103699 0.4673621654510498 -0.04666527360677719
0.7583374381065369 0.4831966459751129 -0.0011198406573385
0.7543320059776306 0.3687489628791809 -0.02150188758969307
0.7418727874755859 0.3002939820289612 -0.045730024576187134
0.7289467453956604 0.24065153300762177 -0.06477659195661545
0.7012758255004883 0.47029075026512146 -0.0029625804163515568
0.6936461925506592 0.3442978858947754 -0.021573027595877647
0.6832623481750488 0.2616071105003357 -0.049509093165397644
0.6695274114608765 0.19196456670761108 -0.07044797390699387
0.6513539552688599 0.47809773683547974 -0.01042972318828106
0.6409189105033875 0.3579501211643219 -0.030382446944713593
0.6364483833312988 0.28358256816864014 -0.05464032664895058
0.627525806427002 0.2210516333580017 -0.07106658816337585
0.5959683656692505 0.5065932273864746 -0.021364811807870865
0.5863528847694397 0.40837204456329346 -0.04008396714925766
0.5869094133377075 0.3466837406158447 -0.05165747180581093
0.5865060091018677 0.29224374890327454 -0.05919961631298065
