0.7700600028038025 0.6558022499084473 5.138122673997714e-07
0.8498626947402954 0.6169817447662354 -0.040856290608644485
0.9182021617889404 0.5431671738624573 -0.055622849613428116
0.9036176800727844 0.46511054039001465 -0.06599197536706924
0.8591869473457336 0.4166836440563202 -0.07661844789981842
0.9014915227890015 0.4318823516368866 -0.02567746676504612
0.9168280959129333 0.34037813544273376 -0.04895217716693878
0.9152731895446777 0.27718955278396606 -0.07147660106420517
0.9077802896499634 0.22298087179660797 -0.08837500959634781
0.8507825136184692 0.41610828042030334 -0.024394633248448372
0.8652421236038208 0.3121330142021179 -0.04598706588149071
0.8656470775604248 0.24340960383415222 -0.06990410387516022
0.8622685074806213 0.18590718507766724 -0.08636405318975449
0.8002858757972717 0.42091795802116394 -0.027645356953144073
0.8098074793815613 0.3179068863391876 -0.04987042397260666
0.8143308758735657 0.25347161293029785 -0.06855907291173935
0.8148689270019531 0.20119023323059082 -0.08004112541675568
0.7404295206069946 0.44212806224823 -0.03437374532222748
0.7465183734893799 0.3600204586982727 -0.05452759191393852
0.754206657409668 0.30850833654403687 -0.06285613030195236
0.7619650363922119 0.26409339904785156 -0.0667569562792778
