0.6417299509048462 0.6610187888145447 4.725180815512431e-07
0.7179048657417297 0.6454018950462341 -0.04135119169950485
0.7982531785964966 0.6016210913658142 -0.059502974152565
0.7992023825645447 0.5412271022796631 -0.07265040278434753
0.757509171962738 0.5023816823959351 -0.08570783585309982
0.7750124931335449 0.4783518612384796 -0.031959835439920425
0.7918965816497803 0.39731642603874207 -0.05626640096306801
0.7917543649673462 0.3441062569618225 -0.0781739130616188
0.7882938981056213 0.2975795269012451 -0.09348128736019135
0.729280948638916 0.4619404673576355 -0.02907157875597477
0.7466292977333069 0.369653582572937 -0.04936375841498375
0.7494434118270874 0.31116873025894165 -0.07056283205747604
0.7481977939605713 0.26330986618995667 -0.08519087731838226
0.6840468645095825 0.4612465798854828 -0.03028920479118824
0.6967339515686035 0.3709545135498047 -0.04957344010472298
0.7019183039665222 0.3159897029399872 -0.06440766155719757
0.703321099281311 0.2715451121330261 -0.07348103821277618
0.631384551525116 0.4752054214477539 -0.03525041788816452
0.6397072672843933 0.402342826128006 -0.05107157304883003
0.6487128734588623 0.3597860336303711 -0.056409887969493866
0.6567074060440063 0.3230745494365692 -0.05838944390416145
