0.5078127384185791 0.6008804440498352 5.126336191096925e-07
0.5884221792221069 0.5797911882400513 -0.04935234412550926
0.6730778813362122 0.5312923192977905 -0.07135803252458572
0.672034740447998 0.4615514874458313 -0.08775962889194489
0.6223657131195068 0.41995877027511597 -0.1031695157289505
0.6510165929794312 0.38990670442581177 -0.030145907774567604
0.6682903170585632 0.29816344380378723 -0.055979687720537186
0.6685335636138916 0.2412101924419403 -0.08064545691013336
0.6661643981933594 0.19363148510456085 -0.09789502620697021
0.60039883852005 0.3709484934806824 -0.024780843406915665
0.6203466057777405 0.2698739469051361 -0.04584406316280365
0.6233347058296204 0.20500241219997406 -0.06906329095363617
0.6216641664505005 0.15317703783512115 -0.08492107689380646
0.550499439239502 0.37046703696250916 -0.024975718930363655
0.5646248459815979 0.2723422050476074 -0.04474720358848572
0.5706202387809753 0.21350206434726715 -0.05998658016324043
0.5723460912704468 0.16713950037956238 -0.06908971071243286
0.49227073788642883 0.38658082485198975 -0.030018864199519157
0.5041556358337402 0.3094029426574707 -0.04577415809035301
0.5140931010246277 0.2633017301559448 -0.05078167840838432
0.5222043395042419 0.22406740486621857 -0.05233842134475708
