0.1772578876184022 1.0 3.427147419188259e-07
0.5637408726350803 0.9406376924086859 -0.0463169664144516
0.9800693165352427 0.8276381889555101 -0.0642152652144432
1.0 0.6819516844154242 -0.07714257389307022
0.7706538689332775 0.6003742646287841 -0.0891684964299202
0.7541564637988786 0.5023976448100076 -0.021225541830062866
0.8045487014628776 0.3050882381289181 -0.042694732546806335
0.7742388462045913 0.18574034053435318 -0.06597645580768585
0.7379554818824385 0.08430040608007405 -0.08291131258010864
0.5077401333207014 0.47178217701066494 -0.016840197145938873
0.5523991972161791 0.24793369656073624 -0.03295217826962471
0.5317623290262846 0.11050457704772945 -0.05454833805561066
0.4995562370060557 0.0 -0.07052170485258102
0.27009822070510364 0.47964985812672867 -0.018280087038874626
0.285457883782337 0.26449229466877605 -0.03403255343437195
0.28635790604313943 0.139390665561404 -0.04788752272725105
0.28262849510582017 0.03751912423976294 -0.05740320682525635
0.0 0.5229320185173848 -0.024810342118144035
0.0036105510391377456 0.3537482868236186 -0.03760095685720444
0.02891608491188384 0.25673254735451173 -0.04060626029968262
0.06294038464109251 0.17204038392605162 -0.04178193584084511
