0.256426840511749 1.0 8.305262326757656e-07
0.6483680281183469 0.9541472599795378 -0.08746224641799927
1.0 0.8404082566465843 -0.12777145206928253
0.9626330291307936 0.6887651938571605 -0.1573195904493332
0.6981213293315699 0.6070037663985682 -0.18643507361412048
0.7583120558466493 0.5241617174769752 -0.0722472220659256
0.7935555240279304 0.3172585543409594 -0.11700626462697983
0.774327601406093 0.18864510872360357 -0.15667392313480377
0.7498022324779733 0.07530983074123453 -0.18517813086509705
0.49502363766618074 0.4936443652475457 -0.058252472430467606
0.5290655665770472 0.2712100306837056 -0.0982060357928276
0.5238638744513351 0.12364498955515044 -0.1373848021030426
0.513619275228701 0.0 -0.16475459933280945
0.2534057521908161 0.510675274070556 -0.05272938311100006
0.26460613626171287 0.29916193217317616 -0.09030451625585556
0.28397615281664434 0.16296826326984148 -0.12207581102848053
0.2952000361933233 0.049310506768912875 -0.14242826402187347
0.0 0.5646791845326874 -0.055103279650211334
0.02212931821705716 0.39776504631986104 -0.0882711112499237
0.04236353821360474 0.291124092377841 -0.10649166256189346
0.0590552927684071 0.19631145172167538 -0.11745773255825043
