0.6365230083465576 0.9274697303771973 8.726021292204678e-07
0.3895052969455719 0.8684664368629456 -0.07968410849571228
0.22763526439666748 0.7549283504486084 -0.1277817189693451
0.21734416484832764 0.6302329301834106 -0.17741698026657104
0.2893366515636444 0.5431088805198669 -0.2243555784225464
0.34747666120529175 0.5624584555625916 -0.038738153874874115
0.2906632423400879 0.4062540531158447 -0.11938337236642838
0.2701379060745239 0.3143078684806824 -0.19485551118850708
0.2628513276576996 0.23142609000205994 -0.25187620520591736
0.4925934076309204 0.5405380725860596 -0.0645754337310791
0.4406752288341522 0.3620772957801819 -0.1320340484380722
0.4077560007572174 0.2515367269515991 -0.1989305168390274
0.3806881904602051 0.15660500526428223 -0.24703346192836761
0.6437475085258484 0.549560546875 -0.1057344451546669
0.5946577787399292 0.3809005618095398 -0.17177163064479828
0.5564861297607422 0.27998653054237366 -0.21363936364650726
0.5201988816261292 0.19598770141601562 -0.24230368435382843
0.8141669034957886 0.5858337879180908 -0.1575305163860321
0.7857344150543213 0.4573487639427185 -0.2140209823846817
0.7482677102088928 0.37671250104904175 -0.23077863454818726
0.7040003538131714 0.3068894147872925 -0.23992519080638885
