0.6310914158821106 0.9220716953277588 1.1796744274761295e-06
0.42571598291397095 0.882773756980896 -0.08701283484697342
0.29728561639785767 0.7556076049804688 -0.14106905460357666
0.3692748546600342 0.6390826106071472 -0.19152307510375977
0.5337927937507629 0.6036025881767273 -0.24322618544101715
0.29827117919921875 0.587448000907898 -0.10804091393947601
0.23085497319698334 0.42015624046325684 -0.1950482577085495
0.19833889603614807 0.3148605227470398 -0.2634408175945282
0.17966243624687195 0.22359013557434082 -0.31509730219841003
0.4291478097438812 0.5692432522773743 -0.1289048194885254
0.34545665979385376 0.39674150943756104 -0.2114233523607254
0.30295902490615845 0.2761722207069397 -0.2805612087249756
0.27049145102500916 0.1684747338294983 -0.3273477554321289
0.5702222585678101 0.5756874084472656 -0.15925157070159912
0.5006023645401001 0.4110075831413269 -0.23720017075538635
0.45258766412734985 0.3006667196750641 -0.29785045981407166
0.4117881655693054 0.2084369659423828 -0.33410850167274475
0.7278183698654175 0.6019154787063599 -0.19822487235069275
0.6643674373626709 0.46164563298225403 -0.2722811698913574
0.6159321069717407 0.36687129735946655 -0.3107221722602844
0.5734490752220154 0.2873668968677521 -0.33171024918556213
