0.6047484278678894 0.9436416029930115 1.8675087858355255e-06
0.3458366394042969 0.8617737293243408 -0.10137596726417542
0.26300323009490967 0.7125656604766846 -0.16045443713665009
0.4418843388557434 0.6165372133255005 -0.21749326586723328
0.6596779823303223 0.6292441487312317 -0.27773380279541016
0.33353936672210693 0.5619074702262878 -0.09220708161592484
0.34149008989334106 0.40004462003707886 -0.1768273115158081
0.35210171341896057 0.3013678789138794 -0.2564751207828522
0.3641340732574463 0.21451005339622498 -0.32351216673851013
0.5116310119628906 0.5546655654907227 -0.12071133404970169
0.4972243905067444 0.3840813636779785 -0.19600871205329895
0.5012167096138 0.27059948444366455 -0.2731061279773712
0.49888747930526733 0.170183002948761 -0.33128783106803894
0.6883569955825806 0.5757979154586792 -0.16332057118415833
0.6730237603187561 0.4129788279533386 -0.23423269391059875
0.671634316444397 0.3063424825668335 -0.3029268682003021
0.6601009368896484 0.21616703271865845 -0.3504701554775238
0.8758420944213867 0.6178434491157532 -0.21887333691120148
0.8586079478263855 0.4776710867881775 -0.28724974393844604
0.8431817889213562 0.38596001267433167 -0.32516250014305115
0.8202102184295654 0.3089163899421692 -0.3510286509990692
