0.5661133527755737 0.9272017478942871 1.309022877649113e-06
0.3593326807022095 0.8578890562057495 -0.11417561024427414
0.2627562880516052 0.7235761284828186 -0.18465015292167664
0.38961702585220337 0.6195974349975586 -0.25113508105278015
0.5977784395217896 0.5984694361686707 -0.3198697566986084
0.3190836012363434 0.5566715002059937 -0.13530108332633972
0.31692200899124146 0.39039260149002075 -0.2432692050933838
0.3202911615371704 0.28835010528564453 -0.33003485202789307
0.3297765254974365 0.19882601499557495 -0.3969309628009796
0.48886996507644653 0.5550593733787537 -0.16104291379451752
0.45906969904899597 0.3839777112007141 -0.2657996714115143
0.453383207321167 0.264432817697525 -0.35347312688827515
0.45231008529663086 0.15599361062049866 -0.41314083337783813
0.6634198427200317 0.5807763934135437 -0.1996130347251892
0.6378758549690247 0.41815584897994995 -0.3000631332397461
0.6194269061088562 0.30921828746795654 -0.3727496564388275
0.598506510257721 0.21352970600128174 -0.4155729413032532
0.8489643335342407 0.6271672248840332 -0.24987949430942535
0.8237069845199585 0.48661744594573975 -0.3439766466617584
0.8013834953308105 0.3902667164802551 -0.39052724838256836
0.780040442943573 0.30841803550720215 -0.41514626145362854
