0.5537548065185547 0.9040936231613159 1.1400989023968577e-06
0.3331524729728699 0.8537693023681641 -0.09323789179325104
0.17982640862464905 0.7350512742996216 -0.1541232466697693
0.17717698216438293 0.6199213862419128 -0.21013669669628143
0.2701946794986725 0.5456585884094238 -0.2647170126438141
0.3184817433357239 0.5725143551826477 -0.10140534490346909
0.2896527051925659 0.4125570058822632 -0.19689571857452393
0.2848193943500519 0.3150727152824402 -0.27087223529815674
0.2898186147212982 0.23312979936599731 -0.3227023184299469
0.47034263610839844 0.5625100135803223 -0.1201665848493576
0.4486810564994812 0.38478899002075195 -0.2006375789642334
0.4334036111831665 0.26946496963500977 -0.2683090567588806
0.42104372382164 0.16971442103385925 -0.31420767307281494
0.621860921382904 0.5816652774810791 -0.15123185515403748
0.6059369444847107 0.41437065601348877 -0.22450590133666992
0.5873863697052002 0.3068913221359253 -0.27466249465942383
0.5638325810432434 0.21497493982315063 -0.3072635531425476
0.7798482775688171 0.6249585151672363 -0.19141465425491333
0.7838487029075623 0.4982016980648041 -0.25819146633148193
0.7696213722229004 0.4157291054725647 -0.28685662150382996
0.7436311841011047 0.3428083062171936 -0.30229854583740234
