0.630125105381012 0.883722186088562 8.722911957192991e-07
0.4334200918674469 0.8733603358268738 -0.08350396156311035
0.2694156765937805 0.7839822173118591 -0.13200856745243073
0.22082698345184326 0.6677026152610779 -0.17506584525108337
0.24865010380744934 0.572243332862854 -0.2152639776468277
0.2811206877231598 0.5892377495765686 -0.07282599806785583
0.1959393173456192 0.43535131216049194 -0.14221692085266113
0.16018244624137878 0.3379512429237366 -0.1990177184343338
0.13798224925994873 0.2525586485862732 -0.24080538749694824
0.3948967158794403 0.5509237051010132 -0.08202049881219864
0.3001796305179596 0.37927597761154175 -0.14163395762443542
0.24646084010601044 0.26445016264915466 -0.19769936800003052
0.19891837239265442 0.1626642942428589 -0.23718123137950897
0.5202416777610779 0.543266236782074 -0.10280302166938782
0.43209269642829895 0.3775825798511505 -0.16065827012062073
0.3737645447254181 0.27517974376678467 -0.2074124664068222
0.32212427258491516 0.18719598650932312 -0.23799221217632294
0.6634225845336914 0.5579239726066589 -0.1313522458076477
0.5976093411445618 0.4306972622871399 -0.1860061138868332
0.5465797185897827 0.34901857376098633 -0.21550406515598297
0.4988539218902588 0.27651602029800415 -0.23299077153205872
