0.6183127164840698 0.8654162883758545 6.447633040806977e-07
0.47710761427879333 0.8553315997123718 -0.04498365893959999
0.3704630434513092 0.757880687713623 -0.07366511225700378
0.36595895886421204 0.6234503984451294 -0.10094204545021057
0.4397940933704376 0.5494692921638489 -0.12886430323123932
0.32556554675102234 0.6024962663650513 -0.05642055347561836
0.23530176281929016 0.443504273891449 -0.10401510447263718
0.18144415318965912 0.34115850925445557 -0.1407984495162964
0.13840404152870178 0.2518165707588196 -0.16809239983558655
0.388377845287323 0.5537973642349243 -0.06961256265640259
0.29174113273620605 0.38940608501434326 -0.11418513208627701
0.22683759033679962 0.2734428346157074 -0.15094579756259918
0.1706184446811676 0.17180722951889038 -0.17573405802249908
0.46469375491142273 0.5280430316925049 -0.08779995888471603
0.38018444180488586 0.3697618246078491 -0.12944315373897552
0.3209073543548584 0.26326918601989746 -0.16202129423618317
0.2693881392478943 0.17682135105133057 -0.18160265684127808
0.5558252334594727 0.5198578834533691 -0.11043176054954529
0.49018406867980957 0.3836558163166046 -0.14781339466571808
0.44135141372680664 0.2918360233306885 -0.16667142510414124
0.3951061964035034 0.21786874532699585 -0.1769372969865799
