0.5538365244865417 0.9411141872406006 1.5338702041844954e-06
0.3206195831298828 0.8865392804145813 -0.10097461193799973
0.18921750783920288 0.7565339207649231 -0.16887298226356506
0.2957445979118347 0.6497868299484253 -0.2331358939409256
0.5087751746177673 0.6413058638572693 -0.2997731566429138
0.2734299898147583 0.5827116370201111 -0.12581101059913635
0.2401929795742035 0.41522645950317383 -0.22106651961803436
0.21998387575149536 0.31112241744995117 -0.2980480492115021
0.20908743143081665 0.2222033143043518 -0.3567373752593994
0.4296732544898987 0.5723130702972412 -0.148468017578125
0.38582879304885864 0.38911980390548706 -0.2355460822582245
0.3568183183670044 0.26587918400764465 -0.3071368932723999
0.33097344636917114 0.16075822710990906 -0.35648614168167114
0.5892759561538696 0.5895041823387146 -0.18214356899261475
0.56497722864151 0.4142457842826843 -0.26054659485816956
0.542622447013855 0.3011806309223175 -0.3222503364086151
0.5171002149581909 0.20908889174461365 -0.3611523509025574
0.7595307230949402 0.6277515888214111 -0.22644537687301636
0.746937096118927 0.4822966754436493 -0.29856622219085693
0.7271623611450195 0.38441261649131775 -0.335935115814209
0.7009511590003967 0.3012050986289978 -0.35785192251205444
