0.47018665075302124 0.7466996908187866 -9.203366744259256e-07
0.3182394504547119 0.7062864303588867 -0.04226738214492798
0.23328565061092377 0.5687962770462036 -0.06635067611932755
0.26489174365997314 0.4525691568851471 -0.1007840633392334
0.3688564598560333 0.4074062407016754 -0.12444160133600235
0.26396527886390686 0.3772285282611847 0.009431899525225163
0.234157532453537 0.21896934509277344 -0.06902162730693817
0.1471269279718399 0.21876785159111023 -0.12855108082294464
0.11117194592952728 0.2738102078437805 -0.1571042686700821
0.34511443972587585 0.35951048135757446 -0.008322909474372864
0.32687893509864807 0.17927531898021698 -0.08234269917011261
0.22541064023971558 0.18031446635723114 -0.12281974405050278
0.18817882239818573 0.24746689200401306 -0.13168230652809143
0.4338296055793762 0.36768007278442383 -0.04055375978350639
0.4214894771575928 0.1985606998205185 -0.09370196610689163
0.33202648162841797 0.20297443866729736 -0.11349605768918991
0.3022820055484772 0.2663363218307495 -0.11201171576976776
0.5327115654945374 0.3964992165565491 -0.0812004953622818
0.5183804035186768 0.26917511224746704 -0.11453106254339218
0.4344291687011719 0.236066997051239 -0.12817136943340302
0.3774015009403229 0.2612208425998688 -0.12874889373779297
