0.5518808364868164 0.6784521341323853 3.345522543440893e-07
0.29416728019714355 0.6036860942840576 -0.0629039853811264
0.19572414457798004 0.44815802574157715 -0.08059753477573395
0.361328661441803 0.34891200065612793 -0.10719454288482666
0.5767285823822021 0.33540794253349304 -0.12795189023017883
0.24006780982017517 0.34755897521972656 0.01686186157166958
0.21280120313167572 0.23162251710891724 -0.06235820800065994
0.22664976119995117 0.1900680512189865 -0.1323733776807785
0.254706472158432 0.20073167979717255 -0.17122285068035126
0.43149206042289734 0.325391948223114 0.0035864959936589003
0.4229968190193176 0.18857400119304657 -0.0690886452794075
0.40844935178756714 0.16527359187602997 -0.12637415528297424
0.4167848229408264 0.1894017606973648 -0.14974677562713623
0.6187840104103088 0.3357206881046295 -0.02752544917166233
0.6411522030830383 0.19310998916625977 -0.11317256093025208
0.6039965152740479 0.21972748637199402 -0.14698921144008636
0.5993626117706299 0.28742098808288574 -0.1436529904603958
0.8127089738845825 0.36754828691482544 -0.06620344519615173
0.8362276554107666 0.2625855505466461 -0.13933143019676208
0.7717228531837463 0.2588573098182678 -0.1597495824098587
0.7277176380157471 0.2985324561595917 -0.15506437420845032
