0.6147278547286987 0.7093137502670288 -6.415028224182606e-07
0.3623253405094147 0.6573262810707092 -0.0675555020570755
0.21430617570877075 0.5122412443161011 -0.1064404845237732
0.32870030403137207 0.41072872281074524 -0.16054433584213257
0.5226010680198669 0.40406620502471924 -0.2087181657552719
0.2745242118835449 0.3623204231262207 -0.010605763643980026
0.2177405059337616 0.21255534887313843 -0.1325732320547104
0.20261965692043304 0.22806121408939362 -0.22341616451740265
0.22926749289035797 0.29377180337905884 -0.2664429247379303
0.4298965036869049 0.3386874496936798 -0.03486267477273941
0.40874943137168884 0.16600699722766876 -0.14181293547153473
0.35849085450172424 0.20328384637832642 -0.19690726697444916
0.36115187406539917 0.27301153540611267 -0.2084321826696396
0.5904899835586548 0.34531575441360474 -0.07948943972587585
0.5998582243919373 0.17863185703754425 -0.17794230580329895
0.5295515656471252 0.2613074779510498 -0.18915827572345734
0.5208163857460022 0.35830551385879517 -0.16639013588428497
0.7558120489120483 0.3800719082355499 -0.13464617729187012
0.7590658664703369 0.267079621553421 -0.19642844796180725
0.6661632657051086 0.30601391196250916 -0.1936168670654297
0.6214119791984558 0.37380775809288025 -0.17387928068637848
