0.547155499458313 0.7305278778076172 -1.2271793821128085e-06
0.3304879069328308 0.6873738765716553 -0.061912644654512405
0.17977041006088257 0.5498788356781006 -0.09845376014709473
0.21271537244319916 0.426383912563324 -0.1481894552707672
0.37143394351005554 0.40497875213623047 -0.18589748442173004
0.28142330050468445 0.3439197242259979 0.005898303352296352
0.2487991899251938 0.18437246978282928 -0.09930174052715302
0.18024030327796936 0.20093590021133423 -0.17998698353767395
0.17622092366218567 0.27314603328704834 -0.21998484432697296
0.41485267877578735 0.32351529598236084 -0.01978290267288685
0.3961179554462433 0.1404356062412262 -0.11742953956127167
0.30879083275794983 0.1713392436504364 -0.16528205573558807
0.30309781432151794 0.2611462473869324 -0.17136085033416748
0.5464598536491394 0.3312312960624695 -0.06534010916948318
0.5353000164031982 0.14637082815170288 -0.14056150615215302
0.4508376717567444 0.17201925814151764 -0.14902041852474213
0.4534025192260742 0.2549135684967041 -0.1296773999929428
0.6890766620635986 0.3606038987636566 -0.1234104335308075
0.6721744537353516 0.21578043699264526 -0.17091378569602966
0.5890158414840698 0.2070348560810089 -0.1722782701253891
0.5630845427513123 0.26075348258018494 -0.15635612607002258
