0.5553457140922546 0.6885248422622681 -1.278394279324857e-06
0.3086719810962677 0.637130856513977 -0.06268364936113358
0.15763115882873535 0.4920590817928314 -0.09654101729393005
0.28285810351371765 0.37746661901474 -0.14186643064022064
0.46507278084754944 0.3526540696620941 -0.1817103922367096
0.18762250244617462 0.3126612901687622 -0.011691868305206299
0.1392446905374527 0.1819572150707245 -0.14275719225406647
0.12524497509002686 0.1884489357471466 -0.23444430530071259
0.16573357582092285 0.27035772800445557 -0.2742883265018463
0.3522036671638489 0.28639957308769226 -0.03971150889992714
0.3463451862335205 0.13267362117767334 -0.168007031083107
0.35250580310821533 0.20474673807621002 -0.21538683772087097
0.3771244287490845 0.29960811138153076 -0.21079590916633606
0.5122495889663696 0.2900245487689972 -0.0883491188287735
0.5083937644958496 0.15075913071632385 -0.1918051838874817
0.5041148066520691 0.2391856610774994 -0.17486360669136047
0.5212679505348206 0.32769474387168884 -0.13270069658756256
0.678202748298645 0.3197641968727112 -0.1478591412305832
0.6668198108673096 0.22622229158878326 -0.2186686396598816
0.6438660621643066 0.29183927178382874 -0.19885343313217163
0.6471640467643738 0.3632737696170807 -0.1629670262336731
