0.654910683631897 0.7374579906463623 -1.4629340512328781e-06
0.4023151397705078 0.6735469102859497 -0.08244714885950089
0.2596605122089386 0.5147902369499207 -0.11614429950714111
0.38897740840911865 0.4034896790981293 -0.16504953801631927
0.6145934462547302 0.38985684514045715 -0.2005959302186966
0.3365727663040161 0.35809841752052307 0.02378869242966175
0.2993796169757843 0.21251295506954193 -0.1043257862329483
0.2521059513092041 0.23525431752204895 -0.19289322197437286
0.26759567856788635 0.30425822734832764 -0.23451346158981323
0.5033589601516724 0.34152451157569885 0.0005225944914855063
0.5334750413894653 0.1505620777606964 -0.1428913176059723
0.4423060417175293 0.20993000268936157 -0.2039807140827179
0.4270572066307068 0.306925505399704 -0.19985805451869965
0.660301685333252 0.35530978441238403 -0.048412058502435684
0.7099608778953552 0.1883559376001358 -0.16567327082157135
0.6039116382598877 0.2629130482673645 -0.1738366335630417
0.5848422646522522 0.3533104956150055 -0.13748137652873993
0.8204814791679382 0.39296361804008484 -0.11064554750919342
0.812248706817627 0.27597078680992126 -0.17582416534423828
0.7099825143814087 0.3172009587287903 -0.17054152488708496
0.6822320222854614 0.3892555832862854 -0.14409886300563812
