0.19149132031154553 1.0 -5.706417027795396e-07
0.6235855090819887 0.8783505406673566 -0.06650765985250473
0.8421904883436516 0.6194933132300389 -0.09146266430616379
0.43966712678890874 0.43231555362504975 -0.11195535212755203
0.023444720960638318 0.415000606947473 -0.12140577286481857
0.9956053815619647 0.3760596921644715 -0.019639339298009872
1.0 0.09115497807666999 -0.08439742028713226
0.8413790940396487 0.2539347200459319 -0.12457429617643356
0.8081311763937927 0.4095401371398723 -0.14139136672019958
0.643474973309249 0.33335267738871954 -0.014591115526854992
0.6921409679279587 0.0 -0.08246176689863205
0.5557558439129179 0.19629352972209066 -0.10879308730363846
0.5400823237988652 0.36201838899560057 -0.10495564341545105
0.3227436903222943 0.3300444808384323 -0.02247726172208786
0.311787262966372 0.0016234483354571451 -0.08687188476324081
0.2647503977428609 0.2053512071598259 -0.0881231427192688
0.2870746110238435 0.3680980299441136 -0.06664009392261505
0.009743978261969849 0.37375492562382157 -0.03673097491264343
0.0 0.17213199770195042 -0.07847578823566437
0.034193487535993876 0.3146211165195127 -0.07121147215366364
0.0843182028940938 0.4521089397492986 -0.05194500833749771
