0.24480185706106233 1.0 -2.097606977002897e-09
0.6973666281181494 0.8982154808816031 -0.01992698386311531
1.0 0.6667012207903588 -0.023060543462634087
0.8570312851480104 0.45894047880392036 -0.02668231911957264
0.5762310684218379 0.4163461641695679 -0.02881138026714325
0.7844497029239584 0.35480564712466306 0.001801509177312255
0.8276065643172785 0.08007408877212334 -0.01978297159075737
0.8291187278147781 0.1759448975004277 -0.03673924133181572
0.8252027033806499 0.31544838808377645 -0.04420258477330208
0.5009112791796254 0.3042842351862755 0.0024236186873167753
0.5361503204446642 0.0008519340098009116 -0.018546808511018753
0.551085200638397 0.12524424050612196 -0.03309628367424011
0.5419759691585969 0.2859125957672534 -0.036801327019929886
0.24528282344746738 0.30872437380693835 -0.0010825773933902383
0.2637281756647192 0.0 -0.02199799008667469
0.2981195379486039 0.12412533536184087 -0.025591375306248665
0.30867814189026266 0.27817165638306784 -0.020677220076322556
0.0 0.3675351048842045 -0.006275026593357325
0.021378081979846666 0.14736204041804718 -0.018897561356425285
0.07220613067073449 0.17236244341354406 -0.01624414324760437
0.09594858644108502 0.23602294618124373 -0.009728670120239258
