0.6137915849685669 0.6024760603904724 1.0385650028865712e-07
0.6936453580856323 0.5558773279190063 -0.014149937778711319
0.7445162534713745 0.48592841625213623 -0.012488728389143944
0.7107190489768982 0.43829673528671265 -0.012444369494915009
0.6548838019371033 0.4375784993171692 -0.011819497682154179
0.7134355306625366 0.42077168822288513 0.02594021148979664
0.7184937000274658 0.3638245165348053 0.02175714634358883
0.7152701020240784 0.35002923011779785 0.010246612131595612
0.7128983736038208 0.3485278785228729 0.0018184909131377935
0.6626735329627991 0.4088875353336334 0.02539016120135784
0.6654279232025146 0.34091347455978394 0.021231532096862793
0.6702582836151123 0.34005841612815857 0.007985825650393963
0.6704509258270264 0.3554249405860901 0.0002817114000208676
0.6162927746772766 0.4092252254486084 0.020940613001585007
0.6157558560371399 0.3399884104728699 0.013005920685827732
0.6245843768119812 0.3555671274662018 0.00624727550894022
0.6263759732246399 0.3846459686756134 0.004347695969045162
0.5700579881668091 0.42144784331321716 0.014795554801821709
0.5714689493179321 0.366012305021286 0.010265492834150791
0.5814824104309082 0.38080263137817383 0.014548867009580135
0.5843998193740845 0.4088059961795807 0.019488975405693054
