0.12007053290101413 1.0 -2.5736520115060557e-07
0.6399093732463136 0.897521636619734 -0.042916759848594666
1.0 0.6817677666204918 -0.05256618559360504
0.7293747148590979 0.43210657635571914 -0.0617145411670208
0.27007234315801165 0.42047426254453574 -0.06389955431222916
0.8914075643114139 0.38045407446630075 0.015353706665337086
0.9979202384494925 0.09762817304697963 -0.026375288143754005
0.9371024172219308 0.24831206159027547 -0.05843907967209816
0.9101568435138594 0.3954547785081361 -0.0743333175778389
0.6056775151232734 0.31757265734427553 0.014259913004934788
0.7214808756518196 0.012050655318510493 -0.01911657303571701
0.6551663819410389 0.1986762501053038 -0.035500142723321915
0.6072778636689353 0.34494707435453126 -0.03620431572198868
0.32299607092871674 0.30200339603767373 0.0025480391923338175
0.4101572503131846 0.0 -0.039635397493839264
0.36692058402551936 0.21058818422695225 -0.03455467149615288
0.32038757195517314 0.3718534812562284 -0.016154427081346512
0.0 0.3298202931324689 -0.01386715192347765
0.08433448342282579 0.10445733347671285 -0.04350188747048378
0.10803720545949103 0.2539961217957589 -0.02877485565841198
0.08868581240571155 0.4001217515955887 -0.00816007237881422
