0.1308688944012234 1.0 -2.641988032792142e-07
0.6418477432774814 0.8945108797720317 -0.04088936373591423
1.0 0.6810217857536407 -0.05184047669172287
0.733286201183512 0.42545776328126195 -0.06308379769325256
0.27487416103630297 0.4083026973993308 -0.06742114573717117
0.8959861438238248 0.36833734071585716 0.015438647009432316
0.9875309522155341 0.0904609495699909 -0.026898404583334923
0.9347810119258652 0.25614449280084844 -0.060196470469236374
0.9155243183306592 0.4012984571624656 -0.07811302691698074
0.611269593213368 0.30836593847624877 0.011704417876899242
0.7148285277325788 0.0 -0.02237377129495144
0.6628620028897514 0.20146993840779273 -0.03878340497612953
0.6150494087459658 0.3455453607148417 -0.0405440516769886
0.32532683144233226 0.29458149603249534 -0.002453072927892208
0.3985325919014801 0.0015072002884728992 -0.044767893850803375
0.370958992147259 0.22337599879507752 -0.03749841824173927
0.323497006730793 0.3833493248655256 -0.018644029274582863
0.0 0.3213404571123802 -0.02131633460521698
0.07885153005052245 0.09337924836377888 -0.05076505243778229
0.11599473535277997 0.2506435932229334 -0.03422476723790169
0.1000128912691519 0.3989359450199664 -0.013082793913781643
