0.4444650135480424 1.0 -2.7317867079545977e-07
0.8191243398771914 0.8133145919160228 -0.02204109914600849
1.0 0.554075158703397 -0.03250842168927193
0.6478384510696178 0.424589130466654 -0.04523438960313797
0.2804392427541834 0.42113458267970505 -0.0539206899702549
0.8564871049676257 0.3102103461420047 0.005972737446427345
0.8929379169321472 0.04420604319078127 -0.025884483009576797
0.8834432861510131 0.17072325499567506 -0.04933980479836464
0.8626716949020606 0.3135184689703705 -0.06035220995545387
0.5515430292412231 0.30333322948584496 0.0004878847976215184
0.5638745777664614 0.0 -0.031677380204200745
0.5847338743243619 0.17648825668166956 -0.046621546149253845
0.5734760330069371 0.33998097758360335 -0.047619450837373734
0.27869955180766254 0.32978290987992787 -0.011134100146591663
0.24944892083776476 0.01964247753229046 -0.041085127741098404
0.3153057448039536 0.19581158644753624 -0.03596187010407448
0.3106593360404634 0.34557380624257794 -0.02302463911473751
0.0 0.39455552053248105 -0.02526509016752243
0.04776707290814872 0.19291094283745547 -0.0422649011015892
0.14044260226203828 0.3140069492295738 -0.029456911608576775
0.1531354420339984 0.4282303288422349 -0.01447764690965414
