0.30736823321207707 1.0 -1.8057674822102854e-07
0.7383894228953057 0.8679673156629201 -0.032520826905965805
0.9847534442184656 0.6003018089306024 -0.04314837604761124
0.5866984612052543 0.4405438983904647 -0.05367649719119072
0.15181508415323117 0.4833221027264504 -0.05989296734333038
0.9843746008743258 0.34275395891282967 -0.0005677325534634292
1.0 0.05947979194532548 -0.029136016964912415
0.8766100392406871 0.1620490336424575 -0.04940124228596687
0.8277611941372464 0.31665593167350314 -0.058227021247148514
0.63424959696177 0.301836288479697 0.0006359927356243134
0.6371152068725708 0.0 -0.028271688148379326
0.5473825810492702 0.13770765967038515 -0.04345876723527908
0.5413570650685929 0.30200757258114236 -0.04367741197347641
0.332604308740416 0.3075653848311672 -0.0048851133324205875
0.2980889098198138 0.01762660105534003 -0.0315469466149807
0.2849632291700021 0.15941098093651565 -0.03543846309185028
0.3149976272821894 0.3106968705562035 -0.02792612835764885
0.04202534760585757 0.35540321050637647 -0.013951627537608147
0.0 0.16153914624787705 -0.029644470661878586
0.044749565841210315 0.25147321178109494 -0.025355471298098564
0.10036686282812853 0.3697004768398718 -0.016007844358682632
