0.12507617473602295 0.8329931497573853 -1.6106007194593985e-07
0.21360048651695251 0.7697376608848572 -0.03458298370242119
0.2640722990036011 0.6656818985939026 -0.04316793754696846
0.1842539757490158 0.6040401458740234 -0.05109686404466629
0.09223117679357529 0.6249606013298035 -0.05455157160758972
0.25326699018478394 0.5848692059516907 0.011279001832008362
0.2526179552078247 0.48649948835372925 -0.01570078916847706
0.23641929030418396 0.5225104093551636 -0.03743016719818115
0.23462778329849243 0.5694574117660522 -0.04836568236351013
0.1834845244884491 0.5732790231704712 0.011865129694342613
0.18758298456668854 0.45730671286582947 -0.016021715477108955
0.1797267198562622 0.5088815689086914 -0.034949176013469696
0.17603319883346558 0.5685270428657532 -0.03756338357925415
0.11794932931661606 0.5783451795578003 0.0055735125206410885
0.1092744991183281 0.4687100052833557 -0.028640834614634514
0.12023777514696121 0.5366823077201843 -0.035048697143793106
0.12519845366477966 0.6025521159172058 -0.026659110561013222
0.04881709814071655 0.5995323061943054 -0.0035328466910868883
0.03932452201843262 0.5240054726600647 -0.031043654307723045
0.06109194457530975 0.5707287788391113 -0.0273131113499403
0.074228435754776 0.6247243285179138 -0.015616841614246368
