0.6531871557235718 0.7429354786872864 -4.345983484199678e-07
0.7467214465141296 0.6837741732597351 -0.04149135202169418
0.7913777828216553 0.5839525461196899 -0.05588746443390846
0.7109184265136719 0.5170044302940369 -0.06854195147752762
0.6233552694320679 0.5207333564758301 -0.07597421109676361
0.7819271087646484 0.4748595654964447 0.0019676913507282734
0.7767450213432312 0.3745869994163513 -0.04001123085618019
0.7655228972434998 0.42365363240242004 -0.07425530254840851
0.7659304141998291 0.4811124801635742 -0.09122520685195923
0.7104957103729248 0.4650513529777527 0.0030748890712857246
0.7097615599632263 0.34336763620376587 -0.03693396598100662
0.700550377368927 0.4070226848125458 -0.06203565374016762
0.7002766132354736 0.47279587388038635 -0.0674842968583107
0.6438160538673401 0.47242769598960876 -0.004866302013397217
0.6314488649368286 0.3518959879875183 -0.04385549575090408
0.6340712904930115 0.4199830889701843 -0.048958804458379745
0.6411595940589905 0.4823001027107239 -0.04001187905669212
0.577224612236023 0.4974241256713867 -0.016873357817530632
0.5694323182106018 0.4155442714691162 -0.04226379469037056
0.5821070671081543 0.46526458859443665 -0.03543339669704437
0.5933095216751099 0.5161439776420593 -0.022559888660907745
