0.7102073431015015 0.7704977989196777 -2.0098777042676375e-07
0.811991810798645 0.7168911099433899 -0.06321665644645691
0.8605256080627441 0.6197342872619629 -0.09076626598834991
0.7809593677520752 0.5553189516067505 -0.11442747712135315
0.6966518759727478 0.5430140495300293 -0.1340802162885666
0.8340499997138977 0.5057273507118225 -0.012193112634122372
0.8322349190711975 0.41462692618370056 -0.06914843618869781
0.8312338590621948 0.45017147064208984 -0.11893103271722794
0.83428955078125 0.5101486444473267 -0.14510506391525269
0.761308491230011 0.4984041750431061 -0.004967097658663988
0.765966534614563 0.38341057300567627 -0.06373322755098343
0.7643898129463196 0.4282670021057129 -0.11066258698701859
0.7626978754997253 0.4940497875213623 -0.1305208057165146
0.6945984959602356 0.5089373588562012 -0.009181909263134003
0.6884037852287292 0.392009437084198 -0.06781335175037384
0.6971405744552612 0.4394112527370453 -0.09596583992242813
0.7031177282333374 0.5033729076385498 -0.10105863958597183
0.6309669017791748 0.5352797508239746 -0.018054792657494545
0.6285192966461182 0.4582156538963318 -0.06234642118215561
0.6431287527084351 0.5012982487678528 -0.07269471883773804
0.6512432098388672 0.5562208890914917 -0.07089441269636154
