0.20670396960574264 1.0 8.684695984584323e-08
0.7356906552230627 0.8251370271726008 -0.03012830764055252
1.0 0.5971078428250838 -0.0347721092402935
0.6632284289366339 0.3909700846397918 -0.042017556726932526
0.20727523465688724 0.41233685306130974 -0.04407288134098053
0.9378007457068006 0.309402639101429 0.04872487112879753
0.9799547739701654 0.07277212905463178 0.024396711960434914
0.9502714300950031 0.18078678625198594 -0.00537710078060627
0.9690167905463554 0.2892748196945224 -0.022592928260564804
0.6195900090916675 0.2647303116577959 0.04884302243590355
0.675838761759243 0.0022822313789050423 0.023809636011719704
0.6646803502773434 0.1277306977400502 -0.004124930594116449
0.6487910510960159 0.24786186515454406 -0.015331219881772995
0.31768830891817607 0.2694890258903028 0.039192527532577515
0.33901756138459443 0.0 0.017969081178307533
0.368126208394534 0.13338264847957443 0.010012000799179077
0.38059108509737377 0.255629466205811 0.013155479915440083
0.0 0.3183818539329462 0.024909282103180885
0.032673509879928744 0.12415305928755367 0.019973060116171837
0.09781118898102577 0.2134187995132243 0.028883781284093857
0.1400729234093014 0.31191971515047173 0.039252106100320816
