0.46452662348747253 0.5452015399932861 -2.337059754609072e-07
0.5400466322898865 0.4896414875984192 -0.01819918304681778
0.5978571176528931 0.4182952046394348 -0.02668861672282219
0.5626522898674011 0.36169740557670593 -0.038984961807727814
0.49970942735671997 0.34655988216400146 -0.049678537994623184
0.5634840130805969 0.3282213509082794 0.0071914317086339
0.5772501826286316 0.2462797462940216 -0.020860731601715088
0.5804474949836731 0.26959630846977234 -0.04374941065907478
0.5773087739944458 0.3138577342033386 -0.05378791689872742
0.5079524517059326 0.31728747487068176 0.0013111276784911752
0.5195980072021484 0.21613730490207672 -0.023941852152347565
0.5263868570327759 0.2604498863220215 -0.04069856181740761
0.5201932191848755 0.31567633152008057 -0.0444185696542263
0.4556290805339813 0.31860461831092834 -0.009325522929430008
0.45797836780548096 0.2190638780593872 -0.03183876350522041
0.4712986648082733 0.26695847511291504 -0.03325652331113815
0.46838095784187317 0.3224751651287079 -0.026325656101107597
0.3980392515659332 0.3330265283584595 -0.02214648947119713
0.3987829387187958 0.2529616355895996 -0.034700650721788406
0.42014244198799133 0.27730292081832886 -0.026637788861989975
0.4280555844306946 0.31909945607185364 -0.01555843185633421
