0.37287034850575934 1.0 -2.470777360485954e-07
0.7635370079090767 0.8406775323491307 -0.01479398738592863
1.0 0.6321574236770731 -0.02410716935992241
0.8662166863921863 0.47613936955278263 -0.03749731555581093
0.6018806705934543 0.44083062376755694 -0.04848697781562805
0.6603364999167478 0.31279189240034394 0.0025720896665006876
0.7123784760751197 0.08064018108963007 -0.02916746214032173
0.8443231359857664 0.17246746045709593 -0.05529722571372986
0.8590413658001885 0.3083073039839566 -0.06756173074245453
0.45098459040986844 0.30102959691258024 -0.007010555360466242
0.46520141227930767 0.0 -0.035502754151821136
0.6245732288895295 0.1311674325045832 -0.05572713539004326
0.6313101431961405 0.2913779827120945 -0.06430274993181229
0.23800084839076946 0.32384958653892293 -0.02086735889315605
0.2297031034949105 0.03133187249084308 -0.046209704130887985
0.4172136876552985 0.15728345752017797 -0.04997209832072258
0.4473830744857253 0.3017954348291355 -0.04747932031750679
0.0 0.3870406210180046 -0.03642931580543518
0.052815522851009836 0.16933715985714515 -0.05229048430919647
0.22065549674084836 0.24580510472290834 -0.04503869265317917
0.2707862251845108 0.3611963523113377 -0.03679334372282028
