0.2796830113243412 1.0 -4.528046417817677e-07
0.7100602498763359 0.9005949611260852 -0.06533729285001755
1.0 0.7012873021171295 -0.09360533207654953
0.8030406122897785 0.5340424219843644 -0.11906331777572632
0.5268119304504827 0.45454033052183757 -0.13689376413822174
0.9683551082318076 0.3239585831782685 -0.010730036534368992
0.9865714536837206 0.1113613832395419 -0.07373455166816711
0.9176959044890965 0.27069094855140063 -0.11615568399429321
0.8875460450632264 0.4254715241547369 -0.13327334821224213
0.6417193528399111 0.27234626989056093 -0.0012589156394824386
0.7083597691148784 0.0 -0.0655001550912857
0.6307702893382361 0.23368243315418488 -0.09681824594736099
0.6047087318860445 0.39413617756681246 -0.09896475076675415
0.3272230461095546 0.26561846820426954 -0.004632655996829271
0.34692372599794136 0.01386409273920757 -0.062218695878982544
0.3128569742261919 0.21962553525213233 -0.06833396106958389
0.30098521634508724 0.3760461289950631 -0.0534861758351326
0.0067974250626891206 0.30939364935400043 -0.013610616326332092
0.0 0.118254792818163 -0.042961522936820984
0.04088241190122575 0.23929908618686238 -0.035729531198740005
0.07412943663733698 0.358796241231153 -0.019036587327718735
