0.5559819936752319 0.6195415258407593 -8.277990559690807e-07
0.4301850497722626 0.6204533576965332 -0.03025209717452526
0.2796349823474884 0.5459614992141724 -0.05281219258904457
0.20633234083652496 0.46388646960258484 -0.08402232080698013
0.20673367381095886 0.37876754999160767 -0.1083671897649765
0.26469141244888306 0.3613829016685486 -0.012508329004049301
0.1732914000749588 0.22138150036334991 -0.08525392413139343
0.14054226875305176 0.26107192039489746 -0.13357369601726532
0.15368998050689697 0.3242422342300415 -0.15404927730560303
0.3517715632915497 0.32846102118492126 -0.032527126371860504
0.26809221506118774 0.17321495711803436 -0.10656678676605225
0.22175002098083496 0.2397077977657318 -0.13831409811973572
0.2266041338443756 0.3206723630428314 -0.14032942056655884
0.44708025455474854 0.31563428044319153 -0.06291249394416809
0.3782789707183838 0.17541971802711487 -0.12232249975204468
0.32507947087287903 0.2511179745197296 -0.12882603704929352
0.3190211355686188 0.33277755975723267 -0.11628169566392899
0.552955150604248 0.32034605741500854 -0.09755223989486694
0.4940357804298401 0.21107281744480133 -0.13278412818908691
0.43375521898269653 0.2579911947250366 -0.1303124725818634
0.41182875633239746 0.32792365550994873 -0.11834674328565598
