0.6571637988090515 0.6575542688369751 -1.1060587894462515e-06
0.4586501717567444 0.5914078950881958 -0.0989748015999794
0.30159395933151245 0.4880914092063904 -0.17402902245521545
0.259164959192276 0.3817552924156189 -0.2552677392959595
0.31815218925476074 0.2824993133544922 -0.3201492428779602
0.3880069851875305 0.29897597432136536 -0.012880943715572357
0.3542323708534241 0.1493656039237976 -0.14779530465602875
0.26237237453460693 0.15225070714950562 -0.25859174132347107
0.21565493941307068 0.20264947414398193 -0.31648701429367065
0.5257514715194702 0.29014959931373596 -0.026106154546141624
0.5017826557159424 0.12704449892044067 -0.1568957418203354
0.3922002613544464 0.14485549926757812 -0.2503955066204071
0.3357275724411011 0.2098090946674347 -0.29074880480766296
0.66426682472229 0.30545639991760254 -0.06360716372728348
0.678064227104187 0.15459449589252472 -0.16721144318580627
0.5609306693077087 0.16384947299957275 -0.22242651879787445
0.49121472239494324 0.22239959239959717 -0.23974399268627167
0.8201284408569336 0.3434235155582428 -0.11227115243673325
0.8017776012420654 0.23486369848251343 -0.17936521768569946
0.698066234588623 0.2209155261516571 -0.20888039469718933
0.6164941191673279 0.24855268001556396 -0.21680937707424164
