0.4063394069671631 0.6182622909545898 -7.451029659932829e-07
0.2991585433483124 0.6125580668449402 -0.020052501931786537
0.186369389295578 0.536372184753418 -0.03606235980987549
0.1333881914615631 0.4553299844264984 -0.059015292674303055
0.12451322376728058 0.37602996826171875 -0.07709761708974838
0.18735408782958984 0.3670629560947418 -0.006780932657420635
0.11349302530288696 0.2340524047613144 -0.06164504587650299
0.09390835464000702 0.28382229804992676 -0.09758977591991425
0.1073557436466217 0.34783944487571716 -0.11260677129030228
0.25407159328460693 0.33517545461654663 -0.023435868322849274
0.18676191568374634 0.18549257516860962 -0.08035951852798462
0.15448030829429626 0.2553519308567047 -0.1061789020895958
0.1620745062828064 0.33503490686416626 -0.10871761292219162
0.32672247290611267 0.3222464919090271 -0.0476558580994606
0.26775723695755005 0.18719348311424255 -0.09292236715555191
0.22705835103988647 0.2615327537059784 -0.09982458502054214
0.22389239072799683 0.3403766453266144 -0.09172865748405457
0.4084063172340393 0.32530686259269714 -0.07464909553527832
0.3566502332687378 0.22996041178703308 -0.1010332778096199
0.309025377035141 0.27340346574783325 -0.10052379220724106
0.29184675216674805 0.3358064889907837 -0.09268679469823837
