0.4561053514480591 0.6305669546127319 -5.869632104804623e-07
0.3692960739135742 0.6457654237747192 -0.024045607075095177
0.23858985304832458 0.592501163482666 -0.039196670055389404
0.14156559109687805 0.5586093664169312 -0.0613681823015213
0.08073638379573822 0.49878594279289246 -0.07654367387294769
0.2410999834537506 0.39533624053001404 0.006440410856157541
0.14383502304553986 0.28683018684387207 -0.055324431508779526
0.07816490530967712 0.3471696078777313 -0.09937720745801926
0.05285376310348511 0.4239630103111267 -0.11919792741537094
0.2718430161476135 0.36447882652282715 -0.008814916014671326
0.16336774826049805 0.23946236073970795 -0.06973400712013245
0.08742493391036987 0.3151061236858368 -0.09923659265041351
0.0708862841129303 0.4011021554470062 -0.10446546226739883
0.31176871061325073 0.3436175286769867 -0.034528329968452454
0.2069626748561859 0.22595258057117462 -0.0823826789855957
0.1325031816959381 0.3056318461894989 -0.09489672631025314
0.11217783391475677 0.39160260558128357 -0.08817565441131592
0.3620648980140686 0.3313590884208679 -0.06466639786958694
0.26707154512405396 0.2480912208557129 -0.09785497933626175
0.18902236223220825 0.2850893437862396 -0.10837637633085251
0.1514572650194168 0.34264111518859863 -0.10540152341127396
