0.42616957426071167 0.60994952917099 -9.297842780142673e-07
0.33831077814102173 0.6144921183586121 -0.06786691397428513
0.25311267375946045 0.5579583048820496 -0.11642950028181076
0.22071990370750427 0.4951077699661255 -0.1674080640077591
0.20642311871051788 0.4282473921775818 -0.20752283930778503
0.2041800618171692 0.32660800218582153 -0.05047979950904846
0.1385747790336609 0.1933879554271698 -0.13699443638324738
0.13861265778541565 0.27915048599243164 -0.19042973220348358
0.16486018896102905 0.36248093843460083 -0.21266232430934906
0.2811066508293152 0.3008361756801605 -0.054011326283216476
0.22629280388355255 0.17242160439491272 -0.1371118575334549
0.2239239513874054 0.28601425886154175 -0.16395129263401031
0.2410307377576828 0.37291935086250305 -0.1627524346113205
0.36362600326538086 0.29347363114356995 -0.07220251858234406
0.321032851934433 0.16501450538635254 -0.1382019966840744
0.30664345622062683 0.2703244388103485 -0.1321779191493988
0.3154889643192291 0.3593531847000122 -0.11061897873878479
0.4562690556049347 0.30153611302375793 -0.09846248477697372
0.43030181527137756 0.19442296028137207 -0.13774527609348297
0.3944723904132843 0.25700271129608154 -0.13091355562210083
0.37998321652412415 0.3340277075767517 -0.11462731659412384
