0.492498517036438 0.6460109949111938 -1.0944376072075102e-06
0.371916264295578 0.6402090787887573 -0.06690986454486847
0.2573166489601135 0.5694296360015869 -0.11466983705759048
0.23899254202842712 0.48533767461776733 -0.16891521215438843
0.280658096075058 0.40878379344940186 -0.21077421307563782
0.21865582466125488 0.34768790006637573 -0.03450624644756317
0.15884312987327576 0.20016536116600037 -0.1290840059518814
0.15414971113204956 0.26139891147613525 -0.19025826454162598
0.1808113306760788 0.3425418436527252 -0.2155633270740509
0.3275493383407593 0.3199262022972107 -0.044804155826568604
0.2795029580593109 0.16303057968616486 -0.13084080815315247
0.27128273248672485 0.2443138062953949 -0.164743110537529
0.29094141721725464 0.32874688506126404 -0.16621984541416168
0.44394591450691223 0.315164178609848 -0.07100274413824081
0.41067618131637573 0.1694987416267395 -0.13955748081207275
0.38587647676467896 0.24991434812545776 -0.13488224148750305
0.39419931173324585 0.3315804600715637 -0.11281441152095795
0.5714089870452881 0.3299102783203125 -0.10585577040910721
0.552331805229187 0.2145461142063141 -0.14586241543293
0.50420743227005 0.25271672010421753 -0.13631275296211243
0.48249712586402893 0.31593605875968933 -0.11732825636863708
