0.4085872173309326 0.6081047058105469 -6.796719844714971e-07
0.3166966140270233 0.5937150120735168 -0.03176130726933479
0.2202463001012802 0.5189964175224304 -0.055916573852300644
0.1546100676059723 0.4672078490257263 -0.0859411284327507
0.09546749293804169 0.43300914764404297 -0.11060327291488647
0.22005772590637207 0.3313654959201813 -0.015328672714531422
0.15679696202278137 0.19954968988895416 -0.0833204835653305
0.11439074575901031 0.2579523026943207 -0.1308007687330246
0.11559206247329712 0.3285071849822998 -0.1524239033460617
0.27563509345054626 0.30848726630210876 -0.030785156413912773
0.20732778310775757 0.16171103715896606 -0.09791179746389389
0.1565176546573639 0.24563035368919373 -0.12782007455825806
0.16274014115333557 0.33331015706062317 -0.13262683153152466
0.33973249793052673 0.30134332180023193 -0.05634849891066551
0.2814129590988159 0.1634082794189453 -0.10863058269023895
0.22888252139091492 0.25043898820877075 -0.11615674197673798
0.22911794483661652 0.33704501390457153 -0.10728172957897186
0.4158025085926056 0.3027217984199524 -0.0867694616317749
0.3678710460662842 0.19542409479618073 -0.11924997717142105
0.31342214345932007 0.24575594067573547 -0.12195497006177902
0.29591673612594604 0.31722384691238403 -0.1152464970946312
