0.5594807267189026 0.6612824201583862 -6.22158438545739e-07
0.3512294292449951 0.6461893320083618 -0.06838063895702362
0.19458933174610138 0.5440317392349243 -0.1122918501496315
0.1879253387451172 0.4528495669364929 -0.1612473577260971
0.2797558307647705 0.38707906007766724 -0.1985223889350891
0.2555121183395386 0.37431058287620544 -0.03639766573905945
0.20160162448883057 0.2419409602880478 -0.15821482241153717
0.1536310315132141 0.24041827023029327 -0.24336974322795868
0.15452763438224792 0.2970253825187683 -0.27873852849006653
0.3999894857406616 0.344182550907135 -0.05354233831167221
0.3522051274776459 0.2024211585521698 -0.1806182712316513
0.28613805770874023 0.2075321227312088 -0.2512848675251007
0.273576557636261 0.2834753692150116 -0.265213280916214
0.5445307493209839 0.34072086215019226 -0.08753316104412079
0.525265097618103 0.19831913709640503 -0.18960590660572052
0.45716437697410583 0.19491422176361084 -0.2217726707458496
0.4380328357219696 0.2522140443325043 -0.2115057110786438
0.691763162612915 0.3610488176345825 -0.12875255942344666
0.6989465951919556 0.2568650245666504 -0.20315788686275482
0.6441534161567688 0.20152607560157776 -0.23079992830753326
0.6071950197219849 0.18829603493213654 -0.22684931755065918
