0.701493501663208 0.6890060901641846 2.711360878038249e-07
0.49554383754730225 0.6028352975845337 -0.1104794591665268
0.3572629690170288 0.4948320984840393 -0.16939136385917664
0.36190512776374817 0.3747054934501648 -0.2300942987203598
0.43037092685699463 0.2666851282119751 -0.27681177854537964
0.3220217823982239 0.333257257938385 0.06299293786287308
0.27506059408187866 0.23338627815246582 -0.05502369999885559
0.26507025957107544 0.20978300273418427 -0.18228919804096222
0.2812194228172302 0.23007531464099884 -0.2574247419834137
0.4944882392883301 0.3122597932815552 0.0642356425523758
0.4799279570579529 0.18782374262809753 -0.03363616764545441
0.45539793372154236 0.16858306527137756 -0.14956524968147278
0.43455806374549866 0.19644974172115326 -0.21832753717899323
0.6567762494087219 0.3193575143814087 0.03596131503582001
0.6623400449752808 0.19641880691051483 -0.051656585186719894
0.6162288188934326 0.1682584136724472 -0.1198480874300003
0.5734415650367737 0.20009855926036835 -0.15125703811645508
0.8286915421485901 0.3550117015838623 -0.005841535050421953
0.8140784502029419 0.24387402832508087 -0.06532681733369827
0.757466197013855 0.20182083547115326 -0.09636404365301132
0.6812746524810791 0.20711521804332733 -0.10827569663524628
