0.6929391622543335 0.6565238833427429 1.0395993399470171e-07
0.4728078544139862 0.6005600690841675 -0.10192141681909561
0.33038201928138733 0.47909969091415405 -0.1541079729795456
0.3210093379020691 0.3600142300128937 -0.20085521042346954
0.35675281286239624 0.2581636607646942 -0.2343616932630539
0.3774968683719635 0.31161409616470337 -0.007063656579703093
0.33898842334747314 0.2007572203874588 -0.10113115608692169
0.3630176782608032 0.16099591553211212 -0.19563420116901398
0.3996070623397827 0.1694503128528595 -0.2521919906139374
0.538119375705719 0.2985861003398895 -0.004825232084840536
0.5226508975028992 0.17402619123458862 -0.08069814741611481
0.5417685508728027 0.14204180240631104 -0.16943484544754028
0.5508812665939331 0.16119465231895447 -0.22680535912513733
0.6875840425491333 0.31283801794052124 -0.022647470235824585
0.6955377459526062 0.19210098683834076 -0.09780187159776688
0.6949010491371155 0.15847083926200867 -0.15460869669914246
0.6816689968109131 0.18380701541900635 -0.18528522551059723
0.8415581583976746 0.351832777261734 -0.05110296234488487
0.8560832142829895 0.24173349142074585 -0.1157519519329071
0.8369835615158081 0.20330987870693207 -0.14570960402488708
0.8000836372375488 0.21165898442268372 -0.15805739164352417
