0.4970585107803345 0.5243910551071167 -1.446298711016425e-06
0.3845103979110718 0.5371835231781006 -0.04245591163635254
0.26909345388412476 0.5102947354316711 -0.08468838036060333
0.20636752247810364 0.4823523461818695 -0.13404692709445953
0.17992259562015533 0.42777901887893677 -0.17566563189029694
0.21003064513206482 0.2673078775405884 -0.04700641706585884
0.10804291814565659 0.15844334661960602 -0.1330222338438034
0.11907882243394852 0.2711123526096344 -0.18238016963005066
0.15418654680252075 0.34403783082962036 -0.2038758099079132
0.28723329305648804 0.2347087264060974 -0.06727086752653122
0.1909034550189972 0.12539972364902496 -0.15535856783390045
0.1939486414194107 0.2693956792354584 -0.178990438580513
0.22405211627483368 0.3574211597442627 -0.17558874189853668
0.37231218814849854 0.22521352767944336 -0.0990544855594635
0.2895745038986206 0.13212811946868896 -0.17787538468837738
0.27997079491615295 0.2752266526222229 -0.16980089247226715
0.3010408580303192 0.3715076446533203 -0.14452983438968658
0.4653451144695282 0.23019585013389587 -0.13518953323364258
0.39277148246765137 0.17142249643802643 -0.18466836214065552
0.3569624423980713 0.2693055272102356 -0.17477041482925415
0.35450178384780884 0.35116344690322876 -0.15465711057186127
