0.6041589379310608 0.3782196044921875 -9.488663295087463e-07
0.4827750623226166 0.47167783975601196 0.0158957801759243
0.36900070309638977 0.4689905047416687 0.008051964454352856
0.2894415259361267 0.484640896320343 -0.010379611514508724
0.22282561659812927 0.5016643404960632 -0.028450215235352516
0.30993300676345825 0.17922909557819366 0.004018865060061216
0.15629622340202332 0.2619369328022003 -0.03233687952160835
0.11466418206691742 0.3757622241973877 -0.05804295092821121
0.12244315445423126 0.4569363296031952 -0.07067003101110458
0.32099735736846924 0.17371347546577454 -0.026187531650066376
0.14041560888290405 0.2700747847557068 -0.05163180083036423
0.10229875147342682 0.3937567472457886 -0.06350837647914886
0.10796123743057251 0.473371684551239 -0.0707051008939743
0.3392658233642578 0.21047565340995789 -0.05886133387684822
0.16218814253807068 0.30275624990463257 -0.08787930011749268
0.12449051439762115 0.42111295461654663 -0.09153581410646439
0.13035954535007477 0.49978047609329224 -0.09038935601711273
0.35845866799354553 0.2876545190811157 -0.09070714563131332
0.21759356558322906 0.35359057784080505 -0.11528316885232925
0.1742297261953354 0.4381526708602905 -0.1165991947054863
0.17239217460155487 0.5077061653137207 -0.11319831013679504
