0.7931221127510071 0.695841908454895 5.12547273956443e-07
0.6268762946128845 0.6508470773696899 -0.09862389415502548
0.5265156626701355 0.526972770690918 -0.13432781398296356
0.5618060827255249 0.40807774662971497 -0.1662362962961197
0.6289380788803101 0.3150164783000946 -0.18964485824108124
0.39622920751571655 0.38333383202552795 0.010681609623134136
0.3704167604446411 0.2778792381286621 -0.0754408985376358
0.4373660683631897 0.22530820965766907 -0.16850997507572174
0.5330898761749268 0.21921421587467194 -0.22732311487197876
0.5623764395713806 0.35012340545654297 0.015551312826573849
0.5346273183822632 0.19855868816375732 -0.08051243424415588
0.5987821221351624 0.1878838837146759 -0.18446862697601318
0.6688840985298157 0.23146302998065948 -0.23758526146411896
0.7189338207244873 0.3444896340370178 0.003571248846128583
0.7078477740287781 0.20790158212184906 -0.07807230204343796
0.7506204843521118 0.1940612941980362 -0.14521384239196777
0.7951251864433289 0.2373536080121994 -0.17395341396331787
0.8817736506462097 0.3702836036682129 -0.01812356524169445
0.8644348382949829 0.24769139289855957 -0.08214694261550903
0.8678797483444214 0.21893659234046936 -0.11487140506505966
0.8635886907577515 0.23871324956417084 -0.12590835988521576
