0.6642287969589233 0.6193785071372986 -9.71923668657837e-07
0.4777408242225647 0.584750771522522 -0.08803386986255646
0.3128000497817993 0.5011281967163086 -0.16201139986515045
0.23589535057544708 0.4124445915222168 -0.24103014171123505
0.24718855321407318 0.3141672909259796 -0.30509811639785767
0.3313255310058594 0.2997821867465973 -0.03906189650297165
0.27241966128349304 0.16020597517490387 -0.16404816508293152
0.19819746911525726 0.18116971850395203 -0.25659558176994324
0.17649029195308685 0.24417275190353394 -0.301261305809021
0.46096381545066833 0.2813924551010132 -0.057570185512304306
0.4269234538078308 0.12143704295158386 -0.1796901971101761
0.34364786744117737 0.1679885983467102 -0.24564465880393982
0.3161678910255432 0.24636928737163544 -0.2631104290485382
0.596511721611023 0.28642016649246216 -0.09593284875154495
0.5760613679885864 0.14051814377307892 -0.18869605660438538
0.4892854690551758 0.18057169020175934 -0.21153976023197174
0.4608408510684967 0.2503249943256378 -0.20549681782722473
0.7456358075141907 0.313192754983902 -0.1446647346019745
0.709033191204071 0.20789308845996857 -0.20319858193397522
0.6224225759506226 0.22086584568023682 -0.20873962342739105
0.576348602771759 0.26540571451187134 -0.1976885199546814
