0.5023624897003174 0.6962392330169678 -1.5453227888428955e-06
0.34702420234680176 0.6375759243965149 -0.050342731177806854
0.2242155522108078 0.5120657682418823 -0.09312199801206589
0.16390357911586761 0.4204302132129669 -0.14940425753593445
0.20350901782512665 0.3441811203956604 -0.19407044351100922
0.35743579268455505 0.32290130853652954 -0.013623734936118126
0.33788758516311646 0.16394348442554474 -0.13225296139717102
0.2378682941198349 0.20829054713249207 -0.2131229043006897
0.19629764556884766 0.2768956422805786 -0.2506786584854126
0.46498996019363403 0.3329036235809326 -0.045320961624383926
0.45327460765838623 0.15956458449363708 -0.16777999699115753
0.3226301670074463 0.21524804830551147 -0.22519175708293915
0.2696336507797241 0.29646310210227966 -0.2352455109357834
0.5735167860984802 0.3610648512840271 -0.09463784098625183
0.5676034688949585 0.20267951488494873 -0.1898219734430313
0.43463918566703796 0.24677176773548126 -0.2104291170835495
0.37265899777412415 0.316886305809021 -0.19934891164302826
0.6857413053512573 0.4059656858444214 -0.15141791105270386
0.6645632982254028 0.28174710273742676 -0.20697946846485138
0.5482567548751831 0.2927550673484802 -0.21312835812568665
0.47460535168647766 0.34066373109817505 -0.20262402296066284
