0.5159396529197693 0.6337761878967285 -9.120544177676493e-07
0.4022127687931061 0.6430925130844116 -0.058688919991254807
0.26845666766166687 0.5663914680480957 -0.09368646144866943
0.2298911213874817 0.48172223567962646 -0.13506239652633667
0.2798474133014679 0.4158410429954529 -0.16414500772953033
0.2502274215221405 0.3544062674045563 -0.026626478880643845
0.18603132665157318 0.21805015206336975 -0.11587921530008316
0.16872459650039673 0.28137871623039246 -0.16851350665092468
0.19214649498462677 0.3469180762767792 -0.18891142308712006
0.3587627410888672 0.32748085260391235 -0.03994406759738922
0.29659706354141235 0.183796688914299 -0.12641917169094086
0.2707000970840454 0.25955745577812195 -0.1545938104391098
0.29034337401390076 0.3290875554084778 -0.14969219267368317
0.47453105449676514 0.32200419902801514 -0.0689026266336441
0.4338398575782776 0.18512897193431854 -0.14151209592819214
0.392017126083374 0.26018571853637695 -0.14055253565311432
0.39501461386680603 0.3332497477531433 -0.11827626079320908
0.6015148758888245 0.3349153995513916 -0.10531754791736603
0.5755214095115662 0.22436651587486267 -0.14702989161014557
0.5150503516197205 0.2653537392616272 -0.14139574766159058
0.49148204922676086 0.32888299226760864 -0.12384533882141113
