0.7027490735054016 0.6950288414955139 -1.095865400202456e-06
0.5354712009429932 0.6463040709495544 -0.11554178595542908
0.4250510334968567 0.5530180931091309 -0.19611001014709473
0.4646795988082886 0.4682825207710266 -0.2766958177089691
0.5785955786705017 0.407052218914032 -0.33900079131126404
0.5003693699836731 0.33777356147766113 -0.06770682334899902
0.5235288143157959 0.20343446731567383 -0.19457751512527466
0.5264905691146851 0.2418513000011444 -0.2868029773235321
0.5366032719612122 0.3163565397262573 -0.3334677815437317
0.6813095211982727 0.3283381462097168 -0.07157599925994873
0.7332751154899597 0.16820554435253143 -0.18403229117393494
0.7185500264167786 0.22792169451713562 -0.24352437257766724
0.7052360773086548 0.30767348408699036 -0.2608349621295929
0.8437821865081787 0.35166507959365845 -0.09671744704246521
0.9056744575500488 0.21567252278327942 -0.1881200671195984
0.8787732720375061 0.26992669701576233 -0.19606013596057892
0.8554707765579224 0.33998551964759827 -0.17957548797130585
0.9957022666931152 0.40178102254867554 -0.1352471262216568
1.0641154050827026 0.30165135860443115 -0.19264660775661469
1.0483319759368896 0.31087756156921387 -0.18949876725673676
1.0223406553268433 0.3458462059497833 -0.1718555986881256
