0.6021052598953247 0.7018505334854126 -1.7934838751898496e-06
0.4119672179222107 0.6599751710891724 -0.08849797397851944
0.2871915102005005 0.5655544996261597 -0.1477418839931488
0.3457457423210144 0.47430095076560974 -0.21172668039798737
0.4576885998249054 0.409133642911911 -0.25898227095603943
0.2672785520553589 0.3643234074115753 -0.0225828867405653
0.2651209235191345 0.25042983889579773 -0.13759326934814453
0.2742168605327606 0.3014204800128937 -0.22676077485084534
0.27641990780830383 0.37125164270401 -0.27387315034866333
0.4493149220943451 0.33937370777130127 -0.04297063499689102
0.45776212215423584 0.1966332346200943 -0.1399107277393341
0.46151524782180786 0.262776255607605 -0.19490323960781097
0.4545823633670807 0.3376161754131317 -0.21247418224811554
0.6286065578460693 0.3485855758190155 -0.08366353809833527
0.6577279567718506 0.22892186045646667 -0.16625961661338806
0.6423242092132568 0.2955453097820282 -0.16806843876838684
0.6201651096343994 0.36224275827407837 -0.15215978026390076
0.8073101043701172 0.38798654079437256 -0.13582830131053925
0.8246086835861206 0.2971648573875427 -0.18418832123279572
0.7831599116325378 0.33138179779052734 -0.16585274040699005
0.7385576367378235 0.3763808012008667 -0.14162679016590118
