0.6767762303352356 0.9626962542533875 8.449497386209259e-07
0.7772879004478455 0.9407411813735962 -0.0220638457685709
0.854196310043335 0.8596173524856567 -0.03366297855973244
0.9029292464256287 0.7781450152397156 -0.05267908424139023
0.9443320035934448 0.6935132741928101 -0.06760487705469131
0.6719607710838318 0.7318515181541443 0.0572311170399189
0.7364441752433777 0.6455577611923218 0.0401560515165329
0.8201006054878235 0.6375812292098999 0.01795739121735096
0.885278582572937 0.6625744700431824 0.006137691903859377
0.634711742401123 0.7164421677589417 0.05021199584007263
0.7170935869216919 0.598131000995636 0.02484723925590515
0.8149949312210083 0.6006332039833069 -0.003452274249866605
0.8915860652923584 0.6333086490631104 -0.016090450808405876
0.6106542944908142 0.705885648727417 0.0331282764673233
0.6936602592468262 0.5718371868133545 0.0005632307147607207
0.8045935034751892 0.5738726258277893 -0.02333429455757141
0.8834948539733887 0.6109634041786194 -0.029459113255143166
0.6009722948074341 0.7042444944381714 0.01316862739622593
0.683429479598999 0.5796631574630737 -0.013259095139801502
0.7746413946151733 0.5705758929252625 -0.025812339037656784
0.8432177305221558 0.6004857420921326 -0.028542758896946907
