0.12231438655569711 1.0 4.646775551009341e-07
0.5189474969648563 0.8812367002645046 -0.01393547747284174
0.8003489844010624 0.7314910643581409 -0.01809116266667843
0.9582538898330429 0.524872101925225 -0.030303912237286568
1.0 0.28879981329087223 -0.04096009209752083
0.33308943861393325 0.4722608834314227 0.06500019878149033
0.5771389829234768 0.2800865271405559 0.05322480574250221
0.8050795433600297 0.24664182888247774 0.029061123728752136
0.9615878510979579 0.25244088124850506 0.0137614905834198
0.23500796423735001 0.40799079458977017 0.05573117733001709
0.4907296734231089 0.1650868251630028 0.03887762501835823
0.7440991779850911 0.14738583998594262 0.006436071824282408
0.943011400766415 0.2145477141678323 -0.013918415643274784
0.11853918064576077 0.34360827000678873 0.03796922042965889
0.36307871469344666 0.06349194062154323 0.019046243280172348
0.6374188914654958 0.059406130283028435 -0.0033338130451738834
0.8412240299091768 0.1496517781876984 -0.014366446994245052
0.0 0.2878956828545751 0.016829807311296463
0.20423546621888883 0.02737452287380336 0.002719406969845295
0.45747777655350863 0.0 -0.004632777068763971
0.6719556785240798 0.07307432989459295 -0.007145813200622797
