0.7238174080848694 0.7716284394264221 1.7335520396954962e-07
0.7971492409706116 0.7386097311973572 -0.00541525986045599
0.8537999391555786 0.6850402355194092 0.00038428400876000524
0.8802546858787537 0.6290419697761536 -0.0007442907663062215
0.8819046020507812 0.5728739500045776 -0.0006744419224560261
0.7786493897438049 0.611974835395813 0.06356015056371689
0.8105546832084656 0.5623970627784729 0.05792279168963432
0.8491202592849731 0.5557765364646912 0.040343135595321655
0.8766994476318359 0.5611632466316223 0.029063282534480095
0.7583422064781189 0.5970097184181213 0.05637326464056969
0.7890061140060425 0.5347323417663574 0.0487997941672802
0.8308485746383667 0.5290456414222717 0.024418065324425697
0.8633797764778137 0.5443722009658813 0.008540124632418156
0.7317482233047485 0.5836397409439087 0.042556073516607285
0.7620755434036255 0.5147324204444885 0.030928494408726692
0.8054661154747009 0.5144908428192139 0.014202138409018517
0.8350173234939575 0.5357240438461304 0.005887672770768404
0.7025070190429688 0.5735070705413818 0.026648158207535744
0.7300844788551331 0.5052933096885681 0.018093012273311615
0.7687607407569885 0.5005630254745483 0.014824184589087963
0.798714816570282 0.5189286470413208 0.014807609841227531
