0.44224788919143176 1.0 1.3010246675548842e-06
0.7368556930713935 0.7970742282513402 0.029113857075572014
0.8943191219807097 0.5673760526972783 0.03071454167366028
1.0 0.3807407794665847 0.008769298903644085
0.9735917104323499 0.17368138988423457 -0.00985659472644329
0.18819178582052076 0.3478513098317167 0.13571377098560333
0.31784092373390627 0.07483584566360367 0.11273033916950226
0.61499533641068 0.050238396826568214 0.07337988168001175
0.8254282132401378 0.10676063445471039 0.052495453506708145
0.07642859680455316 0.3432650246637285 0.09224958717823029
0.26461157629921156 0.01680237920250748 0.063648521900177
0.6351639301322665 0.0 0.019268393516540527
0.8783941235763859 0.09274069828399233 -0.0027643998619168997
0.005699913231346546 0.3472473283462357 0.03911834955215454
0.2256397457034162 0.020020248893714506 0.0135170454159379
0.6075263677955223 0.011092076414283907 -0.0041485680267214775
0.8341030463564993 0.10388757826110818 -0.007288932800292969
0.0 0.36836813797895407 -0.015320525504648685
0.1976276510804233 0.07926653971791918 -0.03455033525824547
0.4838096075359268 0.050442336211861914 -0.033753279596567154
0.6772496624994431 0.10999454939649934 -0.025906585156917572
