0.4976893776322585 1.0 1.4481462073945295e-07
0.8045827650645524 0.742592619377635 -0.003858961397781968
0.9828282421681248 0.5000601487526277 -0.0007843005005270243
1.0 0.28756906964167217 -0.007410239893943071
0.890603387166211 0.0971160701591984 -0.01275103073567152
0.4933514087721369 0.3253603016115985 0.06766641139984131
0.5090114067662818 0.10595917152060633 0.05404524877667427
0.6843258791479072 0.045062881022945075 0.029481148347258568
0.8426148710282874 0.045876388492502924 0.014029573649168015
0.35395088656752466 0.3166602519756484 0.05487709864974022
0.34811289280477914 0.06123425240392163 0.03707973659038544
0.5456630204221984 0.0 0.005334014073014259
0.7476230274904501 0.03140576277966965 -0.013838290236890316
0.1913337504238563 0.32244529197545085 0.03463876247406006
0.16312733291533313 0.06230458269994874 0.017028933390975
0.3819501688261449 0.00415802506068674 -0.0033873573411256075
0.6036619820168942 0.04193814450446776 -0.013415394350886345
0.03192325352440355 0.3468573952450383 0.011745823547244072
0.0 0.11542545629267077 -0.00017948138702195138
0.18238572595242303 0.04285360499167619 -0.005893385969102383
0.4018924629650224 0.060546510508040004 -0.007224485743790865
