0.551993565726114 1.0 4.3786778292087547e-07
0.8029594768349483 0.8512853373213548 -0.019250541925430298
0.9248404396250948 0.6068451911419241 -0.037198733538389206
0.9903052162814284 0.3953075192503442 -0.056576043367385864
1.0 0.18745631798132345 -0.07273638993501663
0.16185599509194895 0.5361072270643739 -0.007834486663341522
0.31950387700202815 0.23175123563112818 -0.036403801292181015
0.5779613547553502 0.1285801966204111 -0.059864748269319534
0.8158930839413133 0.12238658883685347 -0.07043465226888657
0.032381005062999124 0.5131332406925153 -0.010961066000163555
0.17245469497386784 0.14803952290699107 -0.03711356595158577
0.4889199553322096 0.03492875805834643 -0.05386529117822647
0.7678491226890186 0.029352587639582553 -0.05999309942126274
0.0 0.4886373803539513 -0.01817694678902626
0.09180532109924502 0.10914291394993506 -0.0424150712788105
0.3990098409314988 0.000861646053004091 -0.0503835491836071
0.662436028916517 0.0 -0.04934127256274223
0.05137141619713418 0.47158945277803593 -0.02718394435942173
0.1278180199270141 0.1707481214300688 -0.04353969171643257
0.33940134726252635 0.045671779200767634 -0.04555421695113182
0.5419033972601535 0.010859290411675337 -0.042175084352493286
