0.35072792812069864 1.0 1.6722917450806563e-07
0.6608493797797287 0.7928540964534271 0.03651556745171547
0.8307145340786812 0.5937892911549578 0.04136275872588158
0.9512686276970683 0.43165458477237867 0.028232567012310028
1.0 0.24459950411627834 0.015425702556967735
0.08628445468143371 0.41628049384905935 0.08374305069446564
0.3659232733310427 0.1766179804150711 0.07212470471858978
0.6789477961554368 0.14393426084370664 0.048609696328639984
0.9081803442947759 0.18506566024791576 0.036118630319833755
0.0008099949180823682 0.3917489552791661 0.04919949173927307
0.3156669399654759 0.08584913565980447 0.03991555795073509
0.6705051518711539 0.06408444435459469 0.016632216051220894
0.9231059055174812 0.14270694211124907 0.0028725508600473404
0.0 0.3727498069679358 0.011736534535884857
0.29469772877373535 0.05241456374753493 0.00572446221485734
0.641202984546444 0.029156890070847985 -0.0031550577841699123
0.8675484068085352 0.11575451408090652 -0.006055820733308792
0.07680240907585224 0.3543423084548044 -0.024984199553728104
0.23922882928665926 0.05534680884086854 -0.023093121126294136
0.4916248660081434 0.0 -0.0157791655510664
0.6940329388503345 0.05081145201848934 -0.008413738571107388
