0.4442617268711067 1.0 1.0617958423608798e-06
0.7626334953217812 0.8187857434840401 -0.028580734506249428
0.956731731558229 0.5842306193216545 -0.034507639706134796
1.0 0.34863530979503576 -0.04381656274199486
0.9546199577834785 0.13744433844462475 -0.047021590173244476
0.3044121048361156 0.39109508780308044 0.06109242141246796
0.386362374653647 0.14038035792274403 0.04387662932276726
0.6296564903524938 0.07461563259990281 0.01775442808866501
0.8385419313886506 0.08328158386098689 0.003320068586617708
0.16730397795870414 0.3675347250376483 0.06262819468975067
0.25201419813473785 0.06860239517341689 0.03883901610970497
0.5436923639710785 0.017007285841064763 0.00538415415212512
0.7891023435162315 0.051535414533544564 -0.011693993583321571
0.06911088677789101 0.3512753716874979 0.05396094173192978
0.15894696419177268 0.048414159438516596 0.02846364863216877
0.47136433664102073 0.0 0.00472069438546896
0.7185926023873349 0.04864273319975865 -0.0033567294012755156
0.0 0.3560085960510283 0.04128626361489296
0.09840372986593693 0.10026153871102852 0.021099543198943138
0.33536506806552435 0.027357133710198107 0.009709149599075317
0.5478247328522379 0.035503167039747506 0.007456432096660137
