0.7364374399185181 0.8983215689659119 1.5616518567185267e-07
0.8321021795272827 0.8366080522537231 0.030010681599378586
0.8736238479614258 0.7629102468490601 0.027605867013335228
0.9069371223449707 0.6947771906852722 0.0028635403141379356
0.9167926907539368 0.6183134317398071 -0.017500560730695724
0.65620356798172 0.6283289194107056 0.09385691583156586
0.7268158197402954 0.5236861705780029 0.059161823242902756
0.8205416202545166 0.5281570553779602 0.018273111432790756
0.8880810737609863 0.5794254541397095 -0.0010740949073806405
0.6316881775856018 0.6185619831085205 0.054579958319664
0.7314084768295288 0.4912412166595459 0.02792828157544136
0.8318092823028564 0.5070390105247498 -0.0010345472255721688
0.8925529718399048 0.560944139957428 -0.014254146255552769
0.6287661194801331 0.6140678524971008 0.007829653099179268
0.7497509121894836 0.48061490058898926 -0.02478998713195324
0.8500897884368896 0.5132445096969604 -0.03620908036828041
0.9030039310455322 0.5809123516082764 -0.03253466635942459
0.6519923806190491 0.6195563673973083 -0.03858170658349991
0.7724581956863403 0.5212143659591675 -0.056646499782800674
0.8555785417556763 0.5356285572052002 -0.05160721763968468
0.904120922088623 0.5843736529350281 -0.04028012603521347
