0.13769807491842614 1.0 9.62729359343939e-07
0.5332293999000759 0.9195263001399953 -0.03526235371828079
0.865247836519186 0.7690834225559076 -0.05473094806075096
1.0 0.5788961610626148 -0.08421595394611359
0.9413252592167675 0.3818594862416045 -0.10946718603372574
0.46617290575674025 0.39765835433187974 0.0487496592104435
0.6312552814838117 0.12782199897494442 0.0004733986861538142
0.855415178598965 0.15578452000197704 -0.04795696958899498
0.9780791436131826 0.2562530800140724 -0.07438258081674576
0.3216765973982717 0.3558579191819998 0.034040991216897964
0.5128775682660696 0.023692165923615314 -0.02769889310002327
0.7818437235925809 0.0891619593423012 -0.0860280841588974
0.9053015303195722 0.23638156052103668 -0.11381390690803528
0.1697422635899903 0.32568333583078085 0.006922206841409206
0.3783890934660721 0.0 -0.057869117707014084
0.6696747222787637 0.0896048873610064 -0.09649482369422913
0.7961543087655669 0.24635461386528332 -0.10678938776254654
0.0 0.3352557141581067 -0.024157721549272537
0.2780837697303899 0.12159068990409913 -0.07992999255657196
0.5398561585956342 0.1757060818432799 -0.10418479144573212
0.6726098394428921 0.29658043206328133 -0.11047200113534927
