0.4925752878189087 0.6717387437820435 -2.8425026243894536e-07
0.6014344096183777 0.5596176981925964 0.03309853374958038
0.6356026530265808 0.4662291407585144 0.028616823256015778
0.6813735365867615 0.39641624689102173 0.0035328760277479887
0.6957798004150391 0.32891786098480225 -0.018294809386134148
0.3759059011936188 0.34788092970848083 0.05650905519723892
0.5057151317596436 0.2269153892993927 0.018421106040477753
0.6159740686416626 0.24124138057231903 -0.024673929437994957
0.6829016208648682 0.29753100872039795 -0.046631209552288055
0.3645855188369751 0.34611430764198303 0.01621471345424652
0.5163391828536987 0.21078723669052124 -0.010207468643784523
0.6247214078903198 0.23936662077903748 -0.04159092530608177
0.6770294308662415 0.3041490912437439 -0.060138992965221405
0.39310261607170105 0.3502463102340698 -0.026154806837439537
0.5253584384918213 0.20075462758541107 -0.05022391304373741
0.6354566216468811 0.22640113532543182 -0.05936231091618538
0.6917737126350403 0.29070645570755005 -0.05809371918439865
0.45246315002441406 0.3565153181552887 -0.06752685457468033
0.5327397584915161 0.21260584890842438 -0.07760320603847504
0.6206033229827881 0.208360955119133 -0.0659307911992073
0.6821483373641968 0.24746350944042206 -0.05223076790571213
