0.6616460084915161 0.8286681771278381 5.660638748850033e-07
0.7240294218063354 0.8020058274269104 -0.05493964999914169
0.7770738005638123 0.744044840335846 -0.07537756115198135
0.8010683059692383 0.6811614632606506 -0.08541243523359299
0.8129156827926636 0.6224820017814636 -0.08883558958768845
0.6618139147758484 0.668647289276123 -0.03968455642461777
0.6923810243606567 0.5789391994476318 -0.059435855597257614
0.7478276491165161 0.5688937902450562 -0.07386848330497742
0.7865815758705139 0.5869973301887512 -0.0788474902510643
0.6471236944198608 0.6571029424667358 -0.014239090494811535
0.681026816368103 0.5643841624259949 -0.036593157798051834
0.7429761290550232 0.5541257262229919 -0.058152664452791214
0.784134030342102 0.5768996477127075 -0.06944885849952698
0.6454364061355591 0.6497461795806885 0.00751099456101656
0.6725435256958008 0.56424480676651 -0.00875295139849186
0.7288971543312073 0.5544462203979492 -0.024110645055770874
0.7653915286064148 0.5721766948699951 -0.03109324537217617
0.646142303943634 0.6464058756828308 0.02521471120417118
0.6675906777381897 0.5730559825897217 0.014799398370087147
0.7094547152519226 0.560568630695343 0.0075617590919137
0.7417138814926147 0.575609564781189 0.005075710825622082
