0.4056118130683899 0.9518970251083374 2.391002453805413e-07
0.4811745882034302 0.8295804858207703 0.03655809909105301
0.5188062191009521 0.7436416149139404 0.037363216280937195
0.5539595484733582 0.6671977043151855 0.017329709604382515
0.5442774295806885 0.5879655480384827 -0.0012893720995634794
0.30977997183799744 0.6744731068611145 0.09122885018587112
0.35776224732398987 0.5600534081459045 0.06466042250394821
0.4416032135486603 0.5507636070251465 0.02697785012423992
0.500076174736023 0.5740101337432861 0.005418392363935709
0.2808927893638611 0.675925612449646 0.048163969069719315
0.32982736825942993 0.5283644795417786 0.01640716940164566
0.4273512363433838 0.5169393420219421 -0.02393537387251854
0.49970224499702454 0.5544025301933289 -0.04572631046175957
0.2671250104904175 0.6812193393707275 0.0007667526951991022
0.3078652322292328 0.5316265225410461 -0.021590808406472206
0.4066203832626343 0.5148016214370728 -0.03807183355093002
0.47745031118392944 0.5448532700538635 -0.043597668409347534
0.27384424209594727 0.689592719078064 -0.04648280516266823
0.2971884608268738 0.5592122077941895 -0.05702311173081398
0.3600849509239197 0.5214393138885498 -0.05575491860508919
0.4184528589248657 0.5224592685699463 -0.051567256450653076
