0.5677782297134399 0.8847538828849792 3.85036685202067e-07
0.6358082294464111 0.8320194482803345 -0.008725972846150398
0.6835612654685974 0.7716996669769287 -0.012512784451246262
0.7078931927680969 0.7121760845184326 -0.024079475551843643
0.6957510709762573 0.652337372303009 -0.032178472727537155
0.5541694164276123 0.706331193447113 0.06065122410655022
0.5916863083839417 0.643527626991272 0.045111287385225296
0.6425628662109375 0.6380676627159119 0.020048245787620544
0.6763217449188232 0.6582261323928833 0.007386777084320784
0.5317303538322449 0.6933580040931702 0.05357034131884575
0.5731523036956787 0.620407223701477 0.03496137633919716
0.6304194927215576 0.6157986521720886 0.0027243392542004585
0.6747472882270813 0.6422574520111084 -0.014448105357587337
0.5082896947860718 0.6809530258178711 0.03960154205560684
0.5428194403648376 0.5985599756240845 0.026485813781619072
0.6012976169586182 0.5886528491973877 0.0073270974680781364
0.6439372301101685 0.6119419932365417 -0.0004604613350238651
0.48607322573661804 0.6737589836120605 0.022792449221014977
0.5101386308670044 0.5890613794326782 0.017039533704519272
0.5594382882118225 0.5659044981002808 0.012488190084695816
0.6065983176231384 0.5741018056869507 0.012884647585451603
