0.48537057638168335 0.6271398067474365 3.1425179258803837e-07
0.5663504600524902 0.5457902550697327 0.017752306535840034
0.6126281023025513 0.4846612215042114 0.0173381045460701
0.6428799629211426 0.4282488226890564 0.0012967013753950596
0.6406465768814087 0.3644293248653412 -0.012528977356851101
0.4662228524684906 0.4063015282154083 0.07485306262969971
0.5176099538803101 0.3182445168495178 0.04812735691666603
0.583587646484375 0.3210141956806183 0.013807502575218678
0.6262388229370117 0.3537326753139496 -0.003062696196138859
0.439624547958374 0.39696818590164185 0.04892613738775253
0.4972330927848816 0.29810377955436707 0.024480491876602173
0.5711571574211121 0.2992428243160248 -0.009736284613609314
0.6215488910675049 0.33697620034217834 -0.028830666095018387
0.4204951822757721 0.38868725299835205 0.01683943159878254
0.4793360233306885 0.2885706126689911 -0.001008273451589048
0.5528556108474731 0.2890298366546631 -0.01844366081058979
0.6002590656280518 0.32682618498802185 -0.024957280606031418
0.41118714213371277 0.38275498151779175 -0.016399510204792023
0.45457541942596436 0.2929290533065796 -0.02314390428364277
0.5130371451377869 0.2780819833278656 -0.023653864860534668
0.5615578293800354 0.2963738441467285 -0.020520465448498726
