0.20406374010897274 1.0 3.733772473424324e-07
0.5611165679530439 0.9565131625886442 -0.018483841791749
0.8699681454924234 0.7872923263369346 -0.015844086185097694
1.0 0.595830699676726 -0.01657688058912754
0.9919469783748038 0.4146695259217128 -0.013397466391324997
0.40148811688610947 0.4608283733498404 0.045366160571575165
0.5766282195290285 0.30291559603710466 0.027365541085600853
0.7940112193163691 0.3210272315906147 0.006971075665205717
0.9317857125009925 0.4168536604728423 -0.0006205208483152092
0.28849262160320843 0.39581371698801465 0.0464070588350296
0.5227290268023171 0.22844977193957378 0.02525806799530983
0.7529768167813344 0.2546930504627029 -0.0013398719020187855
0.92521048017186 0.34350211178226786 -0.013368837535381317
0.1617039635180658 0.3245319962899357 0.03933919221162796
0.3980816779113393 0.13804262956334393 0.01637372188270092
0.6497442255723345 0.16105869478490772 -0.004547414369881153
0.8217755015127698 0.25158230423934136 -0.01059701293706894
0.0 0.25892349851426594 0.029610158875584602
0.1800423764339942 0.043461514112212364 0.014504452235996723
0.4273251375207454 0.0 0.004571893252432346
0.6607117375281857 0.04035534015119618 0.002602257998660207
