0.5842257840389085 1.0 1.0389479712102911e-06
0.7857547868329152 0.7840427539585985 0.03448386490345001
0.8397857238201829 0.5616549106187639 0.03929199278354645
0.9540855849755029 0.3514863249438381 0.026532305404543877
1.0 0.15735311383565267 0.015812262892723083
0.051164077121301096 0.4410452969137351 0.0843692198395729
0.3249769013237917 0.12376813519627554 0.07376410812139511
0.6241779780505124 0.05508458567528995 0.0523759201169014
0.8273108903351944 0.07856201636050042 0.043183792382478714
0.0 0.43518987559187 0.053638361394405365
0.31486074867906866 0.08217961045771524 0.0402769036591053
0.667977370875996 0.0386026410087726 0.012956184335052967
0.8971419900766555 0.10370133964657297 -0.0016538412310183048
0.05448777656681878 0.42599403952121107 0.02123373933136463
0.3239967253582475 0.06845240488589445 0.017396628856658936
0.6567314244512343 0.0285990277237916 0.011515568941831589
0.8496978225392555 0.1012479655736816 0.010615753009915352
0.1802304668483268 0.40541631024155844 -0.010225474834442139
0.3208394309112035 0.07112211480013605 -0.004645560868084431
0.5398259641670223 0.0 0.006666585803031921
0.6950961701914049 0.03345725279336183 0.01744564063847065
