0.5634273408127848 1.0 1.0943316510747536e-06
0.7871455639287361 0.7886102379089263 -0.02111506462097168
0.8513651492074237 0.5495008721354516 -0.03977731987833977
0.9571827952707568 0.33647499779125456 -0.06254757940769196
1.0 0.13361214769902194 -0.07864894717931747
0.06882223527420783 0.41684240421852764 0.0007825320353731513
0.30357629936388164 0.0778417804226281 -0.038684215396642685
0.6214780378219997 0.022241337677017126 -0.0727357417345047
0.8360047318978361 0.06451724237247579 -0.08732299506664276
0.0 0.4181582331883481 -0.005397556349635124
0.2866423435172004 0.04242091627876397 -0.04808298498392105
0.6559454006683059 0.0 -0.08188780397176743
0.8857057529391855 0.06503260618718519 -0.09752392023801804
0.04658057333612071 0.4089631073275298 -0.01608494482934475
0.28336568677225504 0.03774682198896952 -0.04748949408531189
0.6248789649554186 0.0008257426823077848 -0.05943630635738373
0.828988017613544 0.07783628134519709 -0.05937948077917099
0.16256541201689678 0.3897413707930083 -0.029481226578354836
0.29505125116555336 0.0662342913232579 -0.04754629731178284
0.5264199841385192 0.002225181934394366 -0.046300020068883896
0.6968308562213175 0.045018182198228555 -0.03881392627954483
