0.49904295802116394 0.6953080892562866 4.351829829829512e-07
0.6135983467102051 0.6586631536483765 -0.03249703720211983
0.708564817905426 0.6022998094558716 -0.037607405334711075
0.7395135760307312 0.515373706817627 -0.045601729303598404
0.7295300364494324 0.4361925721168518 -0.051446232944726944
0.6193695068359375 0.4708768129348755 0.052046164870262146
0.6581451296806335 0.390453577041626 0.03268466889858246
0.6970648765563965 0.3825700283050537 0.0029057010542601347
0.7269159555435181 0.3990366458892822 -0.015702562406659126
0.5744764804840088 0.4517883062362671 0.05458652973175049
0.6128208637237549 0.3567603826522827 0.028918765485286713
0.6553928256034851 0.3491300940513611 -0.011726646684110165
0.6891158223152161 0.37959378957748413 -0.0361064113676548
0.5291622877120972 0.44013768434524536 0.04726295545697212
0.5600348711013794 0.33966103196144104 0.02004806138575077
0.6058664321899414 0.3279752731323242 -0.010175883769989014
0.6429499387741089 0.3575301468372345 -0.02481873892247677
0.4779571294784546 0.4374386966228485 0.035663846880197525
0.5077037811279297 0.3526640832424164 0.011443600989878178
0.5519779920578003 0.32903265953063965 -0.006277003325521946
0.5957165360450745 0.339993953704834 -0.014348335564136505
