0.054092757892321444 1.0 5.531467195396544e-07
0.4517708956640445 0.8430326519300497 -0.01406488660722971
0.7411373599031034 0.6795731834888924 -0.02162218652665615
0.9412538634352872 0.4878602109522201 -0.033490199595689774
1.0 0.28521848709429176 -0.03959624096751213
0.12859415495529444 0.35500339903177625 0.05110128968954086
0.42217139637738377 0.09255956189179011 0.03753693401813507
0.7218368568111891 0.11755722714204193 0.012077685445547104
0.8974482088631298 0.20907850762796096 -0.0012687839334830642
0.043190722998161034 0.3090432438103358 0.04912171885371208
0.37937990085540085 0.011713014986667668 0.037703096866607666
0.7047031888294659 0.0503593392112427 0.006119453348219395
0.8832336586073397 0.1707616256892818 -0.013899055309593678
0.004138720354678167 0.2836223672664447 0.04127965867519379
0.3181166723643641 0.008253188752691784 0.03763149306178093
0.6296393287568308 0.04411721899164281 0.021485038101673126
0.7871128811025021 0.15774236370064507 0.011918418109416962
0.0 0.27699440690988897 0.030369030311703682
0.21771632555881354 0.013912606981568819 0.03302909433841705
0.47965642184912277 0.0 0.03339806944131851
0.6565494060325324 0.07443834107843607 0.0351276770234108
