0.0 1.0 3.603410902996984e-07
0.4263580037962632 0.8723825223059263 0.006776583846658468
0.7321795212185447 0.7100439565810817 0.008104387670755386
0.9397819713040286 0.524634611957832 -0.001751568983308971
1.0 0.3208547272049532 -0.008430546149611473
0.21315967945740677 0.38707693758105377 0.08386436849832535
0.4481923618153266 0.13501132943566052 0.07421612739562988
0.7204293303199868 0.1455920076009919 0.04997536167502403
0.8826739013701519 0.22307887784923502 0.03724214434623718
0.13769767632144622 0.33871022468023976 0.0687209963798523
0.40966389210730775 0.031168226993344386 0.05647992715239525
0.7190617309042401 0.06738240090075519 0.023431871086359024
0.8891547911184521 0.1944724976950813 0.004407072905451059
0.07592025509438535 0.3016072225557679 0.04746822640299797
0.3453022733447884 0.007800776566002139 0.03934851288795471
0.6644302730642552 0.04789311409642165 0.02010779082775116
0.8250584384557601 0.17417703309963695 0.010952357202768326
0.02882908156145359 0.2801622447634232 0.02477499283850193
0.23388168511721208 0.007809397519522307 0.023418139666318893
0.5001377618459085 0.0 0.02172473445534706
0.6738720286678227 0.08354692602502149 0.02294006384909153
