0.09721962086101292 1.0 5.731691885557666e-07
0.5225421785813438 0.8667216720013957 -0.024155110120773315
0.8658627464263938 0.7191260335626846 -0.03210577741265297
1.0 0.5127858416453923 -0.04586947709321976
0.9873591556623553 0.2859060733665731 -0.056593406945466995
0.42315678614331265 0.38786398037184566 0.057984646409749985
0.6265162614963561 0.17834459450841764 0.037525027990341187
0.8332190948325675 0.1670747620358374 0.006396158132702112
0.9674462337381715 0.20412892489847087 -0.012383488938212395
0.2859539114067143 0.33761642158141575 0.05308187007904053
0.4913537395176213 0.04595055688263527 0.02338818646967411
0.7326686246614356 0.053552130270194766 -0.017739860340952873
0.8803692648841033 0.1636533158144898 -0.03943214192986488
0.14409194339615122 0.310844530544232 0.039192844182252884
0.3215404220536983 0.0 0.01016206294298172
0.5848208691601655 0.0093698449407653 -0.016268465667963028
0.7503847800665329 0.11676691071998783 -0.02618507668375969
0.0 0.31520012441903705 0.021717049181461334
0.17029772412996091 0.06548402105074876 -0.002922029932960868
0.4080031375737071 0.040174069158773175 -0.016022635623812675
0.589910681432657 0.10746586109668857 -0.01927231065928936
