0.0 1.0 4.58795483382346e-07
0.45137659497689414 0.8698246464305909 -0.01391160674393177
0.7808888989556688 0.7426463695362582 -0.01710880547761917
0.9465011276223462 0.5484234279868176 -0.026318298652768135
1.0 0.3274554357967589 -0.033199433237314224
0.35727791296433664 0.390438621207852 0.062237370759248734
0.5971816905635435 0.19815159559978499 0.048726726323366165
0.8152359513081294 0.1934764189355236 0.022403741255402565
0.9484173906597556 0.23545854543715744 0.006402658764272928
0.26651345142009375 0.32658365227138736 0.056958381086587906
0.5208513613060549 0.0659760296901679 0.04008184373378754
0.753780662139018 0.07557735509649367 0.005516778212040663
0.900957385089852 0.17286104836809166 -0.01543542742729187
0.170406361015205 0.2854851059733426 0.044091466814279556
0.3801556999108918 0.00021207005497882406 0.028603488579392433
0.6253429068410462 0.017148227783230365 0.006942342966794968
0.7807149038162076 0.11995961033500675 -0.003857682691887021
0.06320373440928907 0.2748958312790454 0.028227554634213448
0.25217506793789507 0.023788767058919726 0.015418081544339657
0.4769971218732996 0.0 0.006841932889074087
0.6523976066917089 0.059937571258465126 0.003884502686560154
