0.5018736124038696 0.8621006011962891 1.6958532569333329e-06
0.3242601752281189 0.8040611743927002 -0.0368025116622448
0.24194398522377014 0.6909498572349548 -0.07779688388109207
0.1821797788143158 0.6047766208648682 -0.13519641757011414
0.20769676566123962 0.5341024398803711 -0.18293218314647675
0.44044286012649536 0.512370765209198 -0.007007461041212082
0.3947356939315796 0.37443646788597107 -0.0793394148349762
0.3547314405441284 0.2736704349517822 -0.11804557591676712
0.32070425152778625 0.20512953400611877 -0.1393188238143921
0.5309848189353943 0.5105093121528625 -0.04989263042807579
0.5386241674423218 0.35003235936164856 -0.15247808396816254
0.47466757893562317 0.2517067492008209 -0.1991303563117981
0.41256698966026306 0.17914354801177979 -0.20507293939590454
0.5844308137893677 0.5339221358299255 -0.1024378165602684
0.34222277998924255 0.4515393376350403 -0.22603070735931396
0.2665747404098511 0.5453400015830994 -0.21464869379997253
0.27664798498153687 0.6165353655815125 -0.16217201948165894
0.5823373794555664 0.5829126834869385 -0.160562664270401
0.3393855690956116 0.5479124188423157 -0.2494654655456543
0.28620511293411255 0.6171106696128845 -0.23678997159004211
0.3115210235118866 0.6710290312767029 -0.19784311950206757
