0.6684793829917908 0.8987655639648438 1.9686963241838384e-06
0.4467313885688782 0.850944995880127 -0.20800907909870148
0.3013880252838135 0.7315852642059326 -0.31767332553863525
0.4185742735862732 0.6121832132339478 -0.414281964302063
0.5884784460067749 0.5091622471809387 -0.4949159622192383
0.2946760058403015 0.5522058606147766 -0.1638757437467575
0.3182169795036316 0.3893781006336212 -0.32170915603637695
0.3772576153278351 0.29293346405029297 -0.41312581300735474
0.4330441951751709 0.20876184105873108 -0.461992084980011
0.48731887340545654 0.5446645617485046 -0.1645936518907547
0.39048266410827637 0.3542305827140808 -0.3215199112892151
0.32492202520370483 0.2652549147605896 -0.3771599531173706
0.28892210125923157 0.18801987171173096 -0.3840617537498474
0.684596836566925 0.5777663588523865 -0.19449549913406372
0.6830475926399231 0.4724111258983612 -0.429036021232605
0.6425780057907104 0.5930083990097046 -0.40887749195098877
0.6294428110122681 0.6688885688781738 -0.3215896189212799
0.8758006691932678 0.6357564330101013 -0.24056179821491241
0.8334540724754333 0.5586249232292175 -0.40917959809303284
0.7672899961471558 0.6449071168899536 -0.3681528568267822
0.7417054176330566 0.7018077969551086 -0.2925914525985718
