0.595223605632782 0.8820948004722595 2.292254293934093e-06
0.3794459104537964 0.8204591274261475 -0.21329395473003387
0.29397711157798767 0.6993865370750427 -0.3376958966255188
0.4917982220649719 0.5908428430557251 -0.44638746976852417
0.7291443347930908 0.5038085579872131 -0.5412019491195679
0.3465989828109741 0.5317505598068237 -0.214583158493042
0.4061773419380188 0.3836977481842041 -0.3987812101840973
0.47718119621276855 0.2933300733566284 -0.5081167817115784
0.5433311462402344 0.21576407551765442 -0.5679391026496887
0.564715564250946 0.5350398421287537 -0.22181473672389984
0.5332733392715454 0.34814319014549255 -0.39774322509765625
0.5003519654273987 0.25897926092147827 -0.47273316979408264
0.49286210536956787 0.18292126059532166 -0.4910522401332855
0.7702451348304749 0.5824995040893555 -0.25381505489349365
0.7638083696365356 0.5051538348197937 -0.49879077076911926
0.6462405323982239 0.6067286133766174 -0.5029096007347107
0.5889437198638916 0.6758257150650024 -0.4311968684196472
0.9460575580596924 0.6569997668266296 -0.300763875246048
0.8417003750801086 0.6212849617004395 -0.4781549572944641
0.722395122051239 0.6906927227973938 -0.4556906819343567
0.6729979515075684 0.7391602396965027 -0.3907635509967804
