0.771458089351654 0.7989205121994019 1.9334374883328564e-06
0.8414568901062012 0.7067185640335083 -0.01217554323375225
0.7998270988464355 0.5873838663101196 -0.047781944274902344
0.641869306564331 0.5133068561553955 -0.08929023146629333
0.48453032970428467 0.48264825344085693 -0.1326337605714798
0.8331448435783386 0.5366230607032776 -0.12356562912464142
0.7477232813835144 0.38920533657073975 -0.2052081972360611
0.6727665662765503 0.291167289018631 -0.2390349954366684
0.6057450175285339 0.21972450613975525 -0.25777316093444824
0.7748181819915771 0.5385875701904297 -0.16498839855194092
0.7012619972229004 0.39326298236846924 -0.26071634888648987
0.6319863796234131 0.31090110540390015 -0.2893063724040985
0.5778165459632874 0.2513893246650696 -0.2948637306690216
0.6760122179985046 0.5692028403282166 -0.2008029967546463
0.366666704416275 0.4505663812160492 -0.30425307154655457
0.2794910967350006 0.4976102113723755 -0.28858041763305664
0.292104572057724 0.5470377206802368 -0.247844859957695
0.556452751159668 0.6242614388465881 -0.23467889428138733
0.2781754732131958 0.5584447383880615 -0.3132260739803314
0.19373923540115356 0.5786487460136414 -0.3014753758907318
0.18735474348068237 0.6048176288604736 -0.271232545375824
