0.46771639585494995 0.845821738243103 -2.420879354758654e-07
0.3080355226993561 0.7848082780838013 -0.03035852499306202
0.19576799869537354 0.6648089289665222 -0.05130346491932869
0.1468375027179718 0.5670192837715149 -0.08990059047937393
0.14713186025619507 0.49994879961013794 -0.12878036499023438
0.3048160970211029 0.5143832564353943 -0.0005315950256772339
0.2916606664657593 0.34685760736465454 -0.05566494166851044
0.2541666328907013 0.2575506865978241 -0.08847963809967041
0.230497345328331 0.1837514042854309 -0.11305098980665207
0.38234251737594604 0.5133511424064636 -0.037002529948949814
0.32211220264434814 0.35718151926994324 -0.14118176698684692
0.20025932788848877 0.3863581418991089 -0.17968228459358215
0.13558053970336914 0.43831226229667664 -0.1797829121351242
0.4595631957054138 0.524081289768219 -0.08295335620641708
0.3658061921596527 0.3768336772918701 -0.19118785858154297
0.22824504971504211 0.44162049889564514 -0.20868998765945435
0.1722811460494995 0.5203065276145935 -0.18861167132854462
0.5393156409263611 0.5472900867462158 -0.13205544650554657
0.4220895767211914 0.44613587856292725 -0.20659740269184113
0.3072086572647095 0.4812181890010834 -0.2169272005558014
0.257912278175354 0.5401230454444885 -0.20587317645549774
