0.4783775210380554 0.8501949310302734 1.2022411510770326e-06
0.29748767614364624 0.8005703687667847 -0.03844927251338959
0.17435291409492493 0.6811500787734985 -0.06679027527570724
0.16604971885681152 0.5736130475997925 -0.11111345142126083
0.23530679941177368 0.5014623999595642 -0.15649254620075226
0.2625749707221985 0.5037614703178406 -0.019003670662641525
0.23758143186569214 0.3545200824737549 -0.08264844864606857
0.2244984358549118 0.2661111354827881 -0.12891237437725067
0.21400701999664307 0.19129547476768494 -0.16122251749038696
0.3711588978767395 0.4979466199874878 -0.05704384297132492
0.35641735792160034 0.3188370168209076 -0.13578282296657562
0.2903333306312561 0.2273993343114853 -0.19420422613620758
0.23205441236495972 0.1587495505809784 -0.22581510245800018
0.4862555265426636 0.5179397463798523 -0.10215560346841812
0.4015716314315796 0.387724906206131 -0.2146824151277542
0.2916414439678192 0.46379339694976807 -0.2420264184474945
0.2371762990951538 0.5398553013801575 -0.23068594932556152
0.5980920791625977 0.5596051216125488 -0.1491049826145172
0.48234686255455017 0.48206520080566406 -0.23556694388389587
0.400881826877594 0.5404247641563416 -0.23783496022224426
0.3791067600250244 0.6012843251228333 -0.2204311639070511
