0.5461393594741821 0.8692900538444519 1.4089131354921847e-06
0.3251807391643524 0.8051217198371887 -0.056629255414009094
0.18270765244960785 0.697998046875 -0.09572169184684753
0.16978329420089722 0.5725094676017761 -0.15429255366325378
0.31036093831062317 0.5280648469924927 -0.21284034848213196
0.31697529554367065 0.5117095112800598 0.00021106013446114957
0.31502142548561096 0.36271774768829346 -0.06671527773141861
0.33124104142189026 0.27437248826026917 -0.12022020667791367
0.3500594198703766 0.19094976782798767 -0.1608114242553711
0.42853307723999023 0.5025908350944519 -0.034167490899562836
0.4024121165275574 0.334494948387146 -0.11491017788648605
0.36236464977264404 0.24694611132144928 -0.16886886954307556
0.33277806639671326 0.16988885402679443 -0.20142704248428345
0.5460017323493958 0.5199825763702393 -0.08279996365308762
0.5078539848327637 0.3745753765106201 -0.20117689669132233
0.4229458272457123 0.4553045332431793 -0.22389096021652222
0.3771198093891144 0.5400081276893616 -0.20667465031147003
0.6721324324607849 0.5583785772323608 -0.13788914680480957
0.6309298276901245 0.4428645074367523 -0.21969689428806305
0.553477942943573 0.48480024933815 -0.22350957989692688
0.5014352202415466 0.5517890453338623 -0.20909447968006134
