0.516764760017395 0.8231756091117859 1.7662464415479917e-06
0.30744796991348267 0.7685356140136719 -0.04938025400042534
0.1941480189561844 0.6363419890403748 -0.0679519921541214
0.2471221685409546 0.5285122394561768 -0.10429663956165314
0.3413850963115692 0.46118441224098206 -0.14171095192432404
0.2686966359615326 0.5330619812011719 -0.011193608865141869
0.24182242155075073 0.4047459065914154 -0.09927059710025787
0.2495017647743225 0.3201013207435608 -0.16193512082099915
0.2612835764884949 0.2448142170906067 -0.20095233619213104
0.41404205560684204 0.5230369567871094 -0.0511038713157177
0.359334260225296 0.37235474586486816 -0.15211178362369537
0.31290167570114136 0.2779881954193115 -0.21765081584453583
0.27633142471313477 0.18864673376083374 -0.24626746773719788
0.5740301609039307 0.5389001965522766 -0.1013113260269165
0.48082345724105835 0.43403926491737366 -0.2585202753543854
0.4291788339614868 0.5391893982887268 -0.26163604855537415
0.41790997982025146 0.6251378655433655 -0.21091444790363312
0.7363731861114502 0.5767319798469543 -0.154481902718544
0.6261029243469238 0.5106729865074158 -0.2767508029937744
0.5510434508323669 0.5805807709693909 -0.25850313901901245
0.5232692360877991 0.6476351022720337 -0.2101200968027115
