0.48922017216682434 0.8841462731361389 5.036545758230204e-07
0.3144557476043701 0.7904717326164246 -0.14860936999320984
0.2878204584121704 0.635412335395813 -0.20303185284137726
0.4718252718448639 0.5282542705535889 -0.2581874430179596
0.7132543325424194 0.46388858556747437 -0.29688847064971924
0.4300898015499115 0.47042468190193176 -0.015869837254285812
0.5551950931549072 0.3220366835594177 -0.09894771873950958
0.6606420874595642 0.2468090057373047 -0.14116647839546204
0.7560102939605713 0.1901194006204605 -0.15937794744968414
0.6100780367851257 0.4900382161140442 -0.01744440197944641
0.6769795417785645 0.30490073561668396 -0.11721738427877426
0.6908014416694641 0.22597968578338623 -0.15371187031269073
0.7090250253677368 0.17637163400650024 -0.14815157651901245
0.7684653997421265 0.5471822023391724 -0.04752785339951515
0.7980629205703735 0.454044371843338 -0.23428340256214142
0.6622431874275208 0.5522827506065369 -0.2439757138490677
0.5897465944290161 0.6272889375686646 -0.18418994545936584
0.9038837552070618 0.624110758304596 -0.08777978271245956
0.8988280296325684 0.5436750650405884 -0.2216787338256836
0.7608202695846558 0.6118241548538208 -0.20163007080554962
0.6907089352607727 0.6729973554611206 -0.14704598486423492
