0.6718047261238098 0.8584890365600586 1.139453956966463e-06
0.42570894956588745 0.7884174585342407 -0.1721755564212799
0.3185950517654419 0.6470907330513 -0.23745708167552948
0.4698413610458374 0.5228101015090942 -0.2962513566017151
0.6396770477294922 0.42239537835121155 -0.343482106924057
0.3485363721847534 0.4838286340236664 -0.07178106904029846
0.4080177843570709 0.3289169371128082 -0.2066592276096344
0.48284265398979187 0.23196159303188324 -0.2868344485759735
0.5611265301704407 0.14906606078147888 -0.333546906709671
0.5555472373962402 0.4847336411476135 -0.06710509210824966
0.5566916465759277 0.3200254440307617 -0.2002084106206894
0.5053877234458923 0.2665724754333496 -0.23740433156490326
0.5022698640823364 0.21166449785232544 -0.23500898480415344
0.7573938369750977 0.517285943031311 -0.0943044051527977
0.7760112881660461 0.39919739961624146 -0.29147371649742126
0.692836344242096 0.5100232362747192 -0.2542923092842102
0.6838610172271729 0.5843862295150757 -0.16644373536109924
0.9446895122528076 0.5775797963142395 -0.1383432000875473
0.9230202436447144 0.47728243470191956 -0.2859649658203125
0.8313183784484863 0.5544056296348572 -0.24758736789226532
0.8091803789138794 0.6141376495361328 -0.17857371270656586
