0.6796804666519165 0.8463280200958252 2.600647576400661e-06
0.43696919083595276 0.7760931849479675 -0.11970338970422745
0.30737125873565674 0.6427609324455261 -0.17367935180664062
0.4163954555988312 0.5113686323165894 -0.23107659816741943
0.5509308576583862 0.41605469584465027 -0.28206196427345276
0.314164936542511 0.49690455198287964 -0.039300378412008286
0.3170838952064514 0.35107123851776123 -0.17116956412792206
0.3696056306362152 0.2464330792427063 -0.2643667459487915
0.4313051998615265 0.15891152620315552 -0.3190196752548218
0.4787978529930115 0.49519455432891846 -0.06522863358259201
0.39576342701911926 0.3240184783935547 -0.19579435884952545
0.3392307162284851 0.24393734335899353 -0.26315736770629883
0.32083797454833984 0.1643417775630951 -0.28483694791793823
0.6618969440460205 0.5264191627502441 -0.11354489624500275
0.6470731496810913 0.4161548614501953 -0.30707451701164246
0.5792388916015625 0.5459076166152954 -0.2880792021751404
0.5578354597091675 0.6271054148674011 -0.21267332136631012
0.8447357416152954 0.5840803384780884 -0.17262060940265656
0.7741100788116455 0.520526111125946 -0.3176271319389343
0.7107500433921814 0.6087944507598877 -0.2787684500217438
0.6951445937156677 0.658561110496521 -0.20898202061653137
