0.673664391040802 0.8867813348770142 2.07234688787139e-06
0.4322873651981354 0.8116399049758911 -0.10811121761798859
0.32115089893341064 0.6679373979568481 -0.15641668438911438
0.418101042509079 0.5313276648521423 -0.21388493478298187
0.5744073987007141 0.44135159254074097 -0.2645704746246338
0.3799726366996765 0.5284383893013 -0.026267850771546364
0.3828698694705963 0.3840485215187073 -0.15621435642242432
0.42989394068717957 0.278237521648407 -0.2518332898616791
0.5044329762458801 0.1875886619091034 -0.31360340118408203
0.546371579170227 0.526606559753418 -0.05799984186887741
0.477984219789505 0.35396045446395874 -0.21367105841636658
0.43165579438209534 0.2582227885723114 -0.3113465905189514
0.4351044297218323 0.16979318857192993 -0.3588201403617859
0.7205265164375305 0.5558679103851318 -0.10782544314861298
0.7423073053359985 0.43344396352767944 -0.3194151222705841
0.6287707090377808 0.551665723323822 -0.3147521913051605
0.564116895198822 0.6379908323287964 -0.2505974769592285
0.8947250843048096 0.6090689897537231 -0.1668718308210373
0.8445237278938293 0.5306709408760071 -0.32232141494750977
0.7586284279823303 0.6118218302726746 -0.29325640201568604
0.7139291763305664 0.6716359257698059 -0.2324945628643036
