0.6334170699119568 0.8667400479316711 2.1201660729275318e-06
0.4120514988899231 0.7983402013778687 -0.1765054613351822
0.30439096689224243 0.6697598695755005 -0.2643173038959503
0.4375338852405548 0.5525634288787842 -0.3454614579677582
0.6064730286598206 0.46035492420196533 -0.4132111072540283
0.35332831740379333 0.5125315189361572 -0.11617108434438705
0.390514612197876 0.3631935119628906 -0.26344436407089233
0.4611063599586487 0.2715296745300293 -0.35621723532676697
0.5360680818557739 0.19034793972969055 -0.4101898968219757
0.5342977046966553 0.5207251906394958 -0.12689624726772308
0.4944647252559662 0.3428323566913605 -0.2751668095588684
0.4480802118778229 0.25489696860313416 -0.34236210584640503
0.4366808831691742 0.17343750596046448 -0.3642228841781616
0.721350371837616 0.5622667074203491 -0.1640806943178177
0.7540311217308044 0.459352970123291 -0.385233074426651
0.6394155025482178 0.5739101767539978 -0.37158578634262085
0.5809807777404785 0.6458835601806641 -0.29633408784866333
0.8954095840454102 0.6274893879890442 -0.2162390798330307
0.8403641581535339 0.5682557225227356 -0.382686048746109
0.739658534526825 0.6471264362335205 -0.35374096035957336
0.7022367715835571 0.6937084197998047 -0.29054874181747437
