0.5612698197364807 0.8777848482131958 2.190398163293139e-06
0.37152424454689026 0.7914392948150635 -0.18696516752243042
0.3160563111305237 0.6540473699569702 -0.2594585716724396
0.5225090384483337 0.548507809638977 -0.3201998472213745
0.7384741306304932 0.4646160304546356 -0.3661031424999237
0.34225791692733765 0.4771856963634491 -0.0818808376789093
0.4108670651912689 0.3533395528793335 -0.2153140753507614
0.5023275017738342 0.259481817483902 -0.31893041729927063
0.58543860912323 0.17594799399375916 -0.3908658027648926
0.537676990032196 0.479516863822937 -0.08115746825933456
0.48537060618400574 0.32818207144737244 -0.22404523193836212
0.43659326434135437 0.2534579634666443 -0.2934551239013672
0.41140562295913696 0.1808103322982788 -0.31821414828300476
0.726578414440155 0.525138258934021 -0.11023420840501785
0.7528728246688843 0.4668796956539154 -0.3225315511226654
0.6690034866333008 0.5819728374481201 -0.30739468336105347
0.6242887377738953 0.6428168416023254 -0.23346659541130066
0.8860857486724854 0.6017464399337769 -0.15709832310676575
0.8825404644012451 0.5584420561790466 -0.3171001970767975
0.7843540906906128 0.6391797065734863 -0.2864020764827728
0.7420593500137329 0.6809960603713989 -0.22287096083164215
