0.4698323607444763 0.8151040077209473 1.4169479527481599e-06
0.2998136878013611 0.7491048574447632 -0.038137711584568024
0.18968410789966583 0.6393792033195496 -0.06276310980319977
0.16516222059726715 0.5304819941520691 -0.105494424700737
0.2588109076023102 0.4890737533569336 -0.14614364504814148
0.36720341444015503 0.49137699604034424 0.016456933692097664
0.3817059397697449 0.3494865298271179 -0.02451065182685852
0.37221255898475647 0.26073047518730164 -0.05151265114545822
0.3674633502960205 0.18944832682609558 -0.07179869711399078
0.4511857330799103 0.4851008355617523 -0.013233287259936333
0.4669566750526428 0.3242291510105133 -0.07528826594352722
0.41100990772247314 0.23170378804206848 -0.11535603553056717
0.3638230264186859 0.16590172052383423 -0.13633690774440765
0.5408246517181396 0.5007187724113464 -0.05437980592250824
0.5029572248458862 0.3661821484565735 -0.15060487389564514
0.36997324228286743 0.4062509536743164 -0.18417198956012726
0.2885816991329193 0.4729911983013153 -0.17796137928962708
0.6376264691352844 0.5289525389671326 -0.09926208108663559
0.6150805354118347 0.4080009162425995 -0.16626280546188354
0.5150257349014282 0.40420499444007874 -0.18505913019180298
0.43366047739982605 0.4355999231338501 -0.18544717133045197
