0.508205771446228 0.8542701005935669 2.7045355182053754e-06
0.29652947187423706 0.7736038565635681 -0.04173114523291588
0.2265491634607315 0.6306453943252563 -0.06851162761449814
0.31779056787490845 0.5206016302108765 -0.1167498454451561
0.4170943796634674 0.44529014825820923 -0.16819357872009277
0.3380294442176819 0.5409775972366333 -0.015512056648731232
0.32834282517433167 0.407787024974823 -0.11213670670986176
0.3369333744049072 0.31534069776535034 -0.17965015769004822
0.3573806881904602 0.2344280481338501 -0.22181110084056854
0.4842062294483185 0.5368185639381409 -0.06988180428743362
0.43692827224731445 0.3708813786506653 -0.17769759893417358
0.39727869629859924 0.26735565066337585 -0.25485101342201233
0.38740959763526917 0.17653226852416992 -0.29109489917755127
0.6473280191421509 0.56203693151474 -0.13228149712085724
0.5425225496292114 0.4595305919647217 -0.29349908232688904
0.44106176495552063 0.5617502927780151 -0.3008057475090027
0.4067034125328064 0.6448208093643188 -0.25212618708610535
0.8119784593582153 0.6110383868217468 -0.19663916528224945
0.6649455428123474 0.5508326888084412 -0.3171473443508148
0.5575298070907593 0.6219273209571838 -0.2933168113231659
0.5145822763442993 0.6855177879333496 -0.24145451188087463
