0.48482948541641235 0.8522364497184753 2.2390811409422895e-06
0.26887047290802 0.7890175580978394 -0.06773599237203598
0.2106517255306244 0.6434544324874878 -0.0911475270986557
0.3287026286125183 0.5386109948158264 -0.1256742775440216
0.466180682182312 0.4700532555580139 -0.1609298139810562
0.35449305176734924 0.5586088299751282 -0.03206741064786911
0.36174631118774414 0.41854381561279297 -0.11281850934028625
0.3987111449241638 0.32281816005706787 -0.1606227606534958
0.44624972343444824 0.24310308694839478 -0.18930365145206451
0.5278140306472778 0.5637786388397217 -0.06387907266616821
0.5196593403816223 0.4088352918624878 -0.1538143903017044
0.5041474103927612 0.31370630860328674 -0.20759572088718414
0.5103610157966614 0.23394283652305603 -0.22826281189918518
0.7024396657943726 0.5939662456512451 -0.10659428685903549
0.6245312094688416 0.47693315148353577 -0.2729266285896301
0.5015907287597656 0.5716801285743713 -0.28205469250679016
0.4489781856536865 0.6554729342460632 -0.23209241032600403
0.8728703260421753 0.6430277824401855 -0.15081822872161865
0.7294913530349731 0.5752695202827454 -0.29480603337287903
0.610191822052002 0.6452484726905823 -0.285808265209198
0.5604943037033081 0.7104820609092712 -0.239547461271286
