0.5335310697555542 0.8336179852485657 1.6320927898050286e-06
0.32538798451423645 0.7600297927856445 -0.08090313524007797
0.22963905334472656 0.664657711982727 -0.14113932847976685
0.27772945165634155 0.5880731344223022 -0.21404477953910828
0.36382603645324707 0.5251969695091248 -0.2804892659187317
0.28639402985572815 0.4598925709724426 -0.03830484673380852
0.34507912397384644 0.3208358585834503 -0.1373191773891449
0.4208837151527405 0.2372828722000122 -0.21688559651374817
0.48919185996055603 0.16015926003456116 -0.27011141180992126
0.4337911903858185 0.45948919653892517 -0.06881813704967499
0.44646698236465454 0.29939335584640503 -0.1748107522726059
0.4619341492652893 0.21412979066371918 -0.2457638829946518
0.4795738458633423 0.1379804015159607 -0.28713613748550415
0.5854193568229675 0.48850125074386597 -0.11586044728755951
0.6095151901245117 0.3752525746822357 -0.2566806972026825
0.5250058770179749 0.445248544216156 -0.2831372320652008
0.459983229637146 0.513020396232605 -0.26403549313545227
0.7427109479904175 0.5419027209281921 -0.17039266228675842
0.7571074962615967 0.4518471956253052 -0.2680956721305847
0.6766493320465088 0.4830482006072998 -0.267739862203598
0.6050834059715271 0.5248419642448425 -0.245338574051857
