0.405928373336792 0.7948828935623169 1.6372208619941375e-06
0.2700176239013672 0.7636358737945557 -0.06488438695669174
0.16819795966148376 0.6545025110244751 -0.10918310284614563
0.17959368228912354 0.5421668291091919 -0.1592642217874527
0.2538692355155945 0.45692548155784607 -0.20691129565238953
0.2048804759979248 0.48807328939437866 -0.05039350315928459
0.19025790691375732 0.3505074977874756 -0.1304505318403244
0.195785254240036 0.25108423829078674 -0.1806967556476593
0.20919924974441528 0.16803622245788574 -0.20884723961353302
0.30000126361846924 0.4721011817455292 -0.07241635024547577
0.2528606951236725 0.3033985495567322 -0.1522218883037567
0.21060581505298615 0.21506541967391968 -0.18803422152996063
0.18060079216957092 0.13562124967575073 -0.19591394066810608
0.4069652557373047 0.4903290569782257 -0.10476319491863251
0.3298133313655853 0.39503636956214905 -0.2231389284133911
0.2913256585597992 0.5128052234649658 -0.2160222828388214
0.2948912978172302 0.5983483195304871 -0.17108507454395294
0.5088725090026855 0.5367563366889954 -0.14181356132030487
0.41786807775497437 0.4805276393890381 -0.2295914739370346
0.37371623516082764 0.5618755221366882 -0.2108169049024582
0.3731675446033478 0.6257236003875732 -0.17114998400211334
