0.6287083043468339 1.0 9.708126071927836e-07
0.9813926067047741 0.8935692807934379 -0.07107453048229218
1.0 0.6917153110672272 -0.08700484782457352
0.5470058028731261 0.5654922440558975 -0.09549210220575333
0.12645117958012864 0.4802343396931368 -0.09822534769773483
0.9316015768655689 0.4950313842042663 -0.024440931156277657
0.6831627808753196 0.2929638656166195 -0.061175331473350525
0.48233813709011925 0.16050232714004162 -0.08461957424879074
0.2797452697685667 0.056474655821701705 -0.0982273668050766
0.5884491727616454 0.5209975376139754 -0.021668104454874992
0.43116321137049524 0.2673472402243353 -0.06462088972330093
0.355583517156129 0.1195222566400792 -0.08784662932157516
0.26400975226719803 0.0 -0.09202449023723602
0.28802092947644 0.5973611245661937 -0.029720548540353775
0.14759304167360499 0.4657466453179718 -0.1217532679438591
0.3660393683168655 0.6119980929680985 -0.13521429896354675
0.49326086011821446 0.7042930408487836 -0.11246373504400253
0.001143568710110378 0.7097542022789168 -0.04127378761768341
0.0 0.6134066649728741 -0.1273983120918274
0.2166921868364125 0.730519617314966 -0.1304081678390503
0.32481651800047495 0.8123593224269122 -0.10998641699552536
