0.4498306214809418 0.7493658065795898 8.384386660509335e-07
0.5161236524581909 0.6812596321105957 -0.07890430837869644
0.5363743305206299 0.5708231925964355 -0.09302330017089844
0.4654207229614258 0.4873918294906616 -0.09618677198886871
0.39984244108200073 0.4327770173549652 -0.0916416123509407
0.5577341318130493 0.4625129699707031 -0.02382543683052063
0.5231980681419373 0.34252089262008667 -0.059045542031526566
0.4928843677043915 0.2578020393848419 -0.08165746927261353
0.4613858759403229 0.19063785672187805 -0.09260905534029007
0.49415290355682373 0.46954599022865295 -0.009809810668230057
0.4892168939113617 0.32982560992240906 -0.05012292414903641
0.4790751039981842 0.24489936232566833 -0.0719517171382904
0.46890369057655334 0.17716357111930847 -0.07352239638566971
0.4352341592311859 0.5029714703559875 -0.008020536974072456
0.3950704336166382 0.443962424993515 -0.09462632983922958
0.4166085124015808 0.5278789401054382 -0.11498647928237915
0.44202426075935364 0.5809230804443359 -0.09538139402866364
0.3810620903968811 0.5526583194732666 -0.010099881328642368
0.3632848262786865 0.5043869018554688 -0.08432842046022415
0.3876380920410156 0.5721559524536133 -0.0890124961733818
0.41045621037483215 0.6209703683853149 -0.07037738710641861
