0.5000505447387695 0.7242687940597534 7.528270771217649e-07
0.5765038728713989 0.6584622859954834 -0.08083052933216095
0.6072350740432739 0.5498338937759399 -0.08988069742918015
0.5440961122512817 0.4563567042350769 -0.08487142622470856
0.48520034551620483 0.39841482043266296 -0.07116299867630005
0.6520130634307861 0.47199779748916626 -0.026730619370937347
0.6288734078407288 0.35697638988494873 -0.061613477766513824
0.596876323223114 0.26808780431747437 -0.08565502613782883
0.565942645072937 0.19494938850402832 -0.09801799058914185
0.5869120955467224 0.4614800810813904 -0.00855616107583046
0.6008637547492981 0.3241901397705078 -0.04375092312693596
0.6044257283210754 0.24392706155776978 -0.06255312263965607
0.6099202632904053 0.18225902318954468 -0.06366042792797089
0.5236943364143372 0.47641319036483765 -0.0029389136470854282
0.481920063495636 0.41133275628089905 -0.08256737142801285
0.49019548296928406 0.4967193901538849 -0.10229363292455673
0.5095332264900208 0.5551369190216064 -0.08421292901039124
0.46654924750328064 0.5116136074066162 -0.0019227953162044287
0.4478626847267151 0.46616166830062866 -0.06718851625919342
0.4661461412906647 0.5294262170791626 -0.07046206295490265
0.48323124647140503 0.5806219577789307 -0.05300628021359444
