0.3089162558921767 1.0 9.743907867232338e-07
0.6360029756043554 0.8900296877563822 -0.08359703421592712
0.8102672557128763 0.6946526967730704 -0.10388772189617157
0.5357921260629432 0.5127999122550425 -0.1121213361620903
0.2760622574421952 0.3918462279334596 -0.11340586096048355
1.0 0.5541872229857592 -0.04244745522737503
0.881758918239955 0.3252156780187515 -0.09158246964216232
0.7251126261839467 0.16745117705216775 -0.1228264793753624
0.5805663005213432 0.04025499081019237 -0.1377178579568863
0.6673565571561962 0.5490376470750531 -0.02867255173623562
0.69270663402026 0.28889133488428437 -0.08389107882976532
0.6851540906476667 0.13179317876218405 -0.11202416568994522
0.698495810933019 0.0 -0.11558189988136292
0.36278527639219976 0.5839984557198356 -0.02582554519176483
0.19485701520526968 0.4746724355025502 -0.12415451556444168
0.23703500670662225 0.6316608132787888 -0.14009904861450195
0.3221668562548928 0.7378442583350666 -0.11451680958271027
0.0821711869006783 0.6531475443312648 -0.026941558346152306
0.0 0.572666610255493 -0.10827876627445221
0.0615978025401883 0.7032755429680704 -0.10612527281045914
0.1336655781265156 0.796130925346936 -0.07981852442026138
