0.4780794378612806 1.0 1.1078346915383008e-06
0.8322099566140941 0.8948234378577214 -0.0746670663356781
0.8955472684370478 0.7070352427879926 -0.08643049746751785
0.5200818888650317 0.5823630002550949 -0.0886283740401268
0.16836439227496539 0.4988422906562823 -0.08432409912347794
1.0 0.5172060854411442 -0.02124382182955742
0.8820160122527763 0.3168444922883324 -0.059081628918647766
0.7372899029521365 0.18376379739004373 -0.08337882906198502
0.5716957840156658 0.0723175661884705 -0.09491413831710815
0.6688927708283462 0.5193542960588414 -0.010564015246927738
0.7514114855201852 0.2761572291083552 -0.054483551532030106
0.7394782591146001 0.1256531390996279 -0.0790511816740036
0.7077833945056479 0.0 -0.08100469410419464
0.35434957861459987 0.5717245325358571 -0.011686334386467934
0.17327579005908308 0.4762311372039273 -0.10293121635913849
0.2874246184602292 0.6321924242022606 -0.12247670441865921
0.40584574485678837 0.7296262238209006 -0.09973540157079697
0.07168779526830699 0.6611480569930657 -0.016148118302226067
0.0 0.5820269622125475 -0.09351193904876709
0.14167735103228632 0.709663739452625 -0.09485793858766556
0.254941110318154 0.8036219021587986 -0.07176250964403152
