0.5017865300178528 0.9177548289299011 1.5606437955284491e-06
0.6000653505325317 0.8635631799697876 -0.11749773472547531
0.6191493272781372 0.7252569198608398 -0.14289289712905884
0.505063533782959 0.6284030079841614 -0.1508559137582779
0.4015638828277588 0.5659169554710388 -0.14762993156909943
0.6668022871017456 0.554592490196228 -0.05244920402765274
0.6278460621833801 0.39134857058525085 -0.10659892112016678
0.5839170813560486 0.28504541516304016 -0.14017131924629211
0.5348617434501648 0.19726765155792236 -0.15730668604373932
0.577376127243042 0.5454847812652588 -0.03048105537891388
0.6010421514511108 0.35314732789993286 -0.09212380647659302
0.5954011678695679 0.22850969433784485 -0.12772904336452484
0.5859355330467224 0.12673714756965637 -0.1330103874206543
0.4915614426136017 0.5748907327651978 -0.02538270689547062
0.42746543884277344 0.4856930375099182 -0.14724256098270416
0.4453665316104889 0.607007622718811 -0.178180992603302
0.4729132056236267 0.6845232248306274 -0.15212301909923553
0.4143177270889282 0.6327081322669983 -0.02657012827694416
0.37706851959228516 0.5765118598937988 -0.1317756474018097
0.4112773537635803 0.665867030620575 -0.14261853694915771
0.4433753192424774 0.7304419279098511 -0.11843075603246689
