0.4790865550267401 1.0 9.60328065957583e-07
0.8945635728496415 0.9236057010072457 -0.06100993603467941
1.0 0.7160387169604452 -0.08066815137863159
0.6248793007099531 0.5754546857502143 -0.09632191061973572
0.24314005358337046 0.5006483135477662 -0.10829481482505798
0.8523114977704285 0.5050974393662866 -0.028306156396865845
0.7614198058711817 0.299912447269031 -0.06589984893798828
0.6433514185810925 0.16541156779836302 -0.0906384214758873
0.4930618658317712 0.05568871668822624 -0.10537783056497574
0.5360995848307113 0.5229117513553323 -0.030063556507229805
0.5712203231797599 0.2621301899492803 -0.07527752965688705
0.6288764315472861 0.11335435338362276 -0.09747297316789627
0.6143927957345339 0.0 -0.10168293863534927
0.26032908324896126 0.5902383615086709 -0.04094546288251877
0.21051267450655228 0.45729783076113584 -0.1282237470149994
0.4012877194871776 0.6105676711070238 -0.13622520864009857
0.4871036941166821 0.719874001815166 -0.11170739680528641
0.0 0.6925428143132611 -0.05465982109308243
0.07712869466769298 0.575747257496057 -0.1278141587972641
0.2503140762225258 0.6966650738891216 -0.1220865324139595
0.3030604680774964 0.7934616473295399 -0.09864233434200287
