0.2869410812854767 0.882328987121582 8.451667667941365e-07
0.36107519268989563 0.8055504560470581 -0.09833186119794846
0.3676825761795044 0.676453709602356 -0.10626974701881409
0.2675696015357971 0.5944383144378662 -0.09689659625291824
0.18587589263916016 0.5475713610649109 -0.07477376610040665
0.41404104232788086 0.5738523006439209 -0.021256200969219208
0.3627794682979584 0.4494968056678772 -0.06184862554073334
0.3115939497947693 0.36766988039016724 -0.0903393030166626
0.26170647144317627 0.2984526455402374 -0.10535678267478943
0.34039419889450073 0.5836897492408752 0.0002743276709225029
0.32851356267929077 0.42785781621932983 -0.04048498347401619
0.3190944492816925 0.33950796723365784 -0.06514815241098404
0.3106929063796997 0.25787779688835144 -0.06917331367731094
0.2691969573497772 0.615198016166687 0.004666349850594997
0.20547446608543396 0.540132462978363 -0.0946442037820816
0.23744860291481018 0.636443018913269 -0.12455541640520096
0.26947131752967834 0.6879985928535461 -0.10700074583292007
0.20539742708206177 0.6654934883117676 0.0034599178470671177
0.16913481056690216 0.6083685755729675 -0.08453229814767838
0.20638054609298706 0.6826715469360352 -0.09693533182144165
0.23203283548355103 0.7352986335754395 -0.08151069283485413
