0.3364208936691284 0.8949114680290222 1.296889081459085e-06
0.43115419149398804 0.81526118516922 -0.09601758420467377
0.4541648328304291 0.6695859432220459 -0.12983423471450806
0.35576218366622925 0.5711001753807068 -0.15447887778282166
0.2493567317724228 0.5092760920524597 -0.1731012761592865
0.4637146294116974 0.4994494318962097 -0.05170094966888428
0.41431644558906555 0.3441295027732849 -0.1124902293086052
0.36517569422721863 0.23941877484321594 -0.1542392075061798
0.3157482445240021 0.15085014700889587 -0.1780306100845337
0.3729913532733917 0.4996606409549713 -0.04346331208944321
0.38141074776649475 0.3118802607059479 -0.11352172493934631
0.36892402172088623 0.19645771384239197 -0.15001164376735687
0.3534201383590698 0.10337856411933899 -0.15740837156772614
0.28682032227516174 0.5383972525596619 -0.04851450026035309
0.23499532043933868 0.452115535736084 -0.16638635098934174
0.25526097416877747 0.5705682039260864 -0.1846032738685608
0.2844950258731842 0.6532096266746521 -0.1555352807044983
0.20638307929039001 0.6038193106651306 -0.05902576819062233
0.18266770243644714 0.5534622669219971 -0.1579270213842392
0.21577966213226318 0.6470110416412354 -0.15783186256885529
0.2507909834384918 0.7132691144943237 -0.12926539778709412
