0.5828265752062237 1.0 1.5995341300367727e-06
0.8417483455063047 0.9335189418490459 -0.14409239590168
0.8436147023001086 0.770874820456044 -0.19431884586811066
0.4779409921767757 0.6505271327269603 -0.22320668399333954
0.11839165123174826 0.5699105401274139 -0.24410991370677948
1.0 0.5296865654525975 -0.11361052095890045
0.7339592481829538 0.3207990085017035 -0.1895376741886139
0.5297493749448321 0.20108876197504966 -0.23108214139938354
0.34797238024422467 0.09046243111105295 -0.2525986433029175
0.6879593469858047 0.5246832180030526 -0.07858423888683319
0.6243837989478223 0.27880330634500583 -0.16641360521316528
0.5268395038498603 0.1367869798182193 -0.20887155830860138
0.4504342966490214 0.0 -0.21765664219856262
0.4066520109104501 0.5669069021846439 -0.05855574458837509
0.15948269442639315 0.49284980379089693 -0.19822010397911072
0.2679245898137893 0.6516204658786001 -0.22207343578338623
0.4080868317231254 0.7451491903339514 -0.19008946418762207
0.18278345793268838 0.6343561989859126 -0.04579799249768257
0.0 0.5976515976820962 -0.16279827058315277
0.12452337613700468 0.7185889239309711 -0.16873624920845032
0.2694534458765611 0.7950425013074538 -0.13935887813568115
