0.4312160909175873 1.0956220626831055 1.3766479014520883e-06
0.5149276256561279 1.0361359119415283 -0.07728778570890427
0.5426713228225708 0.9129189252853394 -0.1056571751832962
0.4615507423877716 0.82844477891922 -0.1287371814250946
0.3660586178302765 0.7809600830078125 -0.14723093807697296
0.4906997084617615 0.7732210755348206 -0.04320918023586273
0.4779009521007538 0.6364238858222961 -0.08644832670688629
0.45540523529052734 0.5532740354537964 -0.11128547042608261
0.4290951192378998 0.47675395011901855 -0.12646828591823578
0.41782471537590027 0.7810550928115845 -0.03884664177894592
0.4305156469345093 0.6257997751235962 -0.095077745616436
0.44862228631973267 0.5305009484291077 -0.12159418314695358
0.4545069932937622 0.45232564210891724 -0.12873202562332153
0.3519345819950104 0.8275320529937744 -0.04433601722121239
0.3508763909339905 0.7396596074104309 -0.14569127559661865
0.4039131700992584 0.8395706415176392 -0.15117806196212769
0.42557626962661743 0.9097987413406372 -0.12234507501125336
0.2954992353916168 0.8951537609100342 -0.05300718918442726
0.317905455827713 0.8186205625534058 -0.13807128369808197
0.3724835216999054 0.8911299109458923 -0.13254891335964203
0.38955479860305786 0.9545943140983582 -0.10664992034435272
