0.6864081643906504 1.0 1.0992430361511651e-06
0.9761103723513932 0.8395397560175712 -0.04860464856028557
1.0 0.6329102284298599 -0.0669277161359787
0.6685700039047044 0.5258246608942857 -0.0847342237830162
0.3304435692439366 0.47844945729668586 -0.09971729665994644
0.7039692016140073 0.4644052099557475 -0.025992466136813164
0.594139785592371 0.2648209297030278 -0.06111053749918938
0.48692772337819856 0.13520136337715788 -0.0832049623131752
0.38127966379481193 0.026026188176695858 -0.09582164138555527
0.449152712120066 0.49560402181714064 -0.03124181739985943
0.39386285084900813 0.2531792089898124 -0.07024718821048737
0.4168966012104348 0.10990387780168015 -0.08928326517343521
0.42417061555533403 0.0 -0.09497220069169998
0.21484593619708178 0.5719864250082358 -0.043802469968795776
0.20857130940034627 0.41896281051260276 -0.11653681099414825
0.40798883212103687 0.5464013311760421 -0.12151232361793518
0.5165900453836473 0.6608677463509457 -0.10105402767658234
0.0 0.681470562837858 -0.05889032781124115
0.08891438611423935 0.5696628038925016 -0.11848681420087814
0.3035708604889388 0.6566546687366729 -0.11211276799440384
0.4137971094818337 0.7505530143552004 -0.09141826629638672
