0.5647823810577393 0.6676061153411865 5.177802222533501e-07
0.6050927042961121 0.6035234928131104 -0.03646592050790787
0.6062989830970764 0.5285944938659668 -0.04748494178056717
0.5549817085266113 0.48606371879577637 -0.05653354898095131
0.5020763278007507 0.4608917534351349 -0.06267619132995605
0.5843442678451538 0.4637371301651001 -0.013287396170198917
0.5536531805992126 0.38887202739715576 -0.037458740174770355
0.5310107469558716 0.34353184700012207 -0.05261944979429245
0.5099015235900879 0.3043968975543976 -0.06032121554017067
0.5440261960029602 0.4762605130672455 -0.012457200326025486
0.5286250114440918 0.3845316171646118 -0.04064358025789261
0.52413010597229 0.3344860076904297 -0.054131943732500076
0.518959641456604 0.2931060194969177 -0.05619734153151512
0.5078054666519165 0.5055210590362549 -0.017413213849067688
0.4894266724586487 0.46683382987976074 -0.0693531334400177
0.5168216228485107 0.5165558457374573 -0.0748196467757225
0.5347204208374023 0.5497318506240845 -0.0602220855653286
0.47636690735816956 0.5428661704063416 -0.02387998439371586
0.4707372486591339 0.5057368278503418 -0.06335355341434479
0.49677371978759766 0.5450873374938965 -0.05751120671629906
0.5113437175750732 0.5759568810462952 -0.04187391325831413
