0.4960485770293902 1.0 6.513554922094045e-07
0.9080198990240875 0.902640533360364 -0.029491718858480453
1.0 0.6723337908800925 -0.03408227488398552
0.6747334574378068 0.4977702366447854 -0.036715906113386154
0.33770343261691205 0.4029258195775151 -0.03834168612957001
0.9047833107688836 0.5244720782502951 -0.008651296608150005
0.8521098641902183 0.31645864919847483 -0.025881096720695496
0.7612430014948948 0.15091946457019143 -0.03622419014573097
0.686020089411632 0.014461930174367569 -0.042248744517564774
0.594126808681672 0.529660336069798 -0.005257133394479752
0.6201993251819259 0.30445818852577256 -0.02829684503376484
0.6376321254301348 0.140841616994903 -0.04123460501432419
0.6528168542336549 0.0 -0.045612141489982605
0.2909787153776725 0.5821735469553717 -0.00602420698851347
0.24109629731483048 0.42985346667272184 -0.05289730429649353
0.3873527140802166 0.5784243118016612 -0.060981977730989456
0.48335254837253905 0.7096976977639355 -0.050634536892175674
0.0 0.665009284578033 -0.007056227885186672
0.04767136641845772 0.5280461903410675 -0.04839351028203964
0.2155883327692221 0.6350416401971283 -0.051007725298404694
0.3146383341795002 0.7538164868353714 -0.041881222277879715
