0.296198308467865 0.882187008857727 9.504142894911638e-07
0.37333568930625916 0.8040206432342529 -0.04316602274775505
0.396465927362442 0.6988535523414612 -0.061548542231321335
0.3300178050994873 0.6283318400382996 -0.0798485279083252
0.25973936915397644 0.5873019695281982 -0.0962609276175499
0.34121519327163696 0.6077473163604736 -0.02536214329302311
0.332714706659317 0.5005014538764954 -0.06035632640123367
0.31674885749816895 0.42814671993255615 -0.08311698585748672
0.3004927635192871 0.3652622401714325 -0.09658767282962799
0.28259482979774475 0.6164404153823853 -0.030532920733094215
0.2876055836677551 0.4852421283721924 -0.0693921148777008
0.3060213625431061 0.40836259722709656 -0.08849292248487473
0.3183627426624298 0.3470717966556549 -0.09536556899547577
0.22600209712982178 0.6495863199234009 -0.04217763617634773
0.2380058616399765 0.5654826164245605 -0.11047519743442535
0.27783992886543274 0.6377002000808716 -0.11414341628551483
0.2955673635005951 0.7012155055999756 -0.0950474664568901
0.17168959975242615 0.7008325457572937 -0.055900704115629196
0.19898010790348053 0.6356728672981262 -0.10969000309705734
0.24073220789432526 0.6856984496116638 -0.10216442495584488
0.256356805562973 0.7390528917312622 -0.08254404366016388
