0.6351079690376273 1.0 6.949118755983363e-07
0.9553296311010112 0.8511651396353171 -0.03634941577911377
1.0 0.6488098761071908 -0.048870332539081573
0.6375693670099897 0.5170173720636221 -0.06149854138493538
0.2769564533272322 0.43769180875351354 -0.07188771665096283
0.9154571107135612 0.4809390733411666 -0.01137358695268631
0.7831391081976649 0.2926333310370456 -0.039350543171167374
0.6193800447318457 0.15656912537634055 -0.06094080209732056
0.4328513054099082 0.04277735436603538 -0.07569889724254608
0.6097801938712287 0.49659080103895703 -0.017968453466892242
0.6092302257810087 0.26064523421649854 -0.04851178452372551
0.61187273107009 0.11894483475945739 -0.06636828929185867
0.5793757646176451 0.0 -0.07417243719100952
0.30896625771305325 0.5586775905279101 -0.030784059315919876
0.21310000729413872 0.39597422352323636 -0.08881112188100815
0.36294454577038815 0.5219617687495937 -0.0931277647614479
0.4535196379315816 0.6286957295839806 -0.07775893062353134
0.0007734445498411489 0.6595117493928583 -0.045898374170064926
0.0 0.5293991941000282 -0.09473026543855667
0.18638285654755288 0.6167172335101475 -0.08954281359910965
0.3028652672886457 0.7086124859190666 -0.07357560843229294
