0.5860207445107634 1.0 1.2255079582246253e-06
0.9340082506016094 0.8897144807105165 -0.06226436793804169
1.0 0.6790263721559332 -0.07782761007547379
0.5612721329769036 0.5743890107110633 -0.0864219143986702
0.14193685202433812 0.5200767433542924 -0.09161203354597092
0.8768964720919866 0.49522305389973925 -0.03229373320937157
0.7617073789919263 0.28676179702653604 -0.06360276788473129
0.6571293125984025 0.14534968935772904 -0.08310393244028091
0.554882931653196 0.033336413789269534 -0.09359609335660934
0.5558835939714668 0.5193351261518503 -0.028420716524124146
0.5245016392486063 0.2718703225832259 -0.062092375010252
0.5423988926816516 0.1214141364618731 -0.08114777505397797
0.5319968816029524 0.0 -0.08546537905931473
0.2693469727642476 0.5891382747607373 -0.032763976603746414
0.1726371835608628 0.4489854444867138 -0.10919320583343506
0.33503608495149895 0.5771801396954287 -0.12291786074638367
0.411274970654351 0.6736742765552652 -0.10557159036397934
0.0 0.6933345942347199 -0.03949665650725365
0.01617505174951161 0.586068417507561 -0.1107034683227539
0.2019596086008189 0.694736799998441 -0.11181158572435379
0.2774769549384079 0.7932694738748789 -0.09332539141178131
