0.5624606652821501 1.0 8.248439371527638e-07
0.9213584118881025 0.8632560560310406 -0.04088159278035164
1.0 0.6509939252009188 -0.05163755640387535
0.605189348854596 0.5359151019495082 -0.060316067188978195
0.22935895835606188 0.4861595147416031 -0.06715191900730133
0.8527619401447223 0.49702860350158734 -0.014680561609566212
0.7123363831356319 0.3073725146201777 -0.0397997722029686
0.5756178314985049 0.17324973535803123 -0.0574202761054039
0.4385520040598507 0.06465942682152022 -0.0684320256114006
0.5549847346075735 0.5114728150599797 -0.017150331288576126
0.5188598607817179 0.27165894867734436 -0.0466294139623642
0.48028767541113687 0.1215862949469381 -0.06436299532651901
0.41367722811007596 0.0 -0.0703093633055687
0.27762996714967486 0.5743777449833909 -0.02556581422686577
0.17510661530916227 0.40656349870538305 -0.08854779601097107
0.3309558045675941 0.5340627341281577 -0.09858585149049759
0.42295047486689674 0.6441973752958171 -0.08420096337795258
0.0 0.6762074651959913 -0.03536972030997276
0.028431076728622634 0.5589909747137811 -0.09423728287220001
0.23117756965255057 0.6579562384715106 -0.09601053595542908
0.3455918415085661 0.7579395109829566 -0.08180365711450577
