0.5168937674173175 1.0 9.920562433762825e-07
0.8528705937965493 0.8661947381248213 -0.031352974474430084
1.0 0.683338237686546 -0.0463685616850853
0.7097110992629073 0.5706412440408992 -0.06478836387395859
0.4003207259895235 0.535762934615367 -0.08259806036949158
0.8022283173290973 0.5015388789413533 -0.014632630161941051
0.7861925675118588 0.3087210166466384 -0.04899788275361061
0.7393748179254772 0.1711019755845374 -0.07182202488183975
0.6756168547416328 0.05754038781619266 -0.08432500064373016
0.5387833849096636 0.5189921432318197 -0.02770097739994526
0.6022626710126366 0.2924918290528898 -0.06818321347236633
0.6460850542238541 0.13437746474914672 -0.09049641340970993
0.657410226954175 0.0 -0.09784921258687973
0.2727707207677636 0.5741254597583227 -0.04639028012752533
0.31186191468193986 0.43681637608586377 -0.11557511985301971
0.44639368771677174 0.5783718193314474 -0.12310811132192612
0.5110203868499597 0.6975241997673677 -0.10409005731344223
0.0 0.6605031611403871 -0.06629250198602676
0.11639165397870621 0.5680007697369618 -0.11705643683671951
0.2802353639566649 0.662788572738018 -0.11067517846822739
0.3509456882004716 0.7551779741898992 -0.09119539707899094
