0.3441966446215865 1.0 6.933213398951921e-07
0.7610959806890848 0.896790986844859 -0.03913990780711174
0.9560370015299972 0.698786457566973 -0.04944579303264618
0.6403721678374775 0.5457104492582466 -0.058850765228271484
0.3020832066321745 0.4541478021652095 -0.06529032438993454
1.0 0.5209740386968478 -0.007762220688164234
0.9735547498283315 0.31518746120852476 -0.03647209331393242
0.9072462742487589 0.16611264030091785 -0.05680472031235695
0.8133506715806444 0.042837857860587705 -0.06899912655353546
0.6760243074560729 0.5144962314651539 -0.01181560754776001
0.7944455686292722 0.2713910029199693 -0.0472407191991806
0.855212734470861 0.12423928905898718 -0.06772328913211823
0.8771641940129233 0.0 -0.07348904013633728
0.34274736765672337 0.5571214664609258 -0.022512558847665787
0.29766055294412946 0.41508014829160866 -0.08741012960672379
0.3631548238402375 0.5653089875017301 -0.09636646509170532
0.40577654080588205 0.6757562941375408 -0.07984424382448196
0.0 0.6339326319346703 -0.035181108862161636
0.04493790629606163 0.5404286456411413 -0.08801618218421936
0.15709063915251945 0.6484235991863837 -0.08630381524562836
0.2240843145992539 0.7342490240019885 -0.07063255459070206
