0.6955007910728455 0.9011387228965759 5.697866640730354e-07
0.7498160004615784 0.8411948084831238 -0.02728390507400036
0.7596904635429382 0.7625800371170044 -0.03636464104056358
0.7080555558204651 0.7081865072250366 -0.045388951897621155
0.6624667048454285 0.6808971166610718 -0.05213025584816933
0.7591456770896912 0.7120050191879272 -0.01165536418557167
0.7474515438079834 0.6284424066543579 -0.035017434507608414
0.7326692342758179 0.5753155946731567 -0.05034494027495384
0.7177609205245972 0.5303966403007507 -0.05988069251179695
0.7140393853187561 0.7166205644607544 -0.015940066426992416
0.717168390750885 0.6215046048164368 -0.04214462265372276
0.7212623357772827 0.5673691034317017 -0.055224042385816574
0.7213769555091858 0.5230773687362671 -0.059875138103961945
0.6712400317192078 0.7369725704193115 -0.024836871773004532
0.6534672379493713 0.6798165440559387 -0.07098397612571716
0.6729176044464111 0.7276305556297302 -0.07493310421705246
0.6874057650566101 0.7675967812538147 -0.06255445629358292
0.6302815675735474 0.7682469487190247 -0.03535330295562744
0.6294783353805542 0.7281887531280518 -0.07223468273878098
0.6508364677429199 0.7601854205131531 -0.07007373869419098
0.665056586265564 0.7897898554801941 -0.05929126590490341
