0.7322870492935181 0.8471215963363647 8.931854154070606e-07
0.8089280724525452 0.8014297485351562 -0.042690206319093704
0.8343635201454163 0.7131662368774414 -0.052961502224206924
0.7849472165107727 0.6523431539535522 -0.06146134436130524
0.7221903800964355 0.6254966855049133 -0.06853488832712173
0.7919139266014099 0.6378379464149475 -0.018344422802329063
0.7863814830780029 0.5453014969825745 -0.04542137309908867
0.7760328650474548 0.4807432293891907 -0.06234438717365265
0.7616673707962036 0.42849797010421753 -0.07085426896810532
0.7413119673728943 0.6376957297325134 -0.01768673211336136
0.7450320720672607 0.5275646448135376 -0.050374433398246765
0.7536950707435608 0.45602643489837646 -0.06625857949256897
0.7542867064476013 0.4014204740524292 -0.0689011961221695
0.6928619742393494 0.6581617593765259 -0.02361045964062214
0.7002979516983032 0.5964424014091492 -0.08414486795663834
0.7238115668296814 0.6606919169425964 -0.09069666266441345
0.7304573059082031 0.7114365100860596 -0.07298113405704498
0.6441656351089478 0.6912729740142822 -0.0315002016723156
0.6647610664367676 0.637597918510437 -0.07807257771492004
0.6898401379585266 0.6825676560401917 -0.07325930893421173
0.6953967213630676 0.7243046760559082 -0.056157346814870834
