0.4415887508499 1.0 8.154081001521263e-07
0.8532673416192208 0.8878639365462039 -0.03661034628748894
1.0 0.6818358367259634 -0.0447145439684391
0.6971591718015485 0.5482848399889552 -0.05199931934475899
0.3572234515187763 0.504992315953974 -0.0573921799659729
0.7751733396845757 0.5066735029352197 -0.01072149258106947
0.7380411917094999 0.30059196239394703 -0.03411167487502098
0.6788981304195678 0.16424279328906152 -0.04944145679473877
0.5991565532446554 0.05112006954455196 -0.05769696459174156
0.5005239109637434 0.5119404204197062 -0.012816918082535267
0.5411976970537243 0.27196685567296225 -0.04146474227309227
0.5968609916187552 0.11931583445861746 -0.05651674419641495
0.6003603842146791 0.0 -0.05966787040233612
0.24663266623112756 0.5598172259779737 -0.021072877570986748
0.27378056812572266 0.4386850150529202 -0.07560458034276962
0.4080614429472603 0.5760807710219142 -0.08225055038928986
0.4528909240658418 0.6856046574365331 -0.06652367860078812
0.0 0.6332889615454489 -0.03128944709897041
0.1042183647591207 0.5278989952806641 -0.07107648998498917
0.2374737046592483 0.6236400400582457 -0.06513399630784988
0.2738454332926623 0.7129557670949334 -0.04901328682899475
