0.37281711022767194 1.0 6.895143656038272e-07
0.11457906196225381 0.8494653617973538 -0.003646573517471552
0.12499429381211062 0.6523967838316103 -0.0044760205782949924
0.26013428892959856 0.52398672964857 -0.013297436758875847
0.15278968083058278 0.454122399102068 -0.023116236552596092
0.5555111851206437 0.5203709286142425 0.003532716538757086
0.7643691734859747 0.30861730829278217 -0.0172664076089859
0.8283975635073902 0.1756779222125097 -0.029468316584825516
0.8665700749644232 0.056987998336483235 -0.03476331755518913
0.7538118327481597 0.5384340110913711 -0.014781263656914234
0.9380595785558482 0.28590439420489483 -0.043291669338941574
1.0 0.12839912419782679 -0.059259768575429916
0.9942910334452078 0.0 -0.06297895312309265
0.8959302475592401 0.5887633544853286 -0.03521222993731499
0.39575935963670933 0.43659717984791396 -0.08702397346496582
0.1713090888160702 0.5687653947492352 -0.09187410771846771
0.08034431633914803 0.6838159034253494 -0.0752827525138855
0.9388256963037795 0.6550120189355921 -0.05481547489762306
0.3597923146084364 0.5090192618724603 -0.09234822541475296
0.10654316160519531 0.573081794341938 -0.08676298707723618
0.0 0.6470881844700833 -0.07129797339439392
