0.6996898055076599 0.5304352045059204 5.559477358474396e-07
0.7762539982795715 0.48239022493362427 -0.03443126380443573
0.8156914114952087 0.3968469500541687 -0.042593397200107574
0.7689248919487 0.3235958218574524 -0.05117012560367584
0.7122853994369507 0.2898273468017578 -0.05816531926393509
0.7849854826927185 0.3075092136859894 -0.004155288450419903
0.7934364080429077 0.22120201587677002 -0.025489727035164833
0.7911485433578491 0.16607335209846497 -0.04069693014025688
0.7850875854492188 0.1180642694234848 -0.049875278025865555
0.7325686812400818 0.30605605244636536 -0.008258642628788948
0.7501364946365356 0.1984776258468628 -0.03582122176885605
0.7645004391670227 0.13744701445102692 -0.05182396620512009
0.7667722105979919 0.08589981496334076 -0.05738351121544838
0.6835852265357971 0.32209375500679016 -0.018718969076871872
0.6906331777572632 0.2678830921649933 -0.07303698360919952
0.7145086526870728 0.33492767810821533 -0.08097097277641296
0.7196105122566223 0.38539576530456543 -0.0674440860748291
0.6326335668563843 0.34637731313705444 -0.031458813697099686
0.6581181883811951 0.29414576292037964 -0.07043101638555527
0.6799533367156982 0.34121349453926086 -0.06576971709728241
0.6822570562362671 0.3840590715408325 -0.05213259533047676
