0.6241456866264343 0.6771016716957092 5.142475743014074e-07
0.6861848831176758 0.6143175363540649 -0.04372591897845268
0.7110431790351868 0.53318190574646 -0.055420394986867905
0.6699362993240356 0.4646246135234833 -0.06500866264104843
0.6226385235786438 0.41821733117103577 -0.07093296945095062
0.7169661521911621 0.45193275809288025 -0.008750438690185547
0.7056527733802795 0.36027443408966064 -0.035960402339696884
0.6882964968681335 0.3018505573272705 -0.05559709295630455
0.6673023700714111 0.25102514028549194 -0.06648360937833786
0.6714887619018555 0.4483477473258972 -0.0064075058326125145
0.679740309715271 0.3434135317802429 -0.037724241614341736
0.6790079474449158 0.28057861328125 -0.05630164593458176
0.672659158706665 0.2321544587612152 -0.06166443973779678
0.626944899559021 0.46399587392807007 -0.011799219064414501
0.6110711097717285 0.4155576229095459 -0.06798844784498215
0.622894823551178 0.47545063495635986 -0.07994404435157776
0.6339731812477112 0.5203761458396912 -0.06784101575613022
0.5845698118209839 0.48994162678718567 -0.02005026489496231
0.5853234529495239 0.45210450887680054 -0.06269790977239609
0.5999300479888916 0.49442872405052185 -0.06266263872385025
0.609579861164093 0.52992182970047 -0.05024551600217819
