0.5836468935012817 0.8006504774093628 7.261492100951727e-07
0.6727462410926819 0.7223823666572571 -0.06261773407459259
0.7036950588226318 0.6061719655990601 -0.07329422980546951
0.6414293646812439 0.5195663571357727 -0.07797453552484512
0.5718352794647217 0.4706920087337494 -0.07680796831846237
0.6913713216781616 0.5280364155769348 -0.014638425782322884
0.677804708480835 0.4048134684562683 -0.047170545905828476
0.6549280881881714 0.3305477201938629 -0.06892005354166031
0.6271325945854187 0.2653380036354065 -0.08151793479919434
0.6321701407432556 0.5285716652870178 -0.008559026755392551
0.6461544632911682 0.3835093379020691 -0.0468633808195591
0.651620090007782 0.3061869144439697 -0.06720352172851562
0.6453766822814941 0.24447402358055115 -0.07152296602725983
0.5740442872047424 0.5504930019378662 -0.013498486950993538
0.5556240081787109 0.4711005687713623 -0.0935857966542244
0.5831248760223389 0.5559506416320801 -0.10810522735118866
0.5989360809326172 0.6111611127853394 -0.08979776501655579
0.5179013013839722 0.587378203868866 -0.021925654262304306
0.5254654884338379 0.5256140232086182 -0.08817993849515915
0.5536442995071411 0.588275134563446 -0.08971477299928665
0.5635841488838196 0.6359405517578125 -0.07365288585424423
