0.31852616097344605 1.0 7.220462521217996e-07
0.7810145207604334 0.8846585011098032 -0.07183887809515
0.9701647398169212 0.6859933904860682 -0.08096711337566376
0.6216862680504361 0.5306154455016654 -0.08070608228445053
0.26297381179040097 0.43542649281951634 -0.0734531581401825
1.0 0.523057580338567 -0.01649465598165989
0.946659939769193 0.3109536052974721 -0.050238221883773804
0.8238459652881714 0.17588002856169335 -0.07307304441928864
0.6799469932584037 0.05907654780341737 -0.08538919687271118
0.6675097985302854 0.5187614403052685 -0.005664145108312368
0.751233408643458 0.26273566258462194 -0.042591456323862076
0.7691343702093553 0.11820432660349167 -0.06350154429674149
0.7668987359831084 0.0 -0.06706788390874863
0.3523576781309255 0.5580233133501263 -0.007346103899180889
0.20276797132162783 0.4267458929359114 -0.09025560319423676
0.2922293310022645 0.5828546637705837 -0.1107759028673172
0.392389635217124 0.6810933740217135 -0.09414949268102646
0.05010706402052309 0.6254197529994621 -0.012932674027979374
0.0 0.5296953786229284 -0.08513453602790833
0.10782760552712332 0.6481939395326765 -0.09200593084096909
0.16900065366767225 0.7370303586852113 -0.07736413180828094
