0.2863365411758423 0.8712217807769775 1.407798094987811e-06
0.3892132341861725 0.8009430766105652 -0.08551701158285141
0.41908830404281616 0.6545950770378113 -0.11105162650346756
0.3291993737220764 0.5519956350326538 -0.1290997713804245
0.22783055901527405 0.49059805274009705 -0.1416015923023224
0.39612436294555664 0.5100674033164978 -0.04293293505907059
0.37284743785858154 0.3604864478111267 -0.08886530250310898
0.3432964086532593 0.2610315978527069 -0.11731643229722977
0.31218650937080383 0.17563334107398987 -0.1353076845407486
0.3147900700569153 0.5119826793670654 -0.03749172016978264
0.320911169052124 0.33417069911956787 -0.0944368839263916
0.3408351242542267 0.23146823048591614 -0.12169826030731201
0.3504832088947296 0.14888721704483032 -0.12803693115711212
0.23618799448013306 0.5495998859405518 -0.04453469067811966
0.2282368242740631 0.44996654987335205 -0.15433496236801147
0.27944687008857727 0.5632542967796326 -0.16726861894130707
0.30437421798706055 0.6421172022819519 -0.14030131697654724
0.16110780835151672 0.6109639406204224 -0.056103307753801346
0.1856735497713089 0.5387521982192993 -0.15185485780239105
0.24594604969024658 0.6110014915466309 -0.15553201735019684
0.2749814987182617 0.6687334179878235 -0.13457787036895752
