0.5004449292400733 1.0 1.3504345588444266e-06
0.8981322761059427 0.8896368903387126 -0.08237781375646591
1.0 0.7001063046315291 -0.1052679643034935
0.612062639070184 0.5729002136761165 -0.12124178558588028
0.20521990132671486 0.507300185762208 -0.1306360810995102
0.9675310670197115 0.514327863665994 -0.03293675556778908
0.8647893125447543 0.3029738897433247 -0.0774260088801384
0.7281233482808455 0.16536350858082835 -0.10641742497682571
0.5838188017008953 0.0478887533682762 -0.12307688593864441
0.6415079983333032 0.5129649687560442 -0.026506949216127396
0.6943061834008561 0.25968256380212873 -0.07943478226661682
0.7413786100243998 0.11374018217590674 -0.10725812613964081
0.7586179256362069 0.0 -0.11306575685739517
0.3371138493164922 0.5592459947913283 -0.032866328954696655
0.18221624279361787 0.434785859279176 -0.13268841803073883
0.3081329022296679 0.5776347004022205 -0.15034696459770203
0.4139752722446345 0.6825458120497799 -0.1264277845621109
0.04841620891301425 0.6336513714318299 -0.04400384798645973
0.0 0.5282683339927604 -0.12225058674812317
0.157736330717916 0.6246777527111362 -0.1207958459854126
0.2739393638900781 0.7089169248696232 -0.09794861078262329
