0.2752876877784729 0.8926800489425659 1.3559665603679605e-06
0.37968894839286804 0.8214342594146729 -0.0798744484782219
0.40796682238578796 0.687104344367981 -0.10053474456071854
0.31555017828941345 0.5973955392837524 -0.11500578373670578
0.21887589991092682 0.548740029335022 -0.1233147382736206
0.4019293189048767 0.5571988821029663 -0.03734004870057106
0.3763340711593628 0.41111084818840027 -0.08470470458269119
0.34541475772857666 0.30952441692352295 -0.11401820182800293
0.3150664269924164 0.2218564748764038 -0.13073255121707916
0.3242063522338867 0.5518278479576111 -0.03408852219581604
0.34035181999206543 0.3754642605781555 -0.08917896449565887
0.34945595264434814 0.2649954557418823 -0.11673808097839355
0.3524118661880493 0.17897629737854004 -0.12257683277130127
0.24985134601593018 0.5792108774185181 -0.04351268336176872
0.21866466104984283 0.49071332812309265 -0.1475781947374344
0.24632743000984192 0.5955619812011719 -0.1640266478061676
0.26713547110557556 0.673069417476654 -0.13821089267730713
0.17716020345687866 0.628940224647522 -0.057636406272649765
0.1745613068342209 0.555503785610199 -0.1399863064289093
0.21276941895484924 0.62469083070755 -0.13935579359531403
0.23513437807559967 0.6858635544776917 -0.11633490771055222
