0.688504695892334 0.668962836265564 7.517813855884015e-07
0.7554575800895691 0.595606803894043 -0.06681375950574875
0.7817158102989197 0.49588918685913086 -0.07908176630735397
0.7181065678596497 0.40993764996528625 -0.08359228074550629
0.6540646553039551 0.35891038179397583 -0.08185972273349762
0.821838915348053 0.4119742214679718 -0.015836024656891823
0.8059744834899902 0.2919198274612427 -0.04570229724049568
0.7828100919723511 0.21416965126991272 -0.06763923913240433
0.7620216608047485 0.1441538780927658 -0.08033826947212219
0.7639284729957581 0.39443108439445496 -0.0019381147576496005
0.7819765210151672 0.26912111043930054 -0.037158895283937454
0.7815666794776917 0.18940992653369904 -0.061712540686130524
0.7852966785430908 0.12125292420387268 -0.0709119662642479
0.7060175538063049 0.39755725860595703 0.0012532646069303155
0.6798016428947449 0.3192892074584961 -0.0676744356751442
0.6704906821250916 0.38839417695999146 -0.09079377353191376
0.674432635307312 0.444390207529068 -0.08104101568460464
0.6535088419914246 0.41238486766815186 0.0005176354316063225
0.6381364464759827 0.3542526662349701 -0.05371161177754402
0.6419204473495483 0.3938990831375122 -0.06161828711628914
0.6483104825019836 0.4353160858154297 -0.05166180804371834
