0.7149192094802856 0.8641800880432129 8.835871767587378e-07
0.7981180548667908 0.7960953712463379 -0.051259513944387436
0.82628333568573 0.6949896216392517 -0.06611368805170059
0.7615901827812195 0.6196468472480774 -0.07822519540786743
0.6941331624984741 0.5715835094451904 -0.08685259521007538
0.7965025901794434 0.6032220721244812 -0.02115355059504509
0.7892547845840454 0.4893815517425537 -0.04791185259819031
0.7716715335845947 0.4172663688659668 -0.06618139892816544
0.7528420090675354 0.3542217016220093 -0.07787157595157623
0.7352432012557983 0.5969665050506592 -0.0178011916577816
0.7385593056678772 0.4642013907432556 -0.04667637124657631
0.750718891620636 0.384239137172699 -0.06377322226762772
0.757244884967804 0.32547029852867126 -0.07109908759593964
0.6793410181999207 0.6176382899284363 -0.021921366453170776
0.6777190566062927 0.5290670394897461 -0.07469367235898972
0.7028400301933289 0.5874136686325073 -0.08038676530122757
0.7120914459228516 0.645087480545044 -0.06682204455137253
0.6278019547462463 0.6535757184028625 -0.029938800260424614
0.6358117461204529 0.5803427696228027 -0.07112383842468262
0.6659210324287415 0.6072134971618652 -0.06705357134342194
0.6785525679588318 0.6441437005996704 -0.053380873054265976
