0.3661228475424984 1.0 1.030631324283604e-06
0.8291543271196313 0.8942204721525916 -0.05799584835767746
1.0 0.7104863573561596 -0.07612400501966476
0.6502176607220234 0.5707340999462365 -0.09211289882659912
0.25661920840209146 0.48641863123778495 -0.10364870727062225
0.915148014827563 0.508796962601585 -0.021804694086313248
0.8925467921742964 0.29405736990928455 -0.05457460880279541
0.8126427674543093 0.15721666391849945 -0.07634922862052917
0.7196890069897954 0.03948335353168164 -0.0895446315407753
0.5806282977296787 0.5041593763340846 -0.021639814600348473
0.6657527412662524 0.2605223606697236 -0.059430770576000214
0.7404972496275188 0.11311240055235038 -0.08106866478919983
0.7761097433150811 0.0 -0.08792372047901154
0.2776344902566266 0.5469041019075196 -0.03048306703567505
0.21923019876056213 0.41779179324375704 -0.1007302850484848
0.3393916223278318 0.5388866303882961 -0.11162684112787247
0.4137737756347624 0.6376127479459993 -0.09451762586832047
0.0 0.6186408303383437 -0.04349401593208313
0.03549884795278865 0.5185053379243666 -0.09865083545446396
0.19146552585775575 0.5968591980884866 -0.09644420444965363
0.28811466679799064 0.6714167908227907 -0.07969120889902115
