0.343916118144989 0.9389215111732483 1.2079682392140967e-06
0.43799450993537903 0.863074541091919 -0.07984110713005066
0.47405898571014404 0.7377219200134277 -0.10362133383750916
0.3894566595554352 0.6418555974960327 -0.12218969315290451
0.3026314973831177 0.5771885514259338 -0.1349656879901886
0.48288580775260925 0.6111130714416504 -0.02676578238606453
0.47219330072402954 0.46539443731307983 -0.06952887028455734
0.45252570509910583 0.3732379972934723 -0.09865791350603104
0.43219029903411865 0.2905624210834503 -0.11584357172250748
0.40696150064468384 0.6001275777816772 -0.02009916678071022
0.43051597476005554 0.42709848284721375 -0.07131776958703995
0.4393068850040436 0.3252468705177307 -0.10222112387418747
0.44490915536880493 0.24137330055236816 -0.1114497259259224
0.3365376591682434 0.6229287385940552 -0.025722838938236237
0.30349457263946533 0.5378434658050537 -0.11834751814603806
0.3141781985759735 0.6326418519020081 -0.1380148082971573
0.3308449983596802 0.7019338607788086 -0.11832645535469055
0.26763713359832764 0.6647027134895325 -0.036308418959379196
0.2559569776058197 0.5995586514472961 -0.10630782693624496
0.2794281244277954 0.6612776517868042 -0.10681723803281784
0.30276787281036377 0.712776780128479 -0.08761023730039597
