0.4567524790763855 0.6063945293426514 -1.3238959581940435e-06
0.31201645731925964 0.5635601878166199 -0.026353875175118446
0.18380606174468994 0.4563813805580139 -0.04608793556690216
0.18350441753864288 0.34556299448013306 -0.07564018666744232
0.29681286215782166 0.3104792535305023 -0.09478043019771576
0.22028304636478424 0.3070908486843109 0.007035063114017248
0.14191153645515442 0.20833274722099304 -0.07273304462432861
0.16682952642440796 0.3093201220035553 -0.10921168327331543
0.20261375606060028 0.3456084728240967 -0.12290968745946884
0.3131382465362549 0.2885091304779053 -0.020495738834142685
0.2356627732515335 0.18851962685585022 -0.09192642569541931
0.24909143149852753 0.3018204867839813 -0.09444954991340637
0.2868970036506653 0.3197653889656067 -0.07485990971326828
0.4157010018825531 0.2928410470485687 -0.06278696656227112
0.34857332706451416 0.20833662152290344 -0.13412052392959595
0.345559686422348 0.3244220018386841 -0.10314031690359116
0.377379447221756 0.3478100299835205 -0.059833675622940063
0.5280730128288269 0.31417760252952576 -0.1099228784441948
0.4462321996688843 0.24528586864471436 -0.1412670612335205
0.4277315139770508 0.33289453387260437 -0.10664112865924835
0.45783764123916626 0.3731989860534668 -0.06982338428497314
