0.46567875146865845 0.6420272588729858 -1.6183545312742353e-06
0.2964479327201843 0.5793458223342896 -0.040211450308561325
0.19035202264785767 0.43600115180015564 -0.05559607595205307
0.20376291871070862 0.32279255986213684 -0.0874813050031662
0.327137291431427 0.3408336639404297 -0.10573913156986237
0.3117997646331787 0.28490573167800903 0.0768890231847763
0.3022288978099823 0.19354626536369324 0.010028685443103313
0.25635796785354614 0.2644043564796448 -0.03812025487422943
0.2621878981590271 0.3258703351020813 -0.06226335093379021
0.4259611964225769 0.2761295437812805 0.05798213556408882
0.4120144248008728 0.16510288417339325 -0.019625863060355186
0.3440573215484619 0.25077134370803833 -0.045350510627031326
0.3439786434173584 0.3235768675804138 -0.03315867856144905
0.5432581901550293 0.2846502363681793 0.019094882532954216
0.5338706374168396 0.17097558081150055 -0.05040169507265091
0.45238780975341797 0.24570287764072418 -0.04599232226610184
0.44056934118270874 0.32205355167388916 -0.013036136515438557
0.6661871075630188 0.3110668659210205 -0.028282467275857925
0.6498174667358398 0.20898133516311646 -0.056938160210847855
0.5683857798576355 0.23960676789283752 -0.043893180787563324
0.5341026782989502 0.29947492480278015 -0.01862276718020439
