0.5575060248374939 0.6859224438667297 -1.8416830016576569e-06
0.3618633449077606 0.5837429761886597 -0.03825210779905319
0.2575627565383911 0.4450693726539612 -0.0646820068359375
0.2665403485298157 0.3022446930408478 -0.11249618977308273
0.3948085606098175 0.22722536325454712 -0.14680692553520203
0.2853960394859314 0.33739516139030457 0.07160831987857819
0.21245549619197845 0.195917546749115 -0.02901945635676384
0.2228427231311798 0.2879420816898346 -0.09123247861862183
0.27354884147644043 0.3644138276576996 -0.11007651686668396
0.4045933187007904 0.3138718605041504 0.04691047966480255
0.3452121317386627 0.1612427681684494 -0.04294811189174652
0.33351168036460876 0.2648242712020874 -0.07097980380058289
0.37365400791168213 0.3364964723587036 -0.057239457964897156
0.5361559987068176 0.3094208240509033 0.00053625856526196
0.48541247844696045 0.18191909790039062 -0.08845977485179901
0.45688596367836 0.2975667715072632 -0.0752127394080162
0.4939994812011719 0.38562166690826416 -0.02970380336046219
0.6741253137588501 0.318345844745636 -0.05281352251768112
0.6181135177612305 0.19532586634159088 -0.08002528548240662
0.5591777563095093 0.2585129141807556 -0.04537607356905937
0.5621313452720642 0.33681172132492065 -0.0024408153258264065
