0.5870636105537415 0.6720378994941711 -1.8689652279135771e-06
0.4073660373687744 0.6164761781692505 -0.09018556028604507
0.23628121614456177 0.4808599352836609 -0.13997264206409454
0.2657036781311035 0.34533318877220154 -0.1952648013830185
0.4675653576850891 0.32047802209854126 -0.22406424582004547
0.24838832020759583 0.3109896183013916 -0.01967155747115612
0.18197676539421082 0.18060296773910522 -0.13409747183322906
0.2130776047706604 0.31616851687431335 -0.17984744906425476
0.2581707835197449 0.347543865442276 -0.20014047622680664
0.40575915575027466 0.29052454233169556 -0.031052246689796448
0.34999337792396545 0.1593935638666153 -0.13915465772151947
0.3510127365589142 0.306626558303833 -0.12698163092136383
0.3846971392631531 0.3286973834037781 -0.0897391140460968
0.5620768070220947 0.29782992601394653 -0.06981514394283295
0.5267044305801392 0.1589047759771347 -0.17386458814144135
0.49714958667755127 0.2931778132915497 -0.11467032879590988
0.518218994140625 0.33373093605041504 -0.044167857617139816
0.7207999229431152 0.32204681634902954 -0.12138338387012482
0.6818643808364868 0.21491684019565582 -0.17359736561775208
0.6299149394035339 0.2897798717021942 -0.13308930397033691
0.627392053604126 0.33723184466362 -0.08640576899051666
