0.4949173927307129 0.6199333667755127 -1.5576188161503524e-06
0.3137839138507843 0.5554945468902588 -0.014254280366003513
0.17671431601047516 0.4380309581756592 -0.025089846923947334
0.14732211828231812 0.3082315921783447 -0.05376414582133293
0.2304699718952179 0.2167707234621048 -0.07393300533294678
0.25478291511535645 0.31803709268569946 0.06676563620567322
0.1819276511669159 0.20134536921977997 -0.01603381335735321
0.18160100281238556 0.30071157217025757 -0.0582825168967247
0.22226834297180176 0.36178916692733765 -0.06950893253087997
0.35352838039398193 0.30076998472213745 0.03777330741286278
0.27621811628341675 0.17129121720790863 -0.04734521731734276
0.2713668644428253 0.3007594347000122 -0.06250172853469849
0.321148157119751 0.365607351064682 -0.03993954136967659
0.46573683619499207 0.2986789643764496 -0.007949299179017544
0.3833276927471161 0.17747221887111664 -0.09903209656476974
0.3685429096221924 0.3179531395435333 -0.07202280312776566
0.41582682728767395 0.39618954062461853 -0.017929457128047943
0.5980299115180969 0.31204310059547424 -0.05587151274085045
0.49986356496810913 0.21086731553077698 -0.10481522977352142
0.4654373526573181 0.3042341470718384 -0.07270017266273499
0.49393588304519653 0.375068724155426 -0.02779422327876091
