0.5461952686309814 0.6137198209762573 -1.809176978895266e-06
0.3462618887424469 0.5789998769760132 -0.05204211175441742
0.196382075548172 0.43789997696876526 -0.07087409496307373
0.24851110577583313 0.30583545565605164 -0.10261937975883484
0.4330814480781555 0.2530622184276581 -0.12447690963745117
0.2726792097091675 0.3021850287914276 0.04036390036344528
0.23435190320014954 0.21019309759140015 -0.06493134796619415
0.24659979343414307 0.28219032287597656 -0.13448914885520935
0.289562463760376 0.3419950604438782 -0.16204817593097687
0.42223060131073 0.2732654809951782 0.023631703108549118
0.4029049873352051 0.16258364915847778 -0.07640372216701508
0.4008936285972595 0.2662023603916168 -0.1044907197356224
0.43270227313041687 0.33972495794296265 -0.08645830303430557
0.5764020085334778 0.2650468945503235 -0.014667287468910217
0.5573270320892334 0.16456899046897888 -0.10597522556781769
0.5317828059196472 0.26780998706817627 -0.08548112213611603
0.5493312478065491 0.3399949073791504 -0.03495766595005989
0.7355601787567139 0.2767379581928253 -0.06123873591423035
0.7139460444450378 0.18274787068367004 -0.10170569270849228
0.6670290231704712 0.2488497793674469 -0.06851190328598022
0.6609715223312378 0.3087773323059082 -0.023983195424079895
