0.6477866172790527 0.6363976001739502 -2.2278593405644642e-06
0.46535512804985046 0.5647227764129639 -0.036840856075286865
0.3371084928512573 0.43543076515197754 -0.0635128915309906
0.3499424457550049 0.2879824638366699 -0.10726800560951233
0.4521876573562622 0.1913364827632904 -0.13644614815711975
0.3251352310180664 0.32091861963272095 0.03354767709970474
0.20379097759723663 0.17709767818450928 -0.07699540257453918
0.25403279066085815 0.292570024728775 -0.13231298327445984
0.3135201930999756 0.3600883483886719 -0.1472552865743637
0.43269145488739014 0.2872840464115143 0.007654676679521799
0.33305850625038147 0.14454622566699982 -0.09818869829177856
0.37415698170661926 0.28005605936050415 -0.11500334739685059
0.4218394458293915 0.34393447637557983 -0.092281274497509
0.5546447038650513 0.27096349000930786 -0.038440775126218796
0.46752434968948364 0.15048785507678986 -0.14193879067897797
0.4876004755496979 0.2985517084598541 -0.10954876244068146
0.5285141468048096 0.3766448199748993 -0.050294674932956696
0.6890718936920166 0.2688005566596985 -0.09030381590127945
0.5951293110847473 0.16945043206214905 -0.13866834342479706
0.5772924423217773 0.26991015672683716 -0.10107478499412537
0.5988783836364746 0.3463281989097595 -0.05283911153674126
