0.4894101023674011 0.7022569179534912 -2.2695464849675773e-06
0.312042236328125 0.6062334775924683 -0.0459829680621624
0.2094479203224182 0.46485263109207153 -0.08107435703277588
0.22746063768863678 0.3289632797241211 -0.13305239379405975
0.35413676500320435 0.2515423893928528 -0.169258713722229
0.265949547290802 0.34507012367248535 0.03030773438513279
0.17445972561836243 0.1960795521736145 -0.10069283097982407
0.16517473757266998 0.3125742971897125 -0.16462735831737518
0.21547803282737732 0.3858144283294678 -0.18271391093730927
0.38425254821777344 0.33580031991004944 -0.0027070394717156887
0.314994752407074 0.16947098076343536 -0.12946443259716034
0.2776086926460266 0.30033373832702637 -0.1474490910768509
0.32138606905937195 0.361872136592865 -0.11674851924180984
0.5156176090240479 0.35164475440979004 -0.05868891254067421
0.44226452708244324 0.22943133115768433 -0.18421296775341034
0.3944799602031708 0.36982426047325134 -0.1446954756975174
0.4409424364566803 0.42974328994750977 -0.07297997921705246
0.6597065925598145 0.38537299633026123 -0.12079890072345734
0.5577436685562134 0.2959544062614441 -0.1761452555656433
0.50148606300354 0.3864603042602539 -0.12785027921199799
0.5348296165466309 0.4404866695404053 -0.06850122660398483
