0.5759360194206238 0.6930588483810425 -2.5714914499985753e-06
0.3549700975418091 0.6075935959815979 -0.08138389885425568
0.22264519333839417 0.4179164469242096 -0.10866758227348328
0.39186015725135803 0.283010870218277 -0.1486501544713974
0.6550053358078003 0.23550359904766083 -0.1656838208436966
0.2890870273113251 0.32413533329963684 0.02880202606320381
0.2552662491798401 0.17625194787979126 -0.11826179921627045
0.24478842318058014 0.2846842408180237 -0.19352704286575317
0.27554506063461304 0.34932830929756165 -0.2216089963912964
0.4767569303512573 0.31338638067245483 0.004302322398871183
0.47389310598373413 0.1508110612630844 -0.14320561289787292
0.4298822581768036 0.2715514302253723 -0.16690903902053833
0.46087417006492615 0.3314925730228424 -0.13266800343990326
0.6675674915313721 0.3296087682247162 -0.05135094374418259
0.6859174370765686 0.18916520476341248 -0.18690983951091766
0.607225775718689 0.3173910975456238 -0.13797275722026825
0.6104947328567505 0.37990304827690125 -0.057646509259939194
0.87247633934021 0.3639250099658966 -0.11955398321151733
0.8513619899749756 0.25994327664375305 -0.1896275132894516
0.7672382593154907 0.3453163504600525 -0.14176565408706665
0.7604093551635742 0.4001784920692444 -0.08035197108983994
