0.6069070100784302 0.6285293698310852 -1.9792178136412986e-06
0.4103977680206299 0.5914604663848877 -0.06529692560434341
0.2380141168832779 0.46834796667099 -0.10043375939130783
0.25477150082588196 0.3448706269264221 -0.14341650903224945
0.41894739866256714 0.28468483686447144 -0.16904576122760773
0.3145267367362976 0.3293205499649048 0.0043633729219436646
0.21797800064086914 0.20842626690864563 -0.10573486983776093
0.20715108513832092 0.3095684051513672 -0.1594333052635193
0.25771278142929077 0.36350661516189575 -0.1796872466802597
0.45080071687698364 0.3107815980911255 -0.014307955279946327
0.3732961416244507 0.17969967424869537 -0.12022991478443146
0.3387705385684967 0.2885883152484894 -0.13400453329086304
0.38976603746414185 0.3377218544483185 -0.10965068638324738
0.5926337242126465 0.31630346179008484 -0.05564127862453461
0.5225011706352234 0.18513405323028564 -0.16227732598781586
0.4666464328765869 0.29462847113609314 -0.1296645551919937
0.5048867464065552 0.3504257798194885 -0.0726235955953598
0.7445822954177856 0.3400941491127014 -0.10513754189014435
0.6432641744613647 0.24549756944179535 -0.16991133987903595
0.5793980360031128 0.3206137716770172 -0.14121559262275696
0.6056157350540161 0.3783609867095947 -0.09797697514295578
