0.6289800405502319 0.6131683588027954 -1.9894278011634015e-06
0.4415097236633301 0.541900634765625 -0.02827102318406105
0.3209184408187866 0.4117998778820038 -0.04891432821750641
0.3354867696762085 0.2622123062610626 -0.08681942522525787
0.4224608838558197 0.1632138043642044 -0.1108994334936142
0.29554879665374756 0.3116194009780884 0.0431518629193306
0.17274796962738037 0.1687767654657364 -0.05821400508284569
0.2314133197069168 0.2779091000556946 -0.10901784151792526
0.29098302125930786 0.34404584765434265 -0.12165017426013947
0.3987846076488495 0.27445724606513977 0.015464471653103828
0.2943565547466278 0.1317378282546997 -0.08096902072429657
0.3420320153236389 0.25865450501441956 -0.0964132696390152
0.38731130957603455 0.3206314742565155 -0.07391126453876495
0.5191026926040649 0.25604453682899475 -0.03087323158979416
0.43229252099990845 0.1409839689731598 -0.12703515589237213
0.4636128544807434 0.2864740788936615 -0.094009630382061
0.5070073008537292 0.3649657666683197 -0.03598592057824135
0.6533789038658142 0.25443321466445923 -0.08218308538198471
0.5619861483573914 0.1599498838186264 -0.12838032841682434
0.5590335130691528 0.2612328827381134 -0.08900808542966843
0.5888078212738037 0.3355531692504883 -0.039693571627140045
