0.44572046399116516 0.5970706939697266 -1.6025469449232332e-06
0.3045988082885742 0.5333414077758789 -0.009145271964371204
0.20986992120742798 0.4104384481906891 -0.025159379467368126
0.22675995528697968 0.2899603247642517 -0.05735626071691513
0.29504674673080444 0.20392516255378723 -0.08570729196071625
0.23147517442703247 0.2949780523777008 0.0250692181289196
0.1336226463317871 0.18281084299087524 -0.0624808669090271
0.11633023619651794 0.26650649309158325 -0.11345590651035309
0.14961886405944824 0.33700844645500183 -0.13129769265651703
0.3177190124988556 0.2774534523487091 -0.007718871347606182
0.23075133562088013 0.15666364133358002 -0.09451513737440109
0.22438478469848633 0.27259737253189087 -0.11667005717754364
0.270277738571167 0.3405705392360687 -0.10457640141248703
0.41452109813690186 0.2730303108692169 -0.05243711173534393
0.3308432698249817 0.17531374096870422 -0.1337692141532898
0.3367232084274292 0.31471917033195496 -0.10855215042829514
0.386079877614975 0.38960471749305725 -0.06313774734735489
0.5276840925216675 0.28366759419441223 -0.09974895417690277
0.43486058712005615 0.1993330717086792 -0.13997024297714233
0.4201353192329407 0.2973530888557434 -0.10538969188928604
0.45595717430114746 0.3613174557685852 -0.06410396844148636
