0.46174484491348267 0.6666464805603027 -2.0429702090041246e-06
0.28863975405693054 0.5629515647888184 -0.03959626331925392
0.23274880647659302 0.38033223152160645 -0.0533125139772892
0.32653146982192993 0.24848145246505737 -0.08952784538269043
0.5210719704627991 0.19513654708862305 -0.11342593282461166
0.3966604471206665 0.2848239839076996 0.06816226243972778
0.43100088834762573 0.15233515202999115 -0.04925580322742462
0.3306623697280884 0.19260245561599731 -0.1284411996603012
0.2945196032524109 0.2594587504863739 -0.15943945944309235
0.534447431564331 0.2912151515483856 0.03292776271700859
0.5701047778129578 0.13708466291427612 -0.071355439722538
0.4516022205352783 0.18935948610305786 -0.10830092430114746
0.43341559171676636 0.257193386554718 -0.09860226511955261
0.6798583269119263 0.31921547651290894 -0.02673131786286831
0.7139912843704224 0.16318948566913605 -0.13109268248081207
0.5759987235069275 0.2339629828929901 -0.1145363301038742
0.5518857836723328 0.31529712677001953 -0.06603193283081055
0.8258088231086731 0.3641740679740906 -0.09480853378772736
0.8000924587249756 0.23133867979049683 -0.14776240289211273
0.6742290258407593 0.2716688811779022 -0.11776876449584961
0.6369038820266724 0.339945912361145 -0.07481272518634796
