0.6550674438476562 0.6618815064430237 -2.401730625933851e-06
0.42093655467033386 0.6128742694854736 -0.07091134041547775
0.22803324460983276 0.4811379611492157 -0.11109599471092224
0.2679060995578766 0.3364192843437195 -0.1600312441587448
0.4542202949523926 0.2718524932861328 -0.19063830375671387
0.2764415740966797 0.35007229447364807 0.013601237908005714
0.20880946516990662 0.20693564414978027 -0.10041958838701248
0.20870551466941833 0.31158843636512756 -0.16536808013916016
0.2577310800552368 0.3828541040420532 -0.19418568909168243
0.42856428027153015 0.3272491693496704 -0.002751812105998397
0.38220345973968506 0.1664254069328308 -0.11338074505329132
0.35868707299232483 0.28250423073768616 -0.13617880642414093
0.39839696884155273 0.3582974970340729 -0.1180499941110611
0.5845035314559937 0.32704105973243713 -0.042404934763908386
0.5481400489807129 0.16649781167507172 -0.15057651698589325
0.4963235557079315 0.2856549918651581 -0.11826267093420029
0.5204364657402039 0.3667021691799164 -0.06207006424665451
0.7539172172546387 0.3465971052646637 -0.09136080741882324
0.6766738891601562 0.23391951620578766 -0.1626579910516739
0.6089898943901062 0.3134821355342865 -0.1380937248468399
0.6163150668144226 0.38460230827331543 -0.0985938310623169
