0.3897389637639655 1.0 -5.748986495746067e-07
0.7978315558132921 0.7969435074399506 -0.04373829811811447
1.0 0.470973815477948 -0.05798850208520889
0.6616783667506235 0.21831733920833193 -0.06920218467712402
0.28606729631228955 0.24993417255171624 -0.06737194955348969
0.8407873489488652 0.2651564077401488 -0.00104578398168087
0.7771127240456291 0.0 -0.05170123279094696
0.790324045542589 0.26489834534622264 -0.0762413740158081
0.8375168318722346 0.3762815989373625 -0.08757304400205612
0.5566373082947315 0.3017770669857921 -0.005567328073084354
0.47294337768464234 0.049119729202873066 -0.06100327521562576
0.559911072938961 0.3590155409167911 -0.06948963552713394
0.5907965233273322 0.4541575457209026 -0.060502905398607254
0.28667838028215514 0.3730352601731015 -0.02088475041091442
0.2032606011702285 0.17257090450281676 -0.08656768500804901
0.3431660298367026 0.46659262873554125 -0.06763901561498642
0.37708925495711426 0.5611684626608386 -0.03556514158844948
0.0026686345482952816 0.4774484795464994 -0.039240941405296326
0.0 0.3230800197051588 -0.07483334094285965
0.11506813992209951 0.5137354198663401 -0.05002616345882416
0.11462235714301952 0.6031657481107405 -0.021296462044119835
