0.3199881315231323 0.8780984878540039 -8.173659011845302e-07
0.45065838098526 0.7998557686805725 -0.050133172422647476
0.5352945923805237 0.6477094888687134 -0.06877854466438293
0.45370274782180786 0.5282847285270691 -0.08379819989204407
0.33663612604141235 0.5427852869033813 -0.08626250922679901
0.46229928731918335 0.5453862547874451 -0.016792282462120056
0.47423768043518066 0.43468809127807617 -0.07311629503965378
0.4738881587982178 0.5510167479515076 -0.09965250641107559
0.4725576341152191 0.6009920835494995 -0.11252116411924362
0.36732202768325806 0.5595719218254089 -0.023022033274173737
0.37362024188041687 0.4462766647338867 -0.08622820675373077
0.3919958174228668 0.5845633149147034 -0.09657460451126099
0.3862626552581787 0.6266626715660095 -0.0877973735332489
0.27873533964157104 0.590383768081665 -0.039143506437540054
0.28509441018104553 0.4950382709503174 -0.11296644806861877
0.32126450538635254 0.6281951665878296 -0.08963143080472946
0.31685757637023926 0.6692594289779663 -0.053979527205228806
0.18630293011665344 0.6329643130302429 -0.05836744233965874
0.21836718916893005 0.5607991218566895 -0.09792862832546234
0.25137317180633545 0.649682879447937 -0.06634195894002914
0.23953743278980255 0.6866365671157837 -0.03317970782518387
