0.40025045255136393 1.0 -3.1489864227296493e-07
0.7690824368108524 0.737779736935483 -0.017727412283420563
1.0 0.44303701714391264 -0.026305213570594788
0.8183232112322102 0.19274445994487893 -0.03590817376971245
0.5162329853703228 0.1267787356182162 -0.043301355093717575
0.7855728295893021 0.22377891546646317 -0.0005972960498183966
0.7667760664340352 0.0 -0.025636868551373482
0.7488787721841476 0.17748227036538358 -0.044211842119693756
0.7716689441556085 0.3310474580637635 -0.05381886288523674
0.5157364319098153 0.2567248662074865 -0.0032543845009058714
0.46792859110532103 0.04031334911461194 -0.029384009540081024
0.4981868804980765 0.2636134793830719 -0.04160114750266075
0.5387737149930781 0.4409575217883721 -0.044112902134656906
0.26986126420646056 0.3297611785407016 -0.009868418797850609
0.2018015798792497 0.1357143377938939 -0.03668804094195366
0.29310097636086924 0.3476885854692338 -0.03439002484083176
0.3553826900220341 0.5213591059111744 -0.025548193603754044
0.02434782676267736 0.4404441036509194 -0.0179375521838665
0.0 0.29066940003596964 -0.03526204824447632
0.10401007716005613 0.42812935949720266 -0.028691336512565613
0.1669313268118276 0.5545295631631905 -0.01875246688723564
