0.24719332276381464 1.0 -1.7894946324759076e-07
0.7002955729143128 0.7733329260308303 -0.02474122680723667
1.0 0.5013056199227319 -0.03428065776824951
0.8090349499153052 0.24842642692214717 -0.04410821944475174
0.4802613334586731 0.23281362121395924 -0.04959229752421379
0.7780849406052104 0.21810153170218471 0.0023185310419648886
0.7531494333496637 0.0 -0.02607298269867897
0.6974681965351985 0.19640716601757727 -0.04405699297785759
0.7414711396098438 0.3215683858454939 -0.05312415957450867
0.4852457593873777 0.2214067033963448 0.0013207760639488697
0.43704260769429626 0.022372876825554784 -0.03284050524234772
0.4376485773632727 0.25390232024374704 -0.045772407203912735
0.4884896495246428 0.37766870033981365 -0.04588388279080391
0.2407279590283515 0.26166840896186916 -0.00548941595479846
0.1719605251978169 0.10281587998048473 -0.039098743349313736
0.21897487720617612 0.3237833869337553 -0.036857761442661285
0.28897883625622106 0.4340128823123895 -0.025664128363132477
0.016861214506393232 0.3333049396492244 -0.014545612037181854
0.0 0.21548522505274617 -0.03073768876492977
0.055195304096622516 0.3710617348208099 -0.022374097257852554
0.11371295621724518 0.464761186107969 -0.010739896446466446
