0.3831395824328963 1.0 -2.64931117044398e-07
0.7533085230055259 0.7516677654302029 -0.031089991331100464
1.0 0.5148819065442779 -0.045547615736722946
0.7868222453500976 0.3220655980986046 -0.06204730272293091
0.46559050502049315 0.28662853119851767 -0.0755111426115036
0.8086414739293059 0.20815547064385864 0.01536756381392479
0.804678078070748 0.01609200585768847 -0.020877601578831673
0.7527934063951615 0.173824136027619 -0.05162673071026802
0.7539849642623824 0.3256356400873159 -0.06674150377511978
0.5204898433509626 0.22080292669888124 0.015121521428227425
0.5085471901946038 0.0 -0.02306077443063259
0.5052821196319048 0.17243934371034586 -0.04926431179046631
0.5495981403055882 0.37021792952231863 -0.055873747915029526
0.256043396610471 0.2797374066429532 0.007534564007073641
0.2506609049919878 0.1346443043568063 -0.03438348323106766
0.2751880028331414 0.35453452578456696 -0.04037153720855713
0.3141699292822891 0.560727546010974 -0.029933976009488106
0.0 0.3797922225930374 -0.0022852574475109577
0.017015120888974555 0.24594131562877386 -0.028590301051735878
0.0689545026620671 0.41914795129217547 -0.021939286962151527
0.12276539061676937 0.5903591353221701 -0.0069988202303647995
