0.3030221438264023 1.0 -6.130941301307757e-07
0.6865279047654101 0.8750387110234904 -0.07998158037662506
1.0 0.6444108875220532 -0.12003647536039352
0.8677834699112233 0.4044891085523904 -0.15793827176094055
0.5620002032885457 0.3452166146581151 -0.18263201415538788
0.8268135763598334 0.2735444734262833 -0.04174330085515976
0.8914280727831494 0.02356127203309772 -0.14138038456439972
0.8297628446551322 0.25755711581075136 -0.19017180800437927
0.8147368595527213 0.3986646342684716 -0.2053370475769043
0.5441314082509312 0.266683389423198 -0.047030579298734665
0.5918620475154069 0.0 -0.15878845751285553
0.5871750155939864 0.2556005678987762 -0.19146259129047394
0.5996131545726638 0.4151329881391006 -0.18218077719211578
0.27442418031937754 0.3150539829709706 -0.06630639731884003
0.2867206998195997 0.1534210858643782 -0.1905267983675003
0.34969493311831223 0.46249432674359864 -0.17858879268169403
0.3896401573365593 0.6530806965645444 -0.1306414008140564
0.0 0.3998254599806565 -0.08950647711753845
0.021867595293943293 0.27796353525627837 -0.17000924050807953
0.1301331881225864 0.4894625338986881 -0.14552874863147736
0.18991016669416994 0.6445767684406296 -0.10083917528390884
