0.24478229336214868 1.0 -4.5020871652923233e-07
0.679126629020818 0.8720815958718661 -0.063449926674366
1.0 0.6555912988463155 -0.09778417646884918
0.8832957194944313 0.4044141477211744 -0.13127386569976807
0.5954529463457285 0.32649148070207196 -0.15471085906028748
0.7972681257009004 0.2696326822744579 -0.03638337180018425
0.8618552355176323 0.03963456677577276 -0.11693122237920761
0.8171317654003944 0.28412866370646367 -0.15979769825935364
0.8014327161121648 0.4030266249961027 -0.17691628634929657
0.530475690936559 0.27123685367192185 -0.04297836497426033
0.5915698551617783 0.0 -0.13451874256134033
0.6114517194128414 0.2847573090645617 -0.1631138175725937
0.5971468483196508 0.4435708844270937 -0.158196359872818
0.27460102426185484 0.32495609498217726 -0.05989886820316315
0.31911533260262226 0.13230529142033182 -0.16017505526542664
0.3914620359109181 0.4445291933534218 -0.1463320255279541
0.39703468321418567 0.6266625205798304 -0.10602205246686935
0.0 0.40914460471136366 -0.07980404049158096
0.06720254325019036 0.25863298881632624 -0.1412675529718399
0.1809677643430901 0.46556155242072883 -0.11607883125543594
0.2091499305118877 0.6166331659539316 -0.07780063897371292
