0.3337404359878132 1.0 -2.887067012125044e-07
0.7349563507437902 0.8125116351736845 -0.03708723187446594
1.0 0.5396233668669802 -0.053276222199201584
0.8280945083549772 0.28755967675015726 -0.06873264163732529
0.5097138811249493 0.2805971888173355 -0.0778316929936409
0.7627977471143459 0.2598664936748301 -0.010390657931566238
0.7696886068031394 0.0 -0.05303244665265083
0.7583557262841193 0.20181381334945675 -0.07763488590717316
0.7746360679737743 0.33836554780758143 -0.0876883864402771
0.4972426650649916 0.2852678258877426 -0.012973823584616184
0.4874155035354319 0.008571326264610882 -0.05746825039386749
0.5292188538235651 0.22934007343542653 -0.07335380464792252
0.5543348365938806 0.3743316622625957 -0.07218165695667267
0.2498290422378031 0.3583959502380657 -0.022477108985185623
0.23239330956480733 0.16548624025473482 -0.07513351738452911
0.34470224539508815 0.42170768453229585 -0.07121121138334274
0.3997754213097612 0.5948248172620817 -0.052071619778871536
0.0 0.466100292391358 -0.034149520099163055
0.01973913931323265 0.3124828645623919 -0.06951218098402023
0.14496296318490565 0.4857952455273279 -0.05827401205897331
0.20148400787223905 0.6345736881269298 -0.0388181172311306
