0.2648588434655669 1.0 -5.345477802620735e-07
0.6962900167701886 0.832604003177527 -0.03899851441383362
1.0 0.5944681586300363 -0.05874456837773323
0.8400356542977647 0.33030331604242963 -0.07865297794342041
0.5197374762507807 0.2673146869238599 -0.09048569202423096
0.8113527467509049 0.297792490123706 -0.013228596188127995
0.8598822898464087 0.013639403221992225 -0.068467877805233
0.7993715025865915 0.23267795987416667 -0.09952285140752792
0.8009528715769016 0.37613704292280264 -0.11231974512338638
0.5305147692344948 0.3023819891693233 -0.01832435466349125
0.5477674901139322 0.0 -0.07671239972114563
0.5459737773405179 0.2601637569876063 -0.09416613727807999
0.5693165771387702 0.4278911590840474 -0.0911938026547432
0.26539012591891165 0.35073058976847954 -0.031657107174396515
0.24916464981491035 0.14834475491384602 -0.09406367689371109
0.3194307727278039 0.4206261168904308 -0.08510826528072357
0.3645051821453353 0.5976903553279532 -0.06036023050546646
0.0 0.4289902858303641 -0.047738708555698395
0.009839353150923186 0.27674896302157304 -0.08512468636035919
0.10869120037528168 0.4647686859607871 -0.06981309503316879
0.15519692109974412 0.6093824183289294 -0.04718303307890892
