0.33509260416030884 0.5754377245903015 -3.7834297472727485e-07
0.46242058277130127 0.5126377940177917 -0.028442896902561188
0.5405241847038269 0.4298454225063324 -0.0401793010532856
0.4859381318092346 0.34425681829452515 -0.053878653794527054
0.3964042067527771 0.3405691981315613 -0.06205848231911659
0.49767830967903137 0.33455708622932434 0.005038912408053875
0.5022730231285095 0.23924772441387177 -0.03686828538775444
0.4864951968193054 0.3117525279521942 -0.06451445072889328
0.4914817810058594 0.36504679918289185 -0.07788731157779694
0.4192977547645569 0.32812681794166565 -0.0010509710991755128
0.4244231581687927 0.22460488975048065 -0.04470767825841904
0.415243923664093 0.3125356137752533 -0.06151198968291283
0.418000191450119 0.37567082047462463 -0.06117622181773186
0.3440219759941101 0.3380117118358612 -0.014135370030999184
0.3397701382637024 0.24572491645812988 -0.06263377517461777
0.34594517946243286 0.34270158410072327 -0.056281983852386475
0.3553069233894348 0.4129732847213745 -0.03676639497280121
0.2664144039154053 0.3625468313694 -0.029365234076976776
0.26872357726097107 0.3017233908176422 -0.05978471413254738
0.29100513458251953 0.36676058173179626 -0.046683747321367264
0.3076900243759155 0.4219242036342621 -0.027363358065485954
