0.36154571175575256 0.5951864719390869 -8.096686343606052e-08
0.48849156498908997 0.5374037027359009 -0.03621206805109978
0.5676872730255127 0.45803481340408325 -0.051464714109897614
0.5107816457748413 0.3766573965549469 -0.06764969229698181
0.4124760329723358 0.38049545884132385 -0.07837004959583282
0.5139567852020264 0.35986974835395813 0.004981231410056353
0.517571210861206 0.27614355087280273 -0.03569259122014046
0.5039635896682739 0.336900532245636 -0.06244071573019028
0.5084998607635498 0.38576173782348633 -0.07466582953929901
0.4390542507171631 0.35468393564224243 7.012354035396129e-05
0.44343292713165283 0.25472408533096313 -0.04252717271447182
0.4403601288795471 0.32422763109207153 -0.061177290976047516
0.44249725341796875 0.37947705388069153 -0.06125509366393089
0.3687968850135803 0.36577680706977844 -0.0130403321236372
0.3623592257499695 0.2986389994621277 -0.06393244117498398
0.3721001148223877 0.38911283016204834 -0.06392862647771835
0.38023924827575684 0.4517271816730499 -0.04637813940644264
0.2989610731601715 0.39083078503608704 -0.02874450944364071
0.29797786474227905 0.3366529047489166 -0.05759314075112343
0.3176264762878418 0.39832133054733276 -0.044790931046009064
0.3298368453979492 0.4517068564891815 -0.025285253301262856
