0.29903868243022885 1.0 -4.313797035138123e-07
0.7266944388492755 0.8239332049678914 -0.03024972230195999
1.0 0.5771158930897693 -0.039616309106349945
0.8151383969623798 0.34021895798254675 -0.05015015974640846
0.49854259056047967 0.3268964614942688 -0.05462133139371872
0.7927827554512729 0.2725720576704521 0.007486280053853989
0.8033031223695489 0.021480978633160275 -0.0329262800514698
0.7607540189588151 0.23821751682006465 -0.05709880590438843
0.7768566078477458 0.3780855838568027 -0.06710846722126007
0.5255330218267599 0.2721826425751915 0.004361338913440704
0.5260433307073504 0.0 -0.04117840528488159
0.5061552139394806 0.2658570062689298 -0.05630756914615631
0.5160971718319226 0.44162647761344076 -0.053196921944618225
0.27259460005647007 0.3127778960297988 -0.00628263596445322
0.23761334639028325 0.09529528134514789 -0.056990839540958405
0.26791359948845295 0.3792648982575943 -0.04987451061606407
0.3010027525282732 0.5708309947559614 -0.02784625068306923
0.0099437267273834 0.38159449331488965 -0.01903475634753704
0.0 0.20794847744323042 -0.04765845090150833
0.0650123121967139 0.39670737379076726 -0.032338522374629974
0.11046285767224417 0.5486172770013368 -0.010710303671658039
