0.5350700616836548 0.5808289051055908 -3.9364473991554405e-07
0.6507517695426941 0.5345205068588257 -0.03113497979938984
0.7306411266326904 0.4670765995979309 -0.044789474457502365
0.6827245950698853 0.39017775654792786 -0.05870523303747177
0.602369487285614 0.3743811845779419 -0.067390576004982
0.6793996691703796 0.3584853708744049 -0.006222832482308149
0.6794129610061646 0.2750484347343445 -0.04729626700282097
0.6669609546661377 0.34030991792678833 -0.0723593458533287
0.669747531414032 0.38475221395492554 -0.0840601921081543
0.6091352105140686 0.3544393479824066 -0.009145955555140972
0.6087409257888794 0.2688194215297699 -0.05335671082139015
0.6010500192642212 0.35575997829437256 -0.06683019548654556
0.6016347408294678 0.4106433093547821 -0.06460653245449066
0.5427830219268799 0.3642371594905853 -0.018753161653876305
0.5373748540878296 0.2912227213382721 -0.06695349514484406
0.5419905185699463 0.3794364929199219 -0.05842401459813118
0.5468149781227112 0.4381071925163269 -0.037903644144535065
0.47285300493240356 0.3836880028247833 -0.030497176572680473
0.47464972734451294 0.3282274603843689 -0.0600142702460289
0.4904758334159851 0.38889649510383606 -0.04587847739458084
0.4999353289604187 0.43653514981269836 -0.0260618906468153
