0.3793829679489136 0.9024158716201782 -7.169595050982025e-07
0.4750010669231415 0.8058747053146362 -0.03686053678393364
0.5579546689987183 0.7000493407249451 -0.06129010394215584
0.513153076171875 0.6139689087867737 -0.08543219417333603
0.4227530062198639 0.5849881172180176 -0.10161476582288742
0.4373171627521515 0.5771787762641907 -0.02114606834948063
0.46331772208213806 0.5065158605575562 -0.07388582080602646
0.47525644302368164 0.6062664985656738 -0.10136453062295914
0.4645879864692688 0.6343856453895569 -0.1166653111577034
0.3603391647338867 0.5926311612129211 -0.028171459212899208
0.3917969763278961 0.5315086841583252 -0.07708022743463516
0.41629281640052795 0.6446235775947571 -0.08750565350055695
0.39204517006874084 0.6564909219741821 -0.08974890410900116
0.29415369033813477 0.6216092109680176 -0.04253707826137543
0.32148033380508423 0.5613003969192505 -0.09959007054567337
0.35277774930000305 0.6701458096504211 -0.07789971679449081
0.3281978666782379 0.6898430585861206 -0.05455998331308365
0.22232100367546082 0.6633356213569641 -0.05884362384676933
0.2608307898044586 0.6078332662582397 -0.0898490622639656
0.2941589653491974 0.6828551292419434 -0.061405979096889496
0.2763364315032959 0.7103755474090576 -0.03492911159992218
