0.3636372685432434 0.864192008972168 -2.1507128167286282e-07
0.4573248624801636 0.8238192796707153 -0.055184781551361084
0.5158636569976807 0.7220284938812256 -0.07624981552362442
0.46101242303848267 0.6330509185791016 -0.08944907039403915
0.37264126539230347 0.6127904057502747 -0.09565582126379013
0.460832804441452 0.6326597929000854 -0.024589207023382187
0.44578757882118225 0.5607074499130249 -0.07056309282779694
0.44725877046585083 0.6128818988800049 -0.0941484123468399
0.45550182461738586 0.6592743396759033 -0.10240703821182251
0.38357603549957275 0.6398342251777649 -0.014621484093368053
0.3637448847293854 0.5668385028839111 -0.0635317862033844
0.38745543360710144 0.6530889272689819 -0.07479530572891235
0.4024185240268707 0.7042309045791626 -0.06790769100189209
0.31673067808151245 0.6632797718048096 -0.01337757334113121
0.2962563633918762 0.6074356436729431 -0.07205667346715927
0.3306063711643219 0.6938614845275879 -0.05919673293828964
0.3457832932472229 0.7405367493629456 -0.0337061807513237
0.2500789761543274 0.7009162902832031 -0.015219359658658504
0.24535615742206573 0.6566260457038879 -0.05905870720744133
0.2750779390335083 0.7204640507698059 -0.04617800936102867
0.2880399227142334 0.7572717666625977 -0.02420651540160179
