0.37173516973941534 1.0 -5.685300834556983e-07
0.7916174971166865 0.814400672028155 -0.04390546306967735
1.0 0.48129135995481337 -0.053752727806568146
0.6621446599600276 0.2116658017237287 -0.059461381286382675
0.29053700073306604 0.212125452024345 -0.05231234058737755
0.8796231515154409 0.2741443989504548 -0.0016128692077472806
0.8000296091826672 0.0 -0.050789158791303635
0.7743467474074056 0.2547171600967964 -0.0730300173163414
0.841889829962105 0.368897821635199 -0.08176512271165848
0.5761022853990911 0.30099942991250256 -0.004311567172408104
0.48977217644207466 0.04893837346137161 -0.05827340483665466
0.5236362464152592 0.35453733449672387 -0.06586449593305588
0.5779299360775951 0.4426281879723027 -0.056214526295661926
0.29254350042622895 0.3614165031112563 -0.018270662054419518
0.2102123026153982 0.1604217845920695 -0.08358556777238846
0.3006055555422898 0.462845765281235 -0.06896303594112396
0.36261363120807855 0.5477263697574505 -0.03947729244828224
0.00786052164693915 0.45786976800440254 -0.035418953746557236
0.0 0.31567973961046486 -0.07056082785129547
0.08337945839074092 0.5159110164755376 -0.0495123490691185
0.09317484461148692 0.6008778332150735 -0.023415539413690567
