0.6672618389129639 0.8925228118896484 -5.496137873706175e-07
0.771148145198822 0.835233211517334 -0.038669366389513016
0.8274338245391846 0.716941237449646 -0.04864274710416794
0.7465940713882446 0.6248094439506531 -0.05482188239693642
0.6526798009872437 0.626950740814209 -0.050050150603055954
0.785667896270752 0.6398254632949829 -0.005409606732428074
0.7724772691726685 0.5543184280395508 -0.04847167804837227
0.771939218044281 0.6427903175354004 -0.06741667538881302
0.7819955348968506 0.6801504492759705 -0.07613569498062134
0.7089289426803589 0.6480034589767456 -0.010483433492481709
0.6963188052177429 0.565881609916687 -0.05868959054350853
0.7118417620658875 0.6715887188911438 -0.06547893583774567
0.7158156633377075 0.7035254836082458 -0.05711890384554863
0.6379421949386597 0.6719408631324768 -0.024378545582294464
0.6256716847419739 0.6032760143280029 -0.08525271713733673
0.6545214056968689 0.7083097696304321 -0.06829070299863815
0.6598289012908936 0.7386726140975952 -0.0396900400519371
0.5655897259712219 0.7092808485031128 -0.0402727909386158
0.570658802986145 0.6582059264183044 -0.07661471515893936
0.5961536765098572 0.7285271883010864 -0.05449450761079788
0.5947887897491455 0.7560418844223022 -0.02831016294658184
