0.12804116889083345 1.0 -5.283166046865517e-07
0.620312467446158 0.7944995110725123 -0.029903722926974297
0.9468431733776578 0.48793760103954514 -0.038538601249456406
0.6888719623623734 0.19211799790331172 -0.04595401510596275
0.3205425646230181 0.1381840579255717 -0.04352526366710663
1.0 0.33431629269729735 0.007617094554007053
0.9089647145484908 0.0007604323368351868 -0.027873914688825607
0.7877113417497484 0.24558111881873756 -0.04471588507294655
0.8366250012800833 0.3593486994869117 -0.05151142552495003
0.6531066120450717 0.302439387210882 0.0073646972887218
0.5588947778605271 0.0 -0.03583274409174919
0.4983443667684024 0.27739519171475124 -0.04543633013963699
0.5418099918533734 0.38348285545320043 -0.03934961184859276
0.33955400839099004 0.3024218864506927 -0.0006251177401281893
0.24156884181949095 0.043558784445810475 -0.04524017870426178
0.2320953427215524 0.3310618805004342 -0.03297719731926918
0.2808282015235993 0.4419748927288474 -0.010702414438128471
0.02441869211154416 0.3295549921283039 -0.01123826764523983
0.005227153868129175 0.19465001761013995 -0.035235174000263214
0.0 0.3941693786768307 -0.02162117324769497
0.012481253401048857 0.4889878897170151 -0.00317201460711658
