0.5813614130020142 0.6045988202095032 -6.796091156502371e-07
0.6658035516738892 0.5560885071754456 -0.02170182578265667
0.714174747467041 0.4681922197341919 -0.025084057822823524
0.6684274673461914 0.38916268944740295 -0.0288993027061224
0.6068519353866577 0.3743142783641815 -0.02506527118384838
0.691292405128479 0.4071594476699829 0.012575536966323853
0.6862888336181641 0.33711889386177063 -0.022833313792943954
0.6765526533126831 0.40143147110939026 -0.04086814820766449
0.6818816661834717 0.4325634241104126 -0.04905598238110542
0.6344385147094727 0.40805426239967346 0.007166016381233931
0.6237322092056274 0.3409375250339508 -0.03567147254943848
0.6268297433853149 0.42068013548851013 -0.04407290369272232
0.6340585947036743 0.4484994411468506 -0.03795310854911804
0.5833280682563782 0.4189082086086273 -0.005459953565150499
0.5700300335884094 0.36445164680480957 -0.05462498962879181
0.5822954773902893 0.4442829191684723 -0.0410633310675621
0.5897883772850037 0.47201603651046753 -0.017900610342621803
0.5307641625404358 0.43701109290122986 -0.01947290636599064
0.5302331447601318 0.3993436098098755 -0.048274725675582886
0.5384616851806641 0.45819973945617676 -0.032159965485334396
0.5398334264755249 0.48420920968055725 -0.011991106905043125
