0.2159746417472424 1.0 -5.670415248459904e-07
0.487571131328389 0.9009325961481548 -0.09682952612638474
0.6902448111853768 0.5917023170997402 -0.13274426758289337
0.5523887736677809 0.27997462676633966 -0.15338431298732758
0.3906242753560683 0.1035367819373421 -0.1580236405134201
1.0 0.3130751105646988 -0.06424541771411896
0.7054047823194834 0.0 -0.14051036536693573
0.6270573166324588 0.2640424408795034 -0.17535310983657837
0.7242092853450924 0.37094200939309513 -0.18794989585876465
0.6829779278079329 0.2742607086196242 -0.03940394148230553
0.4585298110251851 0.005934984576208777 -0.12587754428386688
0.4227392621632079 0.3067406176820788 -0.14329437911510468
0.5176888734347971 0.3919950509019501 -0.1338391900062561
0.39004713672248437 0.26579740995781237 -0.029618846252560616
0.2059219890491529 0.07134042302349708 -0.11298834532499313
0.1942040135779929 0.3617910991990556 -0.10140475630760193
0.30639183277139237 0.42397092463020053 -0.0711095929145813
0.1278471855193766 0.2928626446074274 -0.027816524729132652
0.0 0.17625727172445085 -0.07914436608552933
0.016054580825061796 0.3964634602476157 -0.0705396756529808
0.1049463648667753 0.4690683793728553 -0.04899897053837776
