0.6597878932952881 0.6395901441574097 -2.1778255359095056e-06
0.5234154462814331 0.5938299298286438 -0.1304529905319214
0.4369010329246521 0.4774775803089142 -0.20347122848033905
0.452623188495636 0.39201682806015015 -0.26737216114997864
0.50371915102005 0.34846076369285583 -0.31568166613578796
0.5094724297523499 0.28192487359046936 -0.12183795124292374
0.5239890813827515 0.18962602317333221 -0.24844689667224884
0.5737281441688538 0.32027173042297363 -0.3133661448955536
0.5840843319892883 0.4172062873840332 -0.3345472514629364
0.672754168510437 0.26558539271354675 -0.11375110596418381
0.7054284811019897 0.16085615754127502 -0.2630806863307953
0.7301409840583801 0.31594762206077576 -0.2984471619129181
0.718826949596405 0.421531081199646 -0.2803107500076294
0.8163399696350098 0.27991983294487 -0.12466580420732498
0.8662174344062805 0.17105823755264282 -0.27376213669776917
0.8601889610290527 0.30722638964653015 -0.25991958379745483
0.8371630907058716 0.4044382870197296 -0.20518232882022858
0.9249649047851562 0.31749454140663147 -0.14363603293895721
0.9696328043937683 0.23853673040866852 -0.23856788873672485
0.9369180202484131 0.32639724016189575 -0.21478557586669922
0.9065451622009277 0.3930996060371399 -0.1677922010421753
