0.43118733167648315 0.6596990823745728 -3.1310278245655354e-06
0.21342957019805908 0.5631280541419983 -0.10554105043411255
0.21995964646339417 0.4106351435184479 -0.1924513578414917
0.4618333578109741 0.3501760959625244 -0.27630093693733215
0.6599369049072266 0.30813977122306824 -0.3586849868297577
0.30097317695617676 0.23932018876075745 -0.13029813766479492
0.18879073858261108 0.18115103244781494 -0.2962733209133148
0.1328066885471344 0.3167431056499481 -0.4140395522117615
0.13141703605651855 0.43268969655036926 -0.4753485321998596
0.482776015996933 0.25509077310562134 -0.15414117276668549
0.3723263442516327 0.16184139251708984 -0.31374087929725647
0.2843114137649536 0.30000022053718567 -0.38497358560562134
0.2534898519515991 0.42091915011405945 -0.4043329060077667
0.6560826897621155 0.3089246153831482 -0.19546088576316833
0.592302680015564 0.18914349377155304 -0.349622517824173
0.47194036841392517 0.3147117495536804 -0.3694562613964081
0.4117644131183624 0.4220811724662781 -0.3536166846752167
0.8125189542770386 0.38308411836624146 -0.24222102761268616
0.6528957486152649 0.36377328634262085 -0.36211612820625305
0.5404496788978577 0.459578275680542 -0.3671382665634155
0.5107103586196899 0.5251988172531128 -0.3472795784473419
