0.47738727927207947 0.6878520250320435 -1.236412686012045e-06
0.2636715769767761 0.5809170007705688 -0.021932197734713554
0.21891158819198608 0.4259496331214905 -0.04977787658572197
0.33208268880844116 0.31464269757270813 -0.08350145071744919
0.4474216401576996 0.23327746987342834 -0.11841746419668198
0.32447075843811035 0.30498868227005005 -0.00405432004481554
0.2777706980705261 0.2233295440673828 -0.09183458238840103
0.21055707335472107 0.2741166353225708 -0.16395732760429382
0.20068854093551636 0.35031890869140625 -0.20070305466651917
0.47420644760131836 0.2997835576534271 -0.03399254381656647
0.3784593641757965 0.1992674469947815 -0.1009252741932869
0.28810596466064453 0.2574254870414734 -0.14592903852462769
0.2755127251148224 0.34343668818473816 -0.1646539270877838
0.6230179667472839 0.32121312618255615 -0.07422138005495071
0.515830934047699 0.2069893777370453 -0.14997580647468567
0.42279091477394104 0.2763667702674866 -0.16628366708755493
0.4006401300430298 0.363588809967041 -0.16507606208324432
0.7595791816711426 0.37162548303604126 -0.1145734116435051
0.5836344957351685 0.35704296827316284 -0.19474144279956818
0.4954913556575775 0.43995875120162964 -0.20543119311332703
0.47253066301345825 0.5086225271224976 -0.19718486070632935
