0.5411580204963684 0.7114810943603516 -6.240984475880396e-07
0.3127952814102173 0.6036836504936218 0.015744468197226524
0.2220759391784668 0.4848366975784302 0.017095403745770454
0.2807961106300354 0.39536821842193604 -0.00395681569352746
0.38596057891845703 0.34279924631118774 -0.026948004961013794
0.3609447479248047 0.39930596947669983 0.06531604379415512
0.3634006679058075 0.3215135931968689 0.014741137623786926
0.29717695713043213 0.3466019630432129 -0.03496497869491577
0.27069199085235596 0.40022140741348267 -0.05940312519669533
0.48548755049705505 0.39495348930358887 0.028890985995531082
0.48534953594207764 0.3072775602340698 -0.004525631200522184
0.41275137662887573 0.3515620827674866 -0.03155853599309921
0.39087405800819397 0.42112380266189575 -0.040137436240911484
0.6099736094474792 0.40417957305908203 -0.01651996560394764
0.6120486855506897 0.31532570719718933 -0.04508749395608902
0.5193149447441101 0.37478893995285034 -0.042017269879579544
0.4871080815792084 0.451047420501709 -0.029101800173521042
0.7358738780021667 0.4330331087112427 -0.06446501612663269
0.7205471992492676 0.3363338112831116 -0.0793079063296318
0.6199678182601929 0.3788476586341858 -0.06127237156033516
0.5640872120857239 0.4475296437740326 -0.03995902091264725
