0.5544763803482056 0.6692843437194824 -2.2942090254218783e-06
0.31236180663108826 0.5859122276306152 -0.03327241167426109
0.210734561085701 0.43926143646240234 -0.059074290096759796
0.28174811601638794 0.3233529031276703 -0.09624270349740982
0.3830581307411194 0.25179052352905273 -0.12940895557403564
0.3430328369140625 0.3113299012184143 0.0012559844180941582
0.28578639030456543 0.17167387902736664 -0.09978803247213364
0.2401084154844284 0.2667555809020996 -0.16379068791866302
0.2538967728614807 0.3561788499355316 -0.19210174679756165
0.47645270824432373 0.31156373023986816 -0.033460747450590134
0.41201862692832947 0.16118161380290985 -0.14118501543998718
0.34745317697525024 0.2669912576675415 -0.18341727554798126
0.35713502764701843 0.366346150636673 -0.18150827288627625
0.6188641786575317 0.33225035667419434 -0.08207596093416214
0.5477969646453857 0.1810528039932251 -0.18898282945156097
0.46650463342666626 0.27650752663612366 -0.19477471709251404
0.45672348141670227 0.3685535788536072 -0.1712353378534317
0.7715801000595093 0.37455499172210693 -0.13216032087802887
0.6607911586761475 0.3047269880771637 -0.2155396193265915
0.5935180187225342 0.3958844244480133 -0.20665186643600464
0.5964560508728027 0.4775330722332001 -0.17910173535346985
