0.4678586721420288 0.6753600835800171 -1.7963724303626805e-06
0.3198174238204956 0.5890684723854065 -0.017750639468431473
0.2604135274887085 0.44063374400138855 -0.03294043987989426
0.3057324290275574 0.34835994243621826 -0.05998276546597481
0.3805157244205475 0.2786252498626709 -0.0853949710726738
0.3465588688850403 0.30109864473342896 0.030119063332676888
0.2646939754486084 0.1958993375301361 -0.05955317243933678
0.1804286539554596 0.2742884159088135 -0.12511208653450012
0.17031362652778625 0.3649269640445709 -0.1555730551481247
0.453657865524292 0.301305890083313 -0.008008124306797981
0.3810766637325287 0.16321870684623718 -0.09916790574789047
0.27354514598846436 0.24953237175941467 -0.14824806153774261
0.2591540813446045 0.3422166705131531 -0.15485961735248566
0.5653449296951294 0.33231714367866516 -0.05855449661612511
0.502755343914032 0.1759662628173828 -0.14820194244384766
0.392934650182724 0.25761961936950684 -0.16447710990905762
0.3759920299053192 0.3385389745235443 -0.15193648636341095
0.6761963963508606 0.38913702964782715 -0.10963140428066254
0.545543909072876 0.32911261916160583 -0.18113864958286285
0.47731584310531616 0.40563955903053284 -0.17969124019145966
0.49581199884414673 0.4680853486061096 -0.15971677005290985
