0.3736899197101593 0.7047098278999329 -1.960447207238758e-06
0.20003637671470642 0.5651727914810181 -0.024349750950932503
0.16944542527198792 0.4130157232284546 -0.05889078974723816
0.28641343116760254 0.3284924626350403 -0.11196089535951614
0.43045690655708313 0.2846675217151642 -0.16513565182685852
0.2923082411289215 0.3054446876049042 0.024085814133286476
0.22694729268550873 0.1879807710647583 -0.09447093307971954
0.12348300218582153 0.25531327724456787 -0.18086901307106018
0.10744220018386841 0.333053320646286 -0.22468428313732147
0.42328548431396484 0.3150574564933777 -0.02901371754705906
0.38400799036026 0.15986578166484833 -0.14532558619976044
0.25515928864479065 0.2514421343803406 -0.20093616843223572
0.24069815874099731 0.33771970868110657 -0.2091737538576126
0.5569581985473633 0.3568081259727478 -0.09812432527542114
0.5247547030448914 0.18988579511642456 -0.20960673689842224
0.3902245759963989 0.2837669551372528 -0.2135140597820282
0.3758196532726288 0.3670330047607422 -0.18644578754901886
0.6881396770477295 0.4234975576400757 -0.17003466188907623
0.5807398557662964 0.3312705159187317 -0.2382664978504181
0.467157244682312 0.4052978754043579 -0.2153170108795166
0.4614589810371399 0.4715753197669983 -0.18047107756137848
