0.4351765215396881 0.6619745492935181 -1.7796803604142042e-06
0.26356208324432373 0.5794616937637329 -0.02851947769522667
0.20545384287834167 0.4257577359676361 -0.05983719602227211
0.28854817152023315 0.31761014461517334 -0.09943558275699615
0.369424432516098 0.23717808723449707 -0.13642480969429016
0.23297956585884094 0.3094554841518402 -0.008145189844071865
0.1722007542848587 0.1948193907737732 -0.10346870869398117
0.16100835800170898 0.2936779260635376 -0.16795684397220612
0.1923878788948059 0.3856159746646881 -0.19759270548820496
0.3422609865665436 0.2910316586494446 -0.03951486200094223
0.2718163728713989 0.1513383388519287 -0.136191263794899
0.2468404471874237 0.2694910764694214 -0.17858931422233582
0.27558043599128723 0.37270388007164 -0.18199241161346436
0.464369535446167 0.29825201630592346 -0.08220256865024567
0.38869085907936096 0.1544242650270462 -0.17167651653289795
0.3517787754535675 0.2687031924724579 -0.1757364422082901
0.36427557468414307 0.36535611748695374 -0.1567159742116928
0.5922296047210693 0.3268807530403137 -0.1265200823545456
0.49233773350715637 0.29228833317756653 -0.1895805299282074
0.4540266692638397 0.3981693387031555 -0.18019497394561768
0.46130698919296265 0.4729757308959961 -0.15847541391849518
