0.552634596824646 0.7200515270233154 -2.703348854993237e-06
0.3037489950656891 0.6455127596855164 -0.05428750813007355
0.23081640899181366 0.46730905771255493 -0.08807189017534256
0.35590845346450806 0.3409246802330017 -0.12431012839078903
0.5107097625732422 0.2590188682079315 -0.1563090980052948
0.34779030084609985 0.3462303578853607 -0.03193998709321022
0.30026674270629883 0.1847221851348877 -0.13680700957775116
0.23154592514038086 0.2668297290802002 -0.20366030931472778
0.24176043272018433 0.35904958844184875 -0.2330496460199356
0.524015486240387 0.348155677318573 -0.06549189984798431
0.4775180220603943 0.16951921582221985 -0.17198316752910614
0.37763065099716187 0.24592413008213043 -0.22820204496383667
0.3750552535057068 0.34088125824928284 -0.23524042963981628
0.7045464515686035 0.371410071849823 -0.11224300414323807
0.6793581247329712 0.1872343122959137 -0.2255399078130722
0.5559660792350769 0.2388799637556076 -0.2608519494533539
0.5232023596763611 0.30888572335243225 -0.2613910734653473
0.8830218315124512 0.41588783264160156 -0.15896661579608917
0.7607605457305908 0.3414606750011444 -0.2522076368331909
0.6714629530906677 0.43737244606018066 -0.24903053045272827
0.6792144775390625 0.5260177850723267 -0.22847117483615875
