0.6523710489273071 0.6983795166015625 -2.544388053138391e-06
0.42794618010520935 0.6345609426498413 -0.07530587911605835
0.3351514935493469 0.4584197700023651 -0.12200163304805756
0.49689170718193054 0.34606289863586426 -0.17175012826919556
0.6566375494003296 0.25701120495796204 -0.22056056559085846
0.30530646443367004 0.3232651650905609 -0.03339530900120735
0.18153223395347595 0.2552439272403717 -0.1653299778699875
0.19205766916275024 0.36971554160118103 -0.26336488127708435
0.23829379677772522 0.4769611358642578 -0.3107418119907379
0.45568734407424927 0.29509061574935913 -0.05244700238108635
0.309108704328537 0.19747142493724823 -0.17494599521160126
0.2987671494483948 0.3343972861766815 -0.22817362844944
0.3347216844558716 0.4564087390899658 -0.23398631811141968
0.6313996315002441 0.30332130193710327 -0.09068124741315842
0.5020239949226379 0.18197932839393616 -0.21648114919662476
0.4715842306613922 0.32470202445983887 -0.22549140453338623
0.48062676191329956 0.4452236592769623 -0.20325450599193573
0.8061932325363159 0.33797621726989746 -0.13463670015335083
0.6661363840103149 0.34556007385253906 -0.24340294301509857
0.6363604664802551 0.47202467918395996 -0.24719592928886414
0.6622252464294434 0.5566933751106262 -0.22597691416740417
