0.5994308590888977 0.7025637626647949 -3.0529097330145305e-06
0.32598012685775757 0.6090084314346313 -0.06710723787546158
0.24660912156105042 0.44644010066986084 -0.12110091745853424
0.4060215353965759 0.3448711037635803 -0.1800919622182846
0.5883343815803528 0.280185341835022 -0.2315869927406311
0.3790944814682007 0.32061365246772766 -0.053153179585933685
0.35509902238845825 0.1574423462152481 -0.18538472056388855
0.2921063005924225 0.25310373306274414 -0.2702205777168274
0.29119861125946045 0.3486732840538025 -0.3126046061515808
0.5605673789978027 0.32969725131988525 -0.09107609838247299
0.5353748202323914 0.14707306027412415 -0.2253211885690689
0.44397372007369995 0.2498280107975006 -0.28874629735946655
0.4303784966468811 0.3506343960762024 -0.3014773726463318
0.7409971356391907 0.36355334520339966 -0.14386112987995148
0.7266703844070435 0.18341577053070068 -0.27831435203552246
0.6103187203407288 0.27035996317863464 -0.3005713224411011
0.5721282362937927 0.35809969902038574 -0.29132601618766785
0.9189388155937195 0.4177093207836151 -0.19902606308460236
0.7839174866676331 0.3461143374443054 -0.3104429543018341
0.6841336488723755 0.4411410689353943 -0.30989983677864075
0.6785143613815308 0.5215871930122375 -0.29124853014945984
