0.5052667856216431 0.5985621213912964 -2.165885462090955e-06
0.2919955849647522 0.5341699123382568 -0.06621085107326508
0.2383403778076172 0.389224648475647 -0.11227104067802429
0.4526534974575043 0.31371432542800903 -0.1651144027709961
0.6459739208221436 0.2646218240261078 -0.21611632406711578
0.2652348577976227 0.2470644861459732 -0.0345669686794281
0.1941085159778595 0.15488654375076294 -0.171725332736969
0.20457127690315247 0.2314411699771881 -0.2792779803276062
0.23532773554325104 0.3184298872947693 -0.33421996235847473
0.45133522152900696 0.2337363213300705 -0.0723622739315033
0.38019198179244995 0.1148286759853363 -0.1935226023197174
0.36573606729507446 0.1962476670742035 -0.2672143876552582
0.3850120007991791 0.288224458694458 -0.2899940609931946
0.6458556056022644 0.2590189278125763 -0.12816999852657318
0.6188104748725891 0.12671177089214325 -0.2554784119129181
0.5715445280075073 0.21560457348823547 -0.29037436842918396
0.5553579926490784 0.30584749579429626 -0.2880539298057556
0.8472869396209717 0.31529149413108826 -0.18758615851402283
0.7751963138580322 0.2898380756378174 -0.3022245168685913
0.6945072412490845 0.37552186846733093 -0.3147284686565399
0.6549118161201477 0.445259690284729 -0.30036893486976624
