0.395701140165329 0.7348023056983948 -1.7902598301589023e-06
0.23088353872299194 0.6243230700492859 -0.021707599982619286
0.1640707552433014 0.4661315083503723 -0.04291107878088951
0.22812916338443756 0.3559371829032898 -0.07711616903543472
0.33733516931533813 0.28548017144203186 -0.10925113409757614
0.27114632725715637 0.34540054202079773 0.024937253445386887
0.2090967893600464 0.2026187628507614 -0.07259178161621094
0.10883384943008423 0.25625282526016235 -0.1397252231836319
0.08111235499382019 0.33297279477119446 -0.17247678339481354
0.3814566433429718 0.34358692169189453 -0.013380609452724457
0.3168039917945862 0.1804579347372055 -0.11094623059034348
0.19659529626369476 0.24290168285369873 -0.16457653045654297
0.15975210070610046 0.3242552876472473 -0.17687055468559265
0.5003008246421814 0.36735033988952637 -0.06438469886779785
0.41828325390815735 0.21052409708499908 -0.1634460836648941
0.29776009917259216 0.2826784551143646 -0.18285605311393738
0.255452424287796 0.36109113693237305 -0.17523892223834991
0.6213634610176086 0.4193040728569031 -0.11649344116449356
0.46906256675720215 0.37452325224876404 -0.20078717172145844
0.4126725196838379 0.45628106594085693 -0.2070906013250351
0.43610671162605286 0.524394690990448 -0.1938183754682541
