0.5993125438690186 0.7128273248672485 -1.1200405651834444e-06
0.3624103367328644 0.6472720503807068 -0.060565050691366196
0.24410384893417358 0.498748779296875 -0.10618198662996292
0.29118776321411133 0.3756166994571686 -0.16060884296894073
0.41876929998397827 0.2885656952857971 -0.20733033120632172
0.35702621936798096 0.3635846972465515 -0.01686726324260235
0.307231068611145 0.2149857133626938 -0.1531982421875
0.2347656488418579 0.25049474835395813 -0.24641761183738708
0.23014700412750244 0.3341575860977173 -0.2854264974594116
0.5427252054214478 0.3613969683647156 -0.062269315123558044
0.5575034618377686 0.1797449290752411 -0.18632259964942932
0.4272121489048004 0.19625632464885712 -0.2611973285675049
0.3825515806674957 0.2665213644504547 -0.2827102839946747
0.7159702777862549 0.3903433680534363 -0.12563259899616241
0.676053524017334 0.22547045350074768 -0.2576982378959656
0.5421193838119507 0.2809297442436218 -0.28138959407806396
0.5125386714935303 0.3534531891345978 -0.26630350947380066
0.8793027997016907 0.44190308451652527 -0.19179408252239227
0.711823582649231 0.37325096130371094 -0.30202242732048035
0.6382396221160889 0.45194631814956665 -0.2918267548084259
0.6632698774337769 0.524360179901123 -0.2583453357219696
