0.41084200143814087 0.25172263383865356 5.964282649983943e-07
0.31522655487060547 0.30215609073638916 -0.05093888193368912
0.23491980135440826 0.34760311245918274 -0.09870308637619019
0.2233770191669464 0.40971139073371887 -0.1304711252450943
0.2535303235054016 0.453659325838089 -0.16850711405277252
0.29086804389953613 0.22499597072601318 -0.20747512578964233
0.2877121567726135 0.3900454044342041 -0.26991069316864014
0.2924048900604248 0.5066961646080017 -0.29746872186660767
0.2958798408508301 0.586329996585846 -0.3111869692802429
0.38381659984588623 0.19557982683181763 -0.20845086872577667
0.38067662715911865 0.3761867582798004 -0.276887446641922
0.3763274848461151 0.5164461731910706 -0.2985825836658478
0.3721122145652771 0.5966931581497192 -0.3148306906223297
0.468087762594223 0.20606011152267456 -0.20243266224861145
0.4794166386127472 0.38308098912239075 -0.2626848816871643
0.4613569974899292 0.5108134150505066 -0.2805151641368866
0.43719571828842163 0.5777037143707275 -0.2887856662273407
0.5443623661994934 0.243794783949852 -0.19571086764335632
0.5632471442222595 0.3909327983856201 -0.24400503933429718
0.5384282469749451 0.47755166888237 -0.25704264640808105
0.501451849937439 0.5204170942306519 -0.2643434703350067
