0.5476925050400062 0.3688290399869875 -1.4676375030830968e-06
0.7621882512193798 0.38356664615403263 -0.08061826229095459
0.9553762780972037 0.42291592154375346 -0.1581534445285797
1.0 0.5097406903088774 -0.22804275155067444
0.904277487427921 0.6475855250679825 -0.30106669664382935
0.6965787528783798 0.0 -0.1805402785539627
0.7520213877402493 0.4419845021461187 -0.28476014733314514
0.7345858740152624 0.7431816024269426 -0.35544830560684204
0.7110126727719955 0.9659789806659256 -0.3898751437664032
0.3954148239452259 0.010939661563278797 -0.17427141964435577
0.47668078443645917 0.46250216496018287 -0.2549853026866913
0.5200063887431381 0.758134897590219 -0.27978986501693726
0.552541289495541 1.0 -0.28999561071395874
0.1580072213651404 0.08811527937818851 -0.16935333609580994
0.27404058622053024 0.5020528335268979 -0.23726092278957367
0.3500170812391656 0.7648908250683845 -0.23419584333896637
0.39593423264215305 0.9724006363154786 -0.22017541527748108
0.0 0.20518170085069348 -0.17201431095600128
0.10095842867310598 0.4956693220217609 -0.21361760795116425
0.21045173805296344 0.6947698975898896 -0.2027701735496521
0.2751732463621487 0.857984409387992 -0.18488354980945587
