0.3553217649459839 0.3429023325443268 -1.8200928479927825e-06
0.4466264843940735 0.3542483150959015 -0.10502428561449051
0.49721330404281616 0.38023868203163147 -0.18539975583553314
0.5108575820922852 0.44729334115982056 -0.247045636177063
0.5064270496368408 0.530680775642395 -0.311909019947052
0.4337592124938965 0.2631259858608246 -0.24023336172103882
0.4535573720932007 0.4570823311805725 -0.32651129364967346
0.4459797739982605 0.5951504707336426 -0.3733157515525818
0.432068407535553 0.6985935568809509 -0.3963427245616913
0.3392786979675293 0.27380865812301636 -0.21897496283054352
0.3625378906726837 0.49227333068847656 -0.28993335366249084
0.3689323961734772 0.6360176801681519 -0.31477850675582886
0.37431633472442627 0.7392020225524902 -0.3344394564628601
0.2560344934463501 0.30552151799201965 -0.19469481706619263
0.28048259019851685 0.5088127851486206 -0.25542742013931274
0.30605313181877136 0.6366370916366577 -0.26370319724082947
0.32338523864746094 0.7315070629119873 -0.26749977469444275
0.18857187032699585 0.35022616386413574 -0.1774769127368927
0.20238450169563293 0.4819677472114563 -0.21353097259998322
0.24165008962154388 0.5639832019805908 -0.2057037204504013
0.2691369950771332 0.6303297281265259 -0.19860239326953888
