0.5652175941878282 0.21291319678842463 -1.3109212204653886e-06
0.8643743901549489 0.2620585366380955 -0.07877997308969498
1.0 0.34982220478121306 -0.14204153418540955
0.9429092933693312 0.5346582613131196 -0.19282861053943634
0.832061597389415 0.7311969140636803 -0.24589620530605316
0.8449760065190947 0.009299328327204516 -0.16668793559074402
0.8492884230318751 0.4443469909843785 -0.23963192105293274
0.7744588235323011 0.7518747288194296 -0.2904343903064728
0.6985574439961776 0.973953906413431 -0.31771010160446167
0.5322817248978383 0.0 -0.15198346972465515
0.5609791020084578 0.4650080597722956 -0.2062380462884903
0.5330946469695567 0.766354586211122 -0.22657687962055206
0.5209477246900642 1.0 -0.24192990362644196
0.2455776179713247 0.04690456986829784 -0.1371748000383377
0.30613147086583076 0.4800345090981552 -0.18232262134552002
0.3561919979487839 0.7502885578345921 -0.18390785157680511
0.38978655515307864 0.9545845808267174 -0.18244904279708862
0.0 0.13781754319994535 -0.12872488796710968
0.05520526773502474 0.4375942016067446 -0.1525649130344391
0.1526473630011413 0.6384804265773927 -0.14225682616233826
0.21781325927474088 0.7989480874111168 -0.13302847743034363
