0.9275138974189758 0.42953747510910034 -1.5510845514654648e-06
0.8480086922645569 0.45916908979415894 -0.041934434324502945
0.7958067059516907 0.4779239296913147 -0.08258124440908432
0.7755680680274963 0.5098267793655396 -0.11985431611537933
0.7776630520820618 0.5386927127838135 -0.1613200455904007
0.7620643377304077 0.32547736167907715 -0.08979727327823639
0.7715138792991638 0.43828779458999634 -0.13765178620815277
0.7959321737289429 0.5352234840393066 -0.1750463843345642
0.8074162602424622 0.6017309427261353 -0.1965024620294571
0.8376597166061401 0.29479238390922546 -0.09647805243730545
0.8390761017799377 0.4444795846939087 -0.13538646697998047
0.8407501578330994 0.5564892292022705 -0.16290028393268585
0.8411076664924622 0.6369332075119019 -0.18312504887580872
0.9108923673629761 0.2935439646244049 -0.10253911465406418
0.9034478068351746 0.4486110210418701 -0.14275863766670227
0.8933093547821045 0.5478662252426147 -0.15594537556171417
0.8852482438087463 0.6180703639984131 -0.16196320950984955
0.9706344604492188 0.3168748617172241 -0.11062302440404892
0.9623676538467407 0.4402507543563843 -0.13802921772003174
0.9494596719741821 0.5152363181114197 -0.13216757774353027
0.9349187612533569 0.5701935291290283 -0.12412094324827194
