0.48448727523672613 0.618303864916665 -1.3146247965778457e-06
0.6974565802450193 0.5549483446984342 -0.07917463034391403
0.8612149380494764 0.5009535209862634 -0.1548691689968109
0.9431491686892837 0.5172899705674422 -0.22666840255260468
1.0 0.5965332331312267 -0.30074185132980347
0.6314410717209911 0.0 -0.14752696454524994
0.7704739033391717 0.40170330541626725 -0.25458869338035583
0.8366683484346071 0.7356087151202385 -0.3325389623641968
0.8995216615690379 0.9750408954556331 -0.37309110164642334
0.3624569553632847 0.07702870328172766 -0.14926069974899292
0.5207490514814076 0.4533391200194783 -0.23336224257946014
0.6551125819088052 0.7711764061998677 -0.26085761189460754
0.7588194431240379 1.0 -0.2731304168701172
0.15033575664154628 0.24238760640769 -0.1563609391450882
0.28153922889539684 0.5282158541146577 -0.23160448670387268
0.43300166688112524 0.7978710819342745 -0.2242068648338318
0.547635524186137 0.9890694801494135 -0.20626074075698853
0.0 0.4478414784128282 -0.17119136452674866
0.07851704326624391 0.651255811588165 -0.21726985275745392
0.22465125424366356 0.8097233568488089 -0.20274659991264343
0.32613290506471565 0.9215294063698897 -0.18210086226463318
