0.48446542024612427 0.40699487924575806 6.459300152528158e-07
0.633831262588501 0.45600539445877075 -0.1490330845117569
0.6879099607467651 0.5405777096748352 -0.2657707631587982
0.663516104221344 0.6290515065193176 -0.34135115146636963
0.6168035864830017 0.7177553176879883 -0.4184044301509857
0.6520906686782837 0.21855980157852173 -0.4601791203022003
0.6604995131492615 0.48692211508750916 -0.5929177403450012
0.6563758254051208 0.6743412017822266 -0.6345505118370056
0.6412448883056641 0.8121151328086853 -0.6525770425796509
0.5067126154899597 0.19119393825531006 -0.43177276849746704
0.5188465118408203 0.49785324931144714 -0.5807569622993469
0.5293017029762268 0.7074832320213318 -0.609086811542511
0.5312025547027588 0.8467346429824829 -0.6246814727783203
0.37330663204193115 0.24336910247802734 -0.3940928876399994
0.40728485584259033 0.5245030522346497 -0.5358589291572571
0.4309349060058594 0.7086343765258789 -0.5607936978340149
0.44892770051956177 0.8312652707099915 -0.5636052489280701
0.26862770318984985 0.34115099906921387 -0.35821858048439026
0.3378450572490692 0.545900285243988 -0.46312427520751953
0.39623358845710754 0.6443371772766113 -0.4798750877380371
0.437265545129776 0.6967709064483643 -0.4864330589771271
