0.498392165853339 0.3279656833206119 8.159805702234735e-07
0.8189285035862837 0.4240850596569225 -0.050376612693071365
1.0 0.5205367114372564 -0.09771483391523361
0.994434087708381 0.6776622878083837 -0.13307498395442963
0.8903824714243606 0.8353340385928734 -0.16716034710407257
0.9070644876035765 0.06583517459637282 -0.16902118921279907
0.8364963809648577 0.48855542313340566 -0.22569221258163452
0.7918422690204041 0.7688189580906214 -0.24714002013206482
0.7383198506533915 0.9750234565752061 -0.25727933645248413
0.5360665509448793 0.0 -0.167501300573349
0.5201336259129467 0.45886453214064127 -0.227595254778862
0.5082369894867848 0.7720627948810656 -0.24014373123645782
0.4910071070644876 1.0 -0.24926809966564178
0.22751069334818066 0.04785087778030719 -0.16247372329235077
0.2242669898142993 0.4809429052229379 -0.21451754868030548
0.23631873710411685 0.7741125112149658 -0.21793696284294128
0.27009307961877316 0.97441836174458 -0.21647882461547852
0.0 0.16805942034807683 -0.15886810421943665
0.03737307175842531 0.4786321535858877 -0.1937282681465149
0.09788202927979563 0.7052759662725248 -0.19675171375274658
0.1782876232273278 0.8742838267918279 -0.1987023800611496
