0.45246113666627324 0.06508243894159897 -1.2217054745633504e-07
0.8135241575247161 0.1581755993722988 -0.061808641999959946
1.0 0.31627097701560475 -0.10311374068260193
0.9922534333226384 0.49210076931671576 -0.12858955562114716
0.9430626185516623 0.6401605053157045 -0.15470536053180695
0.8428426797621402 0.014841793085157588 -0.1677144467830658
0.7566127099019003 0.4683959249681336 -0.2148994654417038
0.728866176473033 0.7786477593394524 -0.229148730635643
0.6895867378406101 1.0 -0.23546102643013
0.5347026171552256 0.0 -0.1523287147283554
0.6158987649846808 0.46041241314306414 -0.20136281847953796
0.6605026174877106 0.7711042105389315 -0.2107618749141693
0.680540820007614 0.9857682786659301 -0.21646614372730255
0.2569413712676487 0.05541214444859836 -0.1341581791639328
0.45170273851222964 0.4844083753804733 -0.17684882879257202
0.5583156977778369 0.7563985044350051 -0.1791618913412094
0.6300765879065252 0.9500266954717443 -0.17721666395664215
0.0 0.14875022278444017 -0.11845557391643524
0.14936287572876544 0.49268861095013067 -0.15274609625339508
0.2638853192936025 0.6934615618068795 -0.15534846484661102
0.344381253833967 0.838722042727446 -0.1542024314403534
