0.2976803353334779 0.24835754660689255 3.151119187805307e-07
0.667974927313018 0.2503651112536675 -0.05895828455686569
0.9072536081202995 0.3044337678786051 -0.12955628335475922
1.0 0.40035456545515746 -0.19740664958953857
0.9584064063668534 0.48863551788884185 -0.266686350107193
0.8805341273278697 0.016568814361240084 -0.17861619591712952
0.844349116200217 0.44553075754887317 -0.29603108763694763
0.7870860299461339 0.7284422117282155 -0.3678193688392639
0.7900306383016411 0.9167077639482027 -0.40646010637283325
0.5331403416113577 0.0 -0.19802452623844147
0.5330589301477721 0.4558016442174644 -0.3121156096458435
0.539945352129276 0.7788907880196638 -0.3398435413837433
0.5745522071448267 1.0 -0.3509070575237274
0.23077646268553256 0.04511528656630088 -0.2197953462600708
0.26787420191643946 0.469260606897184 -0.32775402069091797
0.29845544740623586 0.770528832522161 -0.3248855471611023
0.34918040967679137 0.9700862437719914 -0.30503135919570923
0.0 0.1371170130384184 -0.2457769811153412
0.057878866895493056 0.45633241077984055 -0.3069654107093811
0.13215788578176038 0.6781803437131976 -0.2949666380882263
0.2168356862892706 0.8348538254465612 -0.27682945132255554
