0.4913987137266063 0.3306580486925824 1.129182351178315e-06
0.24705940875438648 0.3879466009159524 -0.08346502482891083
0.025805048128731585 0.45796094692402317 -0.15814974904060364
0.0 0.5945222211839479 -0.2095160037279129
0.15685480217972333 0.7195323828384025 -0.26674529910087585
0.17908153113444317 0.07007865758499306 -0.29123246669769287
0.23770699656775895 0.48307271904729676 -0.37425917387008667
0.3066906155488752 0.7743336233075605 -0.41061702370643616
0.3847520715686587 1.0 -0.4312809407711029
0.43836816938732204 0.0 -0.27993252873420715
0.5313564818970692 0.43646119487446755 -0.36392122507095337
0.5924673953646338 0.7638567601036617 -0.3906892240047455
0.6555457354291088 0.9991854879544447 -0.4146468937397003
0.6951087565789447 0.03191169610376954 -0.25983381271362305
0.8105275317690168 0.409860444181865 -0.329317569732666
0.8410760077786984 0.6997995131397938 -0.34768760204315186
0.8727719079942632 0.8975558198362057 -0.3607051372528076
0.9276633582515882 0.13939456832380517 -0.24056164920330048
0.998403430834572 0.40504403262082467 -0.2935373783111572
0.9950309654579294 0.60277184415467 -0.3108011782169342
1.0 0.7487235807616702 -0.3260720372200012
