0.4154401886640408 0.4988627564072257 -4.835556524085405e-07
0.6750228551873527 0.4554806099731978 -0.055095989257097244
0.8835738480654263 0.4202785177840411 -0.10131412744522095
1.0 0.4279484841366998 -0.14193621277809143
0.9686767974052496 0.48225231305457694 -0.1846192330121994
0.6774193100202228 0.0 -0.10687842965126038
0.7670406075279654 0.39133140662763904 -0.1752808839082718
0.7904713159650297 0.6301290156942442 -0.2215569168329239
0.8166749993427197 0.8040168102968437 -0.24380728602409363
0.40233348416937614 0.055276348780319194 -0.10373123735189438
0.5218152950312385 0.4876622961979427 -0.16096150875091553
0.6128945792860717 0.758852746779976 -0.17664633691310883
0.684307928681983 0.9696303689905741 -0.18150749802589417
0.17139605704466662 0.17313471801727254 -0.10398386418819427
0.3367237599257348 0.5864000923733761 -0.15957185626029968
0.4599610462535127 0.8220147379235091 -0.16057132184505463
0.5469268242842752 1.0 -0.15000827610492706
0.0 0.3227933377397795 -0.1088811457157135
0.162794020736714 0.5908435832807957 -0.14600782096385956
0.28681833348331437 0.785368652461937 -0.14260701835155487
0.3651510814987018 0.9340317719959863 -0.1315339207649231
