0.48255592584609985 0.7794584035873413 -5.506215643436008e-07
0.5561496615409851 0.7624455690383911 -0.04443275183439255
0.6164205074310303 0.7451068162918091 -0.08033807575702667
0.643621027469635 0.7305595278739929 -0.11301245540380478
0.6139143705368042 0.725884199142456 -0.14558248221874237
0.558443009853363 0.6030563116073608 -0.07751451432704926
0.5678048729896545 0.720522403717041 -0.1438090056180954
0.5731358528137207 0.8000654578208923 -0.19188503921031952
0.5746073126792908 0.8553307056427002 -0.2140539139509201
0.4782138764858246 0.6097291111946106 -0.07580843567848206
0.5015531182289124 0.738102376461029 -0.13203668594360352
0.5215334296226501 0.8242731690406799 -0.1504211574792862
0.5345787405967712 0.8884667754173279 -0.15496821701526642
0.411131888628006 0.6355956196784973 -0.07817895710468292
0.4443375766277313 0.7618780136108398 -0.1256498396396637
0.47152283787727356 0.8332662582397461 -0.12626777589321136
0.4918898940086365 0.8844054937362671 -0.11517436802387238
0.3608514070510864 0.672885000705719 -0.08531489223241806
0.3887750506401062 0.7563679218292236 -0.11151272803544998
0.4177151620388031 0.806853175163269 -0.10770492255687714
0.43932807445526123 0.8404948711395264 -0.09686397761106491
