0.43903347464438897 0.5507815318847503 6.930243330316443e-07
0.8025910716671207 0.6131784385693024 -0.11419688910245895
1.0 0.6060683988980079 -0.215094193816185
0.9931508038277006 0.684018658600135 -0.29137417674064636
0.8627722980015442 0.8379798297537572 -0.3675606846809387
0.791747643159521 0.04423561009774779 -0.3330894112586975
0.7270474568161012 0.31410044627758277 -0.4547065496444702
0.7197418362487387 0.6221083591438545 -0.5184171795845032
0.6962668295882256 0.8726231007064542 -0.5582183003425598
0.44737364459502194 0.0 -0.3201545178890228
0.4202478088232741 0.34834765208999313 -0.4521387815475464
0.45239601108852784 0.7029558150091062 -0.4935441315174103
0.48347381418338337 0.9591081197572026 -0.5264179110527039
0.18322911108377302 0.10858195874323966 -0.304582417011261
0.1766337880092651 0.3958590478136044 -0.4275768995285034
0.23053488637126945 0.7519648461680886 -0.46202853322029114
0.2933384302925418 1.0 -0.47927460074424744
0.0 0.2846929485791747 -0.292864590883255
0.014927285310719539 0.4935536594445416 -0.3849690854549408
0.12121445116240105 0.7342329089003475 -0.41919970512390137
0.24650238155796383 0.8966551703825832 -0.44522401690483093
