0.7556791305541992 0.2599548399448395 -8.816493846097728e-07
0.8107765913009644 0.2760840952396393 -0.040758825838565826
0.8698267936706543 0.28403937816619873 -0.08052164316177368
0.8834198713302612 0.28843414783477783 -0.11922957748174667
0.8620031476020813 0.2997642755508423 -0.1604463905096054
0.8328437805175781 0.15406794846057892 -0.07931986451148987
0.8405901193618774 0.2605186402797699 -0.1380329430103302
0.8345514535903931 0.3170996606349945 -0.18238404393196106
0.827523410320282 0.3530140221118927 -0.20554673671722412
0.7616391181945801 0.14713111519813538 -0.0800551101565361
0.7720361948013306 0.268557608127594 -0.1273193210363388
0.7671467065811157 0.34549081325531006 -0.14532414078712463
0.7621011734008789 0.4034534990787506 -0.15388575196266174
0.6980040073394775 0.15886379778385162 -0.08282778412103653
0.7095784544944763 0.2743898928165436 -0.1279911994934082
0.7129485607147217 0.3479885756969452 -0.12859520316123962
0.7158005237579346 0.40322887897491455 -0.12064041942358017
0.6427204608917236 0.18419623374938965 -0.08939696103334427
0.6478956937789917 0.26772573590278625 -0.11838146299123764
0.6623871326446533 0.33352744579315186 -0.11132257431745529
0.6728526949882507 0.3840884864330292 -0.0992000475525856
