0.7855384945869446 0.6019451022148132 -8.662012760396465e-07
0.8670944571495056 0.5814433097839355 -0.10946369171142578
0.9302172064781189 0.561261773109436 -0.19390639662742615
0.9451035261154175 0.5550298094749451 -0.26559728384017944
0.9462894201278687 0.5652515888214111 -0.3344523310661316
0.8566526770591736 0.2944067716598511 -0.14565949141979218
0.862137496471405 0.44209951162338257 -0.25576698780059814
0.8519837856292725 0.5508816838264465 -0.3342130184173584
0.8444902300834656 0.6191885471343994 -0.375447541475296
0.7517518401145935 0.29924988746643066 -0.1292598992586136
0.7604644298553467 0.42304378747940063 -0.22789275646209717
0.767885684967041 0.5413676500320435 -0.26492759585380554
0.7778762578964233 0.6223491430282593 -0.27543148398399353
0.6641360521316528 0.3419751822948456 -0.1230393648147583
0.6780576109886169 0.4562053680419922 -0.21134597063064575
0.6994581818580627 0.5559358596801758 -0.2173548936843872
0.7190735936164856 0.6206129789352417 -0.2021743655204773
0.5999367833137512 0.4032992720603943 -0.12617357075214386
0.6075246930122375 0.48674124479293823 -0.18552632629871368
0.6424538493156433 0.5577699542045593 -0.1866799145936966
0.66896653175354 0.5959997773170471 -0.17169640958309174
