0.6520796762694354 1.0 -1.2075050790372188e-06
0.3544996497147714 0.938348459619506 -0.05976772680878639
0.09945772930765785 0.8129291808426676 -0.10063400864601135
0.0 0.6836791202561147 -0.1339569091796875
0.039180023076110494 0.5443397547773619 -0.16080327332019806
0.1891412346460866 0.0822312425388782 -0.06225886195898056
0.3251974398868856 0.3587232216307249 -0.12005734443664551
0.374532281616535 0.6553456961212291 -0.16536067426204681
0.369140779364811 0.851723987494852 -0.18867117166519165
0.4572568893904372 0.0 -0.052189555019140244
0.5767909882954346 0.2871608483745583 -0.10683856904506683
0.5938295063702291 0.6215975771223506 -0.1295355260372162
0.5900834111105513 0.8613358014656414 -0.13465894758701324
0.7139314279897209 0.01775775690524931 -0.04839751124382019
0.8041553880109094 0.30136022812689756 -0.09767471253871918
0.7843081937073477 0.5908506059803363 -0.09791844338178635
0.768942450656334 0.7968439467823583 -0.08519311249256134
0.9470978504329393 0.10092644719409635 -0.050349026918411255
1.0 0.2381976246731405 -0.07936510443687439
0.9393035884605124 0.4476990364807239 -0.07341762632131577
0.8941980028498562 0.5925346094813102 -0.05868980288505554
