0.4000318377886357 0.5025773115647088 4.4763933715330495e-07
0.7992441995257731 0.5628064663634709 -0.10467427968978882
0.9973138492428657 0.6298617039943496 -0.18997879326343536
1.0 0.6964608208829901 -0.24628904461860657
0.8985388450299976 0.7824846358251059 -0.30501940846443176
0.8878163636257169 0.11730527666491854 -0.33155786991119385
0.8140313125084989 0.35441237017802635 -0.4284398555755615
0.7601600607954285 0.6688921394045232 -0.47746944427490234
0.6965511737148258 0.9333256002517839 -0.5097604393959045
0.5687888172153083 0.0 -0.3081960082054138
0.5165038160886236 0.3059313554666579 -0.41262930631637573
0.5102831936598557 0.6769916412269582 -0.45065897703170776
0.4987940461600222 1.0 -0.4860023558139801
0.2614510310737251 0.017921252654355666 -0.2766016721725464
0.2671005035272062 0.31499347848917214 -0.36836689710617065
0.2847717774920281 0.6835123328724614 -0.4009486436843872
0.28725178507410637 0.9914986892262937 -0.4238487482070923
0.0 0.12749377544278034 -0.24622899293899536
0.040792492007478844 0.3671282103961779 -0.3167276084423065
0.07865668822368345 0.6207295408794119 -0.34684431552886963
0.11433138583517698 0.8664701612003447 -0.37346017360687256
