0.23414608033207399 0.1071018180698552 -1.7387428670190275e-06
0.61721777083853 0.30371725296801694 -0.12358646094799042
0.8398222453500154 0.4931056987894491 -0.24707554280757904
0.9125486917892774 0.6879240254602984 -0.34461691975593567
0.9128713163152308 0.8398482525450516 -0.4514267146587372
0.8757445210893777 0.07346655996537511 -0.4029996395111084
1.0 0.44206384675860005 -0.53126460313797
0.9113468335457039 0.6980925319459393 -0.5908418893814087
0.7949010790418829 0.8834063499627829 -0.6353519558906555
0.6243878757457494 0.0 -0.40440744161605835
0.5852055774329057 0.4246485344785709 -0.5356183648109436
0.5705825593807738 0.7410513678132362 -0.5830186009407043
0.53992903283984 0.9757369219747182 -0.6362663507461548
0.3157729513521724 0.0009225922180726812 -0.3983289897441864
0.24724041903930974 0.4224148321442593 -0.5294337868690491
0.2617079590917833 0.7530601483979036 -0.5690764784812927
0.2796449410642167 1.0 -0.6059148907661438
0.04230629043106096 0.05440513232444111 -0.39510515332221985
0.0 0.41306374647248023 -0.5039280652999878
0.05357481178615357 0.672993894922744 -0.5388903021812439
0.09085329785828287 0.8841636441996781 -0.5738625526428223
