0.34425342082977295 0.18372714519500732 -2.0062836938450346e-06
0.4785903990268707 0.28563612699508667 -0.1093805804848671
0.5583846569061279 0.3987826406955719 -0.2135685235261917
0.5647450685501099 0.5049757957458496 -0.2942163646221161
0.5249761343002319 0.5781288146972656 -0.3808542788028717
0.5710155963897705 0.18381011486053467 -0.3523544669151306
0.6041204929351807 0.39356571435928345 -0.4652715027332306
0.5691490769386292 0.5353642702102661 -0.5149819254875183
0.5263556838035583 0.6342840194702148 -0.5509887933731079
0.4712485671043396 0.1478245109319687 -0.34967392683029175
0.46029403805732727 0.3931608498096466 -0.4626098573207855
0.448932945728302 0.5704998970031738 -0.4986211359500885
0.4371369183063507 0.6963734030723572 -0.5412247180938721
0.3546532392501831 0.1545201987028122 -0.3402218222618103
0.33586153388023376 0.3904225826263428 -0.45773786306381226
0.33013391494750977 0.5764294862747192 -0.490344762802124
0.32686647772789 0.7182451486587524 -0.5207315683364868
0.25018075108528137 0.18768516182899475 -0.3328055143356323
0.24449636042118073 0.38777628540992737 -0.43367499113082886
0.258105993270874 0.5317472219467163 -0.4632616341114044
0.2642384171485901 0.6526896953582764 -0.49099209904670715
