0.672437846660614 0.7400292158126831 -8.649670917293406e-07
0.5799328684806824 0.6300500631332397 -0.004347530659288168
0.5288986563682556 0.5080545544624329 -0.028119787573814392
0.48236793279647827 0.4158703088760376 -0.058575231581926346
0.4363723695278168 0.3334495723247528 -0.09290580451488495
0.6279982328414917 0.3941947817802429 -0.0567074716091156
0.4888983368873596 0.2930873930454254 -0.1150861606001854
0.3982943296432495 0.22482989728450775 -0.14891214668750763
0.31682759523391724 0.16759677231311798 -0.17237067222595215
0.6594310998916626 0.42388588190078735 -0.0896294042468071
0.4090196192264557 0.39827990531921387 -0.1672901213169098
0.25066667795181274 0.3964334726333618 -0.19909963011741638
0.1255127191543579 0.3875119090080261 -0.2140645682811737
0.6602427363395691 0.4853823184967041 -0.1208050474524498
0.4076255261898041 0.5379793643951416 -0.1865108460187912
0.4354727864265442 0.5957180857658386 -0.1765790730714798
0.49512386322021484 0.6114709377288818 -0.15783807635307312
0.6407620906829834 0.560791552066803 -0.1530008167028427
0.43409615755081177 0.6103128790855408 -0.19926290214061737
0.44868719577789307 0.6491844654083252 -0.18654035031795502
0.5013753175735474 0.6545044183731079 -0.1667747050523758
