0.41612210869789124 0.6583402752876282 -1.0666883554222295e-06
0.27941280603408813 0.5800417065620422 -0.03223361447453499
0.22770078480243683 0.45356494188308716 -0.05333228409290314
0.2374597191810608 0.3503883481025696 -0.08457347005605698
0.25505176186561584 0.27003833651542664 -0.11593848466873169
0.3060557246208191 0.3413185179233551 -0.01318572647869587
0.24819667637348175 0.24180519580841064 -0.08700883388519287
0.19881674647331238 0.1796145737171173 -0.13932380080223083
0.14827241003513336 0.12463945150375366 -0.1707238405942917
0.4177301526069641 0.3420906066894531 -0.04051579535007477
0.3390384018421173 0.29059091210365295 -0.17077261209487915
0.24233844876289368 0.33340638875961304 -0.22776095569133759
0.15964053571224213 0.392000287771225 -0.23263467848300934
0.5186076164245605 0.3633092939853668 -0.07420448213815689
0.38024792075157166 0.37781593203544617 -0.2034260481595993
0.3125970661640167 0.485565185546875 -0.20618966221809387
0.27946481108665466 0.5727845430374146 -0.16705234348773956
0.6060233116149902 0.4023627042770386 -0.1104050874710083
0.4742891192436218 0.4114694595336914 -0.18733087182044983
0.4117305278778076 0.49383169412612915 -0.16895094513893127
0.3916352391242981 0.5613453388214111 -0.13071200251579285
