0.4680598974227905 0.841596782207489 1.0483781807124615e-06
0.26937079429626465 0.7487785816192627 -0.007081811781972647
0.2497074156999588 0.6238938570022583 -0.02911112830042839
0.29889148473739624 0.5245667695999146 -0.0860990509390831
0.3601093590259552 0.4497157335281372 -0.14501707255840302
0.44033610820770264 0.5172288417816162 0.02945260889828205
0.35930943489074707 0.3785470128059387 -0.0739082545042038
0.2735776901245117 0.29828906059265137 -0.13425083458423615
0.2024219036102295 0.22912991046905518 -0.16530317068099976
0.5658300518989563 0.5149599313735962 -0.049032747745513916
0.5082799792289734 0.341933012008667 -0.19762051105499268
0.39201998710632324 0.24605171382427216 -0.28484368324279785
0.2869419455528259 0.16657349467277527 -0.31053081154823303
0.7040344476699829 0.5333458185195923 -0.13473153114318848
0.4175686538219452 0.43948400020599365 -0.3501375913619995
0.30268481373786926 0.5484786033630371 -0.36231547594070435
0.2922213673591614 0.6297914981842041 -0.29444244503974915
0.826302170753479 0.5689233541488647 -0.2171657234430313
0.5186737775802612 0.5022015571594238 -0.3592154383659363
0.4274553954601288 0.5837419629096985 -0.32415303587913513
0.4513843059539795 0.6495734453201294 -0.2535608112812042
