0.3871171772480011 0.6439591646194458 1.0939142924826228e-07
0.23844005167484283 0.5870287418365479 -0.0314180888235569
0.17028194665908813 0.4700005054473877 -0.05084344372153282
0.19905497133731842 0.3701309263706207 -0.07915516197681427
0.2637206017971039 0.3050293028354645 -0.10864178836345673
0.2172437161207199 0.3932857811450958 -0.011430220678448677
0.17645741999149323 0.2912514805793762 -0.06768083572387695
0.16253744065761566 0.2185128629207611 -0.10687350481748581
0.15416233241558075 0.15884509682655334 -0.13133102655410767
0.32885655760765076 0.38865312933921814 -0.0333128497004509
0.3134760558605194 0.3259716033935547 -0.14181441068649292
0.2952633798122406 0.3628815710544586 -0.1824977546930313
0.27558445930480957 0.4122663736343384 -0.1778130680322647
0.4390736222267151 0.3992571234703064 -0.0611397847533226
0.3873811364173889 0.39298149943351746 -0.16889305412769318
0.362783819437027 0.48528939485549927 -0.16425186395645142
0.3497762978076935 0.563262939453125 -0.12229654937982559
0.5475524663925171 0.4231564998626709 -0.09073218703269958
0.48929059505462646 0.40326806902885437 -0.15113388001918793
0.45843347907066345 0.47189974784851074 -0.12697643041610718
0.44857892394065857 0.5319005250930786 -0.08709990978240967
