0.5621984601020813 0.8629181981086731 1.5693608474975917e-06
0.3586843013763428 0.7569970488548279 -0.026645012199878693
0.31164464354515076 0.6012151837348938 -0.04128563031554222
0.3958303928375244 0.46772804856300354 -0.08234795182943344
0.4705163836479187 0.366446316242218 -0.12125001102685928
0.42682337760925293 0.5205604434013367 0.04638436436653137
0.318748414516449 0.36915016174316406 -0.038888826966285706
0.24838131666183472 0.282884806394577 -0.0834706500172615
0.19094246625900269 0.20631369948387146 -0.10828422009944916
0.5779647827148438 0.5174960494041443 -0.011897208169102669
0.5781446695327759 0.3344230055809021 -0.13171587884426117
0.5437828302383423 0.234086811542511 -0.20118916034698486
0.5220860242843628 0.14912346005439758 -0.22269566357135773
0.727366030216217 0.5469855666160583 -0.0827496200799942
0.5326871871948242 0.4565390348434448 -0.2641042172908783
0.41723889112472534 0.5721349716186523 -0.26208406686782837
0.40137284994125366 0.6500058770179749 -0.19814737141132355
0.8670962452888489 0.5940790772438049 -0.1538323163986206
0.6398503184318542 0.532008707523346 -0.2763669490814209
0.5566750168800354 0.6171810626983643 -0.24119512736797333
0.5801555514335632 0.6741924285888672 -0.17956939339637756
