0.4585883915424347 0.7341625690460205 -6.46285229777277e-07
0.33369046449661255 0.6820604801177979 -0.023757562041282654
0.24887579679489136 0.5532645583152771 -0.03605424612760544
0.234097421169281 0.4438706040382385 -0.05996796861290932
0.2398858368396759 0.36233747005462646 -0.0845038965344429
0.31044256687164307 0.42229199409484863 0.00041099853115156293
0.22415101528167725 0.3072519600391388 -0.05639902874827385
0.16054017841815948 0.23093916475772858 -0.09655670076608658
0.10429099202156067 0.1697344183921814 -0.12134130299091339
0.3911919593811035 0.41038987040519714 -0.02570378966629505
0.2959273159503937 0.354518860578537 -0.126974955201149
0.19796927273273468 0.3665120601654053 -0.17438285052776337
0.11815407872200012 0.39251604676246643 -0.18032853305339813
0.47519081830978394 0.4194048047065735 -0.05773485451936722
0.3330216109752655 0.4307820796966553 -0.1652638018131256
0.3112036883831024 0.5431308150291443 -0.16635917127132416
0.31724366545677185 0.6382496356964111 -0.13023659586906433
0.5583224296569824 0.4465155303478241 -0.09218758344650269
0.42332923412323 0.4483996331691742 -0.16166456043720245
0.3942677080631256 0.5292155742645264 -0.14676085114479065
0.40148502588272095 0.5993655920028687 -0.11208757013082504
