0.5393542051315308 0.9077306985855103 1.7946637171917246e-06
0.3683840036392212 0.8137072324752808 -0.03295694291591644
0.33683067560195923 0.6603039503097534 -0.051444798707962036
0.41921961307525635 0.5363982915878296 -0.08730513602495193
0.48176074028015137 0.4400482773780823 -0.1229591891169548
0.4504632353782654 0.5803604125976562 0.0009952805703505874
0.358833909034729 0.4263550341129303 -0.07340122759342194
0.29649025201797485 0.3287220001220703 -0.10896412283182144
0.253198504447937 0.2430567443370819 -0.12900859117507935
0.5793459415435791 0.5780053734779358 -0.04280949756503105
0.588757336139679 0.39414525032043457 -0.14379191398620605
0.5750322937965393 0.2885301411151886 -0.19978377223014832
0.5799968838691711 0.19193154573440552 -0.2168043851852417
0.7042696475982666 0.6085447669029236 -0.09457813203334808
0.5435712933540344 0.5103487968444824 -0.24524237215518951
0.4317176342010498 0.620607852935791 -0.239737868309021
0.41619935631752014 0.6957402229309082 -0.18400198221206665
0.8229377269744873 0.658240556716919 -0.14704680442810059
0.6389481425285339 0.5840120315551758 -0.2532813847064972
0.5597009062767029 0.6665427088737488 -0.22381222248077393
0.5748316049575806 0.72523432970047 -0.17127807438373566
