0.5720291137695312 0.8760274648666382 9.042544206749881e-07
0.37432414293289185 0.7581915259361267 -0.01957218535244465
0.3305302560329437 0.6101020574569702 -0.02889876626431942
0.3960344195365906 0.4830043315887451 -0.06502483040094376
0.4407655596733093 0.38138991594314575 -0.09982001781463623
0.44129401445388794 0.5333170890808105 0.07500220835208893
0.33399859070777893 0.3933102488517761 -0.00487066013738513
0.252806693315506 0.3088211119174957 -0.058732494711875916
0.19132187962532043 0.23217719793319702 -0.08830467611551285
0.568449079990387 0.5279802680015564 0.0222871545702219
0.5404964089393616 0.3560143709182739 -0.08462569117546082
0.4844913184642792 0.25571179389953613 -0.15780238807201385
0.44822895526885986 0.16473111510276794 -0.18487238883972168
0.7080298662185669 0.5484753251075745 -0.042923904955387115
0.5448233485221863 0.45357605814933777 -0.20970852673053741
0.4559113085269928 0.5634710788726807 -0.21777786314487457
0.4494108259677887 0.6447492837905884 -0.16357257962226868
0.8491216897964478 0.5873968005180359 -0.10799691081047058
0.6528888940811157 0.5121705532073975 -0.21769486367702484
0.583081066608429 0.5983956456184387 -0.18283095955848694
0.6053053736686707 0.6667769551277161 -0.12192516028881073
