0.6281096935272217 0.8440306782722473 2.1535067844524747e-06
0.4127305746078491 0.7340571880340576 -0.018488401547074318
0.356403112411499 0.5935702323913574 -0.03930479288101196
0.4276058077812195 0.4719476103782654 -0.0879155769944191
0.49412333965301514 0.37808459997177124 -0.1369682252407074
0.44077634811401367 0.5071109533309937 0.0417352095246315
0.3086335062980652 0.3810136020183563 -0.03781319782137871
0.22745688259601593 0.30025219917297363 -0.08955758810043335
0.17237207293510437 0.22454634308815002 -0.1218765527009964
0.5854178071022034 0.5037620663642883 -0.020253252238035202
0.5704174041748047 0.33811715245246887 -0.12782283127307892
0.5514909625053406 0.24110287427902222 -0.20316140353679657
0.5647635459899902 0.15236172080039978 -0.23447228968143463
0.7399113178253174 0.5287972092628479 -0.09142490476369858
0.6112057566642761 0.44216227531433105 -0.24466870725154877
0.48767635226249695 0.5410778522491455 -0.24734604358673096
0.45127806067466736 0.613075315952301 -0.19713850319385529
0.9039719700813293 0.5683373808860779 -0.16304366290569305
0.7464281320571899 0.48736053705215454 -0.2533996105194092
0.6624643206596375 0.5617445111274719 -0.20505554974079132
0.6571887731552124 0.622796893119812 -0.14157873392105103
