0.37826085090637207 0.9030829071998596 2.3931208943395177e-06
0.23410174250602722 0.7680827379226685 -0.004684939980506897
0.2967913746833801 0.5965780019760132 -0.012887188233435154
0.4529966115951538 0.48533496260643005 -0.0523686446249485
0.5912917256355286 0.40689313411712646 -0.09519807994365692
0.5277886986732483 0.5250449180603027 0.03157643973827362
0.503103494644165 0.36279407143592834 -0.0433950312435627
0.4724208414554596 0.2591165006160736 -0.08394138514995575
0.45731833577156067 0.17427045106887817 -0.1092890128493309
0.6688195466995239 0.5483916997909546 -0.04663853347301483
0.7460821270942688 0.36831098794937134 -0.16053758561611176
0.736603319644928 0.26151740550994873 -0.23253068327903748
0.74658203125 0.1714787483215332 -0.2586621642112732
0.7933923006057739 0.601807177066803 -0.13061116635799408
0.648792028427124 0.47515371441841125 -0.3059300184249878
0.46537330746650696 0.5705660581588745 -0.300334095954895
0.4043504297733307 0.6458630561828613 -0.2365114837884903
0.8937898278236389 0.6740281581878662 -0.21295574307441711
0.7054567337036133 0.5719482898712158 -0.336651474237442
0.5522394180297852 0.6427438855171204 -0.2954654097557068
0.5196323990821838 0.7080190181732178 -0.22894884645938873
