0.6272879838943481 0.8220778703689575 1.1874743677253718e-06
0.4518756866455078 0.7517693042755127 -0.017188923433423042
0.36594659090042114 0.6168283224105835 -0.021781599149107933
0.37578216195106506 0.48916539549827576 -0.043490663170814514
0.380603551864624 0.39122870564460754 -0.06433723121881485
0.4267098009586334 0.5343233942985535 0.029977381229400635
0.30611521005630493 0.40855422616004944 -0.022433092817664146
0.2199174016714096 0.3296078145503998 -0.04962313175201416
0.15111970901489258 0.259868860244751 -0.062139660120010376
0.5150394439697266 0.5146167278289795 -0.00710039958357811
0.4378224313259125 0.3486037254333496 -0.07919996231794357
0.3665180504322052 0.25599294900894165 -0.12086982280015945
0.3192005157470703 0.17544373869895935 -0.12963947653770447
0.6222387552261353 0.5196645259857178 -0.051045600324869156
0.4930154085159302 0.43363234400749207 -0.16751405596733093
0.47017353773117065 0.5400258302688599 -0.16529767215251923
0.49899929761886597 0.617388904094696 -0.11817442625761032
0.7398725748062134 0.5412258505821228 -0.0947660505771637
0.5985339879989624 0.4747500419616699 -0.1702917218208313
0.567704439163208 0.5565285682678223 -0.1383669376373291
0.5949450731277466 0.6213241815567017 -0.08767301589250565
