0.40126651525497437 0.7736654281616211 7.361579719145084e-07
0.25540611147880554 0.7294688820838928 -0.047852735966444016
0.1804090291261673 0.5845831036567688 -0.06917204707860947
0.22247035801410675 0.4597759246826172 -0.0939343199133873
0.2926165461540222 0.37655699253082275 -0.12009068578481674
0.210808664560318 0.5306704640388489 -0.04504087567329407
0.18091517686843872 0.40826308727264404 -0.09539739787578583
0.16513732075691223 0.31330591440200806 -0.12886254489421844
0.15819835662841797 0.22730356454849243 -0.15427888929843903
0.31875187158584595 0.5165004134178162 -0.052156973630189896
0.2869565486907959 0.43645134568214417 -0.12730905413627625
0.272943377494812 0.3832617402076721 -0.16395965218544006
0.2625992000102997 0.34253430366516113 -0.17968985438346863
0.43360838294029236 0.5187042951583862 -0.06484025716781616
0.40088215470314026 0.4528801739215851 -0.1703629195690155
0.3662793040275574 0.5520417094230652 -0.17868156731128693
0.34458762407302856 0.6487593054771423 -0.15428711473941803
0.554377555847168 0.5285372734069824 -0.07874371856451035
0.49905943870544434 0.4704025983810425 -0.16441839933395386
0.4550042450428009 0.5514149069786072 -0.16514995694160461
0.43491441011428833 0.6355775594711304 -0.14533257484436035
