0.5286628603935242 0.8534040451049805 1.2315945241425652e-06
0.3607402741909027 0.7721864581108093 -0.03193843737244606
0.3294485807418823 0.618831992149353 -0.054018039256334305
0.35105305910110474 0.49379587173461914 -0.0889335498213768
0.3747965693473816 0.39380529522895813 -0.12044430524110794
0.39137881994247437 0.515227735042572 -0.038954608142375946
0.29055535793304443 0.360755056142807 -0.10951210558414459
0.2138776332139969 0.2729488015174866 -0.14054948091506958
0.15522980690002441 0.19558972120285034 -0.15451528131961823
0.5140188336372375 0.5039457082748413 -0.0743422582745552
0.4473377466201782 0.3469759225845337 -0.16665951907634735
0.38743364810943604 0.2484614998102188 -0.21688756346702576
0.3244398534297943 0.165939599275589 -0.23285305500030518
0.6298198699951172 0.5220663547515869 -0.11401869356632233
0.37545153498649597 0.4848090410232544 -0.25204741954803467
0.2829931974411011 0.5923571586608887 -0.26684343814849854
0.2533278465270996 0.6770923733711243 -0.23280353844165802
0.7164146900177002 0.5619065761566162 -0.15400464832782745
0.4699610471725464 0.5615009665489197 -0.2494909018278122
0.37875795364379883 0.651075005531311 -0.23855656385421753
0.35278499126434326 0.7229154109954834 -0.20383107662200928
