0.4803507924079895 0.9134662747383118 1.1102366670456831e-06
0.2915130853652954 0.8306301832199097 -0.03900539129972458
0.3042500615119934 0.6823046803474426 -0.07319584488868713
0.3609634339809418 0.5689207911491394 -0.12868520617485046
0.4146803617477417 0.4880862236022949 -0.17928916215896606
0.5132566690444946 0.5387718081474304 -0.03848826885223389
0.38761043548583984 0.3912833034992218 -0.1469009965658188
0.28962743282318115 0.2983286380767822 -0.20839668810367584
0.20737183094024658 0.2238735556602478 -0.24316908419132233
0.6578804850578308 0.5429286956787109 -0.09942805767059326
0.5762214064598083 0.3775176405906677 -0.24614903330802917
0.46728983521461487 0.2691512107849121 -0.33284083008766174
0.3630865216255188 0.18536317348480225 -0.3657642602920532
0.7559084892272949 0.5792734622955322 -0.16642530262470245
0.4012680649757385 0.5136481523513794 -0.346842497587204
0.26333048939704895 0.6198983192443848 -0.3417080044746399
0.2283346951007843 0.6994431018829346 -0.2797349691390991
0.7836724519729614 0.6382371783256531 -0.23767027258872986
0.4471889138221741 0.6048813462257385 -0.35449233651161194
0.33654898405075073 0.6810232400894165 -0.32468801736831665
0.32817262411117554 0.7413278818130493 -0.26696860790252686
