0.4885510802268982 0.8713079690933228 1.3552300970331999e-06
0.2693447172641754 0.7485501766204834 -0.031506676226854324
0.2663513422012329 0.5719187259674072 -0.04917827248573303
0.39108437299728394 0.43819841742515564 -0.0989082008600235
0.4971717894077301 0.34003669023513794 -0.14494238793849945
0.4397277235984802 0.49025723338127136 0.04287206381559372
0.35319507122039795 0.3295876383781433 -0.06498396396636963
0.2839813828468323 0.24425582587718964 -0.12361054867506027
0.22129550576210022 0.1684572994709015 -0.1547291874885559
0.6212025880813599 0.4943584203720093 -0.02924545854330063
0.6411545276641846 0.3114875257015228 -0.17657208442687988
0.5964972972869873 0.20829546451568604 -0.2605169713497162
0.5641874074935913 0.11653989553451538 -0.28691214323043823
0.7887387871742249 0.5334713459014893 -0.11615916341543198
0.5649513006210327 0.4367760121822357 -0.3289589583873749
0.42434096336364746 0.5541728734970093 -0.3188158869743347
0.405409038066864 0.6309689283370972 -0.23921512067317963
0.9325703382492065 0.5930349826812744 -0.20448917150497437
0.6790095567703247 0.5227416157722473 -0.3404993712902069
0.5682597756385803 0.6063038110733032 -0.29003891348838806
0.5877158641815186 0.6640982627868652 -0.21253444254398346
