0.6971123218536377 0.6194884181022644 2.12845023384034e-07
0.6679123640060425 0.483259916305542 -0.025098439306020737
0.5383128523826599 0.3624212145805359 -0.04202953726053238
0.4033544957637787 0.30826133489608765 -0.05428208410739899
0.31438472867012024 0.262255996465683 -0.06881193816661835
0.5206656455993652 0.27689874172210693 -0.07421866059303284
0.33835774660110474 0.21837913990020752 -0.11871146410703659
0.22156783938407898 0.18650279939174652 -0.13866262137889862
0.12434443831443787 0.17389646172523499 -0.14805109798908234
0.47837764024734497 0.36124077439308167 -0.08161599934101105
0.26750409603118896 0.3802710175514221 -0.13247793912887573
0.1428266167640686 0.4164314866065979 -0.14851845800876617
0.04769435524940491 0.4409542381763458 -0.15261028707027435
0.4432846009731293 0.4681963622570038 -0.08737926930189133
0.3056783974170685 0.5296187400817871 -0.14106647670269012
0.3603833317756653 0.5686821937561035 -0.13410770893096924
0.41870614886283875 0.5740259289741516 -0.1139645203948021
0.4174592196941376 0.5826720595359802 -0.09327426552772522
0.333071231842041 0.6286575198173523 -0.13184235990047455
0.3823504149913788 0.6541585922241211 -0.12025274336338043
0.4286937713623047 0.649316132068634 -0.09896740317344666
