0.6673421263694763 0.8282183408737183 2.9383085120571195e-07
0.6937689781188965 0.7133576273918152 -0.025810180231928825
0.6460787057876587 0.5771229863166809 -0.05407261848449707
0.5554357171058655 0.46755489706993103 -0.07989507913589478
0.4834277629852295 0.383120059967041 -0.10794982314109802
0.7300612926483154 0.49254050850868225 -0.08831087499856949
0.6242464184761047 0.3419475555419922 -0.15011416375637054
0.5561572909355164 0.2434871792793274 -0.17878873646259308
0.4927082657814026 0.16790851950645447 -0.19380061328411102
0.6637172698974609 0.5213953852653503 -0.1026177629828453
0.4077554941177368 0.41977542638778687 -0.17383995652198792
0.24561762809753418 0.3779640197753906 -0.19650471210479736
0.13728711009025574 0.34284287691116333 -0.20437593758106232
0.5756353139877319 0.5663728713989258 -0.11530233919620514
0.3405727744102478 0.5434065461158752 -0.1865728497505188
0.3526122570037842 0.6039119958877563 -0.17419379949569702
0.40961170196533203 0.6370667815208435 -0.14676180481910706
0.4816479980945587 0.6217235326766968 -0.12875497341156006
0.3086109757423401 0.6166120171546936 -0.18125322461128235
0.33371514081954956 0.6632811427116394 -0.1685965210199356
0.3910927176475525 0.6823006272315979 -0.14261282980442047
