0.48827648162841797 0.9010800123214722 1.1335135923218331e-06
0.3021911084651947 0.8057725429534912 -0.039706699550151825
0.3040173053741455 0.6530449390411377 -0.059652265161275864
0.38707882165908813 0.5341485738754272 -0.09825457632541656
0.4286113679409027 0.4433974325656891 -0.13111621141433716
0.4514315724372864 0.5435217618942261 -0.014300912618637085
0.367775559425354 0.384674996137619 -0.11873558908700943
0.2863829731941223 0.2789410352706909 -0.17215171456336975
0.2312224805355072 0.19579091668128967 -0.19784778356552124
0.5815454721450806 0.5483879446983337 -0.05889188125729561
0.553076982498169 0.37524065375328064 -0.20379476249217987
0.5206683874130249 0.26736924052238464 -0.2833230197429657
0.5177071690559387 0.17754817008972168 -0.30692678689956665
0.7044743299484253 0.5804420113563538 -0.11068497598171234
0.47434836626052856 0.49509426951408386 -0.29268878698349
0.33019253611564636 0.5925873517990112 -0.290827214717865
0.2893332242965698 0.6724058389663696 -0.22762587666511536
0.796158492565155 0.6308282613754272 -0.16475126147270203
0.5493038296699524 0.5707158446311951 -0.279918909072876
0.44960764050483704 0.6437668800354004 -0.24640969932079315
0.4525819420814514 0.7049874067306519 -0.1839905083179474
