0.6875930428504944 0.7437412738800049 1.2671937383856857e-06
0.6841824054718018 0.6134852766990662 -0.04017537459731102
0.5832763910293579 0.48820650577545166 -0.08418245613574982
0.4704194664955139 0.4358500838279724 -0.11457958072423935
0.3811265528202057 0.41174012422561646 -0.14742183685302734
0.6052741408348083 0.4382040500640869 -0.18870964646339417
0.4617246091365814 0.30628499388694763 -0.2637227177619934
0.37486112117767334 0.22795704007148743 -0.2987344264984131
0.30387309193611145 0.16130408644676208 -0.31505173444747925
0.5748452544212341 0.5323255658149719 -0.19135615229606628
0.33837705850601196 0.4781076908111572 -0.2613239288330078
0.19692137837409973 0.4572918117046356 -0.2826647460460663
0.08701017498970032 0.43541765213012695 -0.29640164971351624
0.5334776639938354 0.6323139667510986 -0.18528738617897034
0.3520351052284241 0.5977010726928711 -0.25360503792762756
0.3986106514930725 0.6224950551986694 -0.2332662045955658
0.4610730707645416 0.6415817141532898 -0.2030079960823059
0.48867273330688477 0.7228901386260986 -0.17761348187923431
0.356071799993515 0.6690948009490967 -0.22474326193332672
0.41020703315734863 0.6890226602554321 -0.1969252973794937
0.46983271837234497 0.7087962627410889 -0.16386137902736664
