0.7984340190887451 0.7573374509811401 -3.0517975346811e-07
0.7488918304443359 0.6150450706481934 -0.010932435281574726
0.6483578681945801 0.48256123065948486 -0.03497282788157463
0.531272828578949 0.39726951718330383 -0.061070963740348816
0.44738060235977173 0.31919336318969727 -0.0925678238272667
0.6761748790740967 0.38058167695999146 -0.07657589763402939
0.5257425308227539 0.2617373466491699 -0.13363464176654816
0.44363903999328613 0.18252089619636536 -0.16581407189369202
0.37156301736831665 0.11769375205039978 -0.18469566106796265
0.6581162810325623 0.43459564447402954 -0.09551795572042465
0.4140586256980896 0.39020076394081116 -0.1582733392715454
0.2587078809738159 0.3736377954483032 -0.18163447082042694
0.1369098722934723 0.3582949638366699 -0.19389531016349792
0.6216829419136047 0.5137737989425659 -0.11106202751398087
0.41070762276649475 0.5515825748443604 -0.1625540554523468
0.4481511116027832 0.5945886373519897 -0.1520768702030182
0.5087742805480957 0.6083998680114746 -0.13492025434970856
0.57257080078125 0.6034450531005859 -0.12684929370880127
0.42177456617355347 0.6340985298156738 -0.15918605029582977
0.4639166593551636 0.6650964617729187 -0.14268751442432404
0.5252759456634521 0.6701886653900146 -0.12086521089076996
