0.3841041028499603 0.721741259098053 -7.211710908450186e-07
0.2300785630941391 0.6766440272331238 -0.05443048104643822
0.14866776764392853 0.5570095777511597 -0.0842701643705368
0.19853809475898743 0.45562511682510376 -0.11976700276136398
0.2539318799972534 0.38978347182273865 -0.15732654929161072
0.21935680508613586 0.41621699929237366 -0.06425095349550247
0.18332816660404205 0.29480838775634766 -0.14896494150161743
0.1693645864725113 0.21198977530002594 -0.20477545261383057
0.1639683097600937 0.14235547184944153 -0.2427215576171875
0.3831956088542938 0.4097915589809418 -0.08970560133457184
0.3171526789665222 0.3646923303604126 -0.23578570783138275
0.24948696792125702 0.4442524313926697 -0.28427910804748535
0.20046351850032806 0.5192188620567322 -0.27662885189056396
0.5273805856704712 0.435318261384964 -0.12097138166427612
0.3987639844417572 0.47468483448028564 -0.2547684907913208
0.3158441483974457 0.578887939453125 -0.24428945779800415
0.27001360058784485 0.6511770486831665 -0.19631120562553406
0.6411658525466919 0.48204857110977173 -0.15731199085712433
0.5232740044593811 0.5108614563941956 -0.23565611243247986
0.44698917865753174 0.5912169814109802 -0.20914143323898315
0.41824162006378174 0.644018828868866 -0.16455639898777008
