0.5663459897041321 0.8091187477111816 1.3548374226957094e-06
0.4471845030784607 0.7689592242240906 -0.027847828343510628
0.36778324842453003 0.6332714557647705 -0.043121445924043655
0.36201608180999756 0.5118312239646912 -0.0679144561290741
0.3535500764846802 0.41566768288612366 -0.09172673523426056
0.38723647594451904 0.5291755199432373 -0.029645653441548347
0.27916061878204346 0.40091538429260254 -0.08562316745519638
0.2046109288930893 0.3169787526130676 -0.1101415753364563
0.14828693866729736 0.2470867931842804 -0.1219833567738533
0.48434141278266907 0.5104482173919678 -0.05669516697525978
0.40805941820144653 0.35581064224243164 -0.13347630202770233
0.34826886653900146 0.2617919147014618 -0.17633427679538727
0.2966122627258301 0.18542635440826416 -0.18944662809371948
0.5871009826660156 0.5186097621917725 -0.086589016020298
0.42781227827072144 0.48464569449424744 -0.19897782802581787
0.38409578800201416 0.6053262948989868 -0.20411190390586853
0.3797932267189026 0.6941302418708801 -0.1696140170097351
0.6800058484077454 0.5465236902236938 -0.11604931950569153
0.5201914310455322 0.5446633696556091 -0.1965564787387848
0.47590988874435425 0.6385427713394165 -0.18247133493423462
0.47364768385887146 0.709219753742218 -0.1483774036169052
