0.6113367080688477 0.798733651638031 6.902582185830397e-07
0.6643000245094299 0.7555989027023315 -0.033464934676885605
0.6784013509750366 0.6887415647506714 -0.044509273022413254
0.6560233235359192 0.6337312459945679 -0.05327272042632103
0.6198056936264038 0.603987455368042 -0.060930438339710236
0.6670908331871033 0.6274421215057373 -0.020500613376498222
0.6827024221420288 0.5526045560836792 -0.04659472405910492
0.6867852807044983 0.5045396685600281 -0.06440082937479019
0.689842164516449 0.46363335847854614 -0.07361526787281036
0.6210954189300537 0.6293196678161621 -0.01866063103079796
0.6065415143966675 0.544825553894043 -0.04635779187083244
0.595603346824646 0.4904300272464752 -0.06256537139415741
0.5876924991607666 0.44725337624549866 -0.06820349395275116
0.5813639163970947 0.651066780090332 -0.02071426995098591
0.5785943865776062 0.6113281846046448 -0.0628466084599495
0.5993701815605164 0.6504817605018616 -0.06664811819791794
0.6123013496398926 0.6841894388198853 -0.054627396166324615
0.5494194030761719 0.6836912035942078 -0.02452194131910801
0.5543645620346069 0.6521286964416504 -0.05711762234568596
0.5765254497528076 0.6816914081573486 -0.05149111524224281
0.5893385410308838 0.7101250290870667 -0.037247009575366974
