0.5276110964994254 1.0 6.448150884352799e-07
0.8237729214360195 0.8369306547839597 -0.04216472804546356
0.8963433105306466 0.6329797699550002 -0.052064768970012665
0.6062205751892448 0.4783167683900605 -0.05903300642967224
0.3311926039123423 0.37667615458088377 -0.06371831148862839
0.9583849980929636 0.5021519823860021 -0.014908211305737495
1.0 0.2735584804052751 -0.04194330424070358
0.9843991735893639 0.12796896318958154 -0.060436420142650604
0.9774790416275182 0.0 -0.07176203280687332
0.6147263804448849 0.5185391141862893 -0.012428625486791134
0.463292974071916 0.29636669242118496 -0.046194810420274734
0.3521963900773217 0.1647454087389074 -0.0679963007569313
0.263650701966996 0.04760830986851024 -0.07654307782649994
0.31854848735224695 0.584686571353095 -0.015033052302896976
0.1657536853161579 0.4539454047919563 -0.07659465074539185
0.32586389595276977 0.6029414851913506 -0.08256325870752335
0.4258966242495537 0.7049085833803027 -0.06638702750205994
0.06811392830050496 0.6882127152354897 -0.019320301711559296
0.0 0.5829844817934628 -0.07496935874223709
0.13127852626255537 0.6994065600049483 -0.07245419174432755
0.20590242569957792 0.786908612121524 -0.05530571565032005
