0.5272334814071655 0.8077510595321655 1.362290959150414e-06
0.6182803511619568 0.707304060459137 -0.06929327547550201
0.6206883788108826 0.5651944279670715 -0.09081733971834183
0.540833592414856 0.4599590003490448 -0.10837473720312119
0.46118420362472534 0.383533239364624 -0.1211441233754158
0.5828773975372314 0.46798408031463623 -0.0356685146689415
0.613034725189209 0.3144949972629547 -0.08128008991479874
0.6208657622337341 0.2186492681503296 -0.10691875964403152
0.6273384094238281 0.13740059733390808 -0.11891843378543854
0.4991702735424042 0.48363441228866577 -0.03353637084364891
0.4571317434310913 0.30811014771461487 -0.09657841920852661
0.42939215898513794 0.1973162144422531 -0.1319563090801239
0.4059283137321472 0.11183345317840576 -0.1437745839357376
0.4274250268936157 0.5360650420188904 -0.03895832970738411
0.4222679138183594 0.45233744382858276 -0.1442641168832779
0.48325115442276 0.544801652431488 -0.15695293247699738
0.5172120928764343 0.6181521415710449 -0.1299305558204651
0.3620021343231201 0.605331301689148 -0.046472106128931046
0.38447150588035583 0.5306280255317688 -0.13271670043468475
0.4418836236000061 0.6041488647460938 -0.12794236838817596
0.467404842376709 0.6675894260406494 -0.10017883032560349
