0.30260304670068017 1.0 9.695359040051699e-07
0.6162488519462399 0.8807481513048632 -0.06372493505477905
0.7386168617784469 0.6822888296226953 -0.07910682260990143
0.5448783535106431 0.5041166182138349 -0.09035825729370117
0.3644475711412075 0.374880668231919 -0.09786462783813477
0.8231019505514624 0.5450020961397012 -0.02254565618932247
0.9379321465748452 0.32886702169606835 -0.05976349115371704
0.9726597013338175 0.19036826573922327 -0.08367177844047546
1.0 0.06651823761828105 -0.09833994507789612
0.5381742875976827 0.5295011514694654 -0.020285405218601227
0.5198152530933035 0.28007457667143987 -0.07112988829612732
0.5042081188683362 0.1286067472073804 -0.10169019550085068
0.49231856272752855 0.0 -0.11252588778734207
0.2757872436264881 0.5705343912459547 -0.026027994230389595
0.1956393122265608 0.41970731221001256 -0.11935161799192429
0.25545678325712223 0.590135859587846 -0.12814591825008392
0.29342706054380197 0.7054928771907523 -0.10284998267889023
0.028437548152753546 0.6505115153442094 -0.03453223779797554
0.0 0.5406689834788201 -0.11823587119579315
0.058639518104770055 0.6707656185743623 -0.11697693914175034
0.09040729853860247 0.7658128155185837 -0.09344145655632019
