0.5839601044462446 1.0 1.5641688833056833e-06
0.9397880741789609 0.8834512052163901 -0.09219738095998764
0.9645806862879405 0.6740897118875111 -0.12107964605093002
0.5997625853100433 0.5269284804519598 -0.14133423566818237
0.26212582109694815 0.4282013700182848 -0.1559109091758728
0.8809655726495034 0.5017800841757369 -0.05075730383396149
0.9754215167875414 0.2783320929691485 -0.09984540939331055
0.9893825663744068 0.13996404932423767 -0.12772735953330994
1.0 0.020973613799809696 -0.14245831966400146
0.5254700916091304 0.5283354113783404 -0.04438431188464165
0.3597979465058132 0.2869262880647634 -0.11438152939081192
0.2532605179235444 0.12998947057577756 -0.15574435889720917
0.15998237925780298 0.0 -0.1697109490633011
0.24426440110956998 0.6105535852242051 -0.047274064272642136
0.16730292297528723 0.5030619222612311 -0.17221514880657196
0.3859850996022783 0.6519052888731129 -0.18912765383720398
0.5091872205789262 0.755124816928212 -0.15854577720165253
0.0074764581304153106 0.7193482644347071 -0.053110405802726746
0.0 0.6133301615804277 -0.16147103905677795
0.1862082454685624 0.7358206985214063 -0.15796928107738495
0.28226851512615986 0.8293198976289406 -0.12563872337341309
