0.22043679654598236 0.861757218837738 1.0920786053247866e-06
0.3054591417312622 0.772270917892456 -0.05841764062643051
0.3229966461658478 0.6436843276023865 -0.07114606350660324
0.24923193454742432 0.5437570214271545 -0.07953480631113052
0.18388868868350983 0.4771348834037781 -0.08479785919189453
0.3349575400352478 0.5667834281921387 -0.02498030848801136
0.3473416864871979 0.4246641993522644 -0.06371060013771057
0.3449181318283081 0.3359765410423279 -0.08655653148889542
0.345622181892395 0.2593458294868469 -0.09901495277881622
0.25282275676727295 0.571111798286438 -0.022180870175361633
0.2349310964345932 0.4187368154525757 -0.07622580230236053
0.22522084414958954 0.32469481229782104 -0.1062866747379303
0.22152765095233917 0.24325570464134216 -0.11600885540246964
0.1789477914571762 0.6071727275848389 -0.026091331616044044
0.15480560064315796 0.5135417580604553 -0.11899732798337936
0.18827934563159943 0.610994815826416 -0.12441448122262955
0.208763986825943 0.6812177300453186 -0.09706567227840424
0.11132384091615677 0.6663962602615356 -0.03182245418429375
0.10410837084054947 0.5933859348297119 -0.11162787675857544
0.13569872081279755 0.6674804091453552 -0.10599097609519958
0.14866188168525696 0.7237797975540161 -0.0800047293305397
