0.546252429485321 0.858858585357666 1.1529377843544353e-06
0.6221703290939331 0.7653144598007202 -0.055407408624887466
0.6306325793266296 0.6312369108200073 -0.0739022046327591
0.558286190032959 0.5363627076148987 -0.08975625038146973
0.48340001702308655 0.4771159291267395 -0.10258141905069351
0.6100856065750122 0.5348263382911682 -0.03551296889781952
0.6332372426986694 0.39365172386169434 -0.07777538895606995
0.6379820704460144 0.30665045976638794 -0.10283823311328888
0.6415836215019226 0.23014482855796814 -0.11692674458026886
0.5295839309692383 0.5503625869750977 -0.040486034005880356
0.49232420325279236 0.3913536071777344 -0.09638641029596329
0.46948885917663574 0.2937390208244324 -0.1284078061580658
0.44900742173194885 0.21099254488945007 -0.14005473256111145
0.4618249237537384 0.6032952070236206 -0.05080108717083931
0.4495849013328552 0.5140441656112671 -0.14442527294158936
0.5015765428543091 0.6064462661743164 -0.15136756002902985
0.5285065174102783 0.675478458404541 -0.12571197748184204
0.4049328863620758 0.6782320141792297 -0.06276174634695053
0.41510656476020813 0.6108828783035278 -0.14351870119571686
0.4619150161743164 0.6803457140922546 -0.1372726410627365
0.4811193645000458 0.7369991540908813 -0.1104838028550148
