0.5517173920001333 1.0 1.960483587026829e-06
0.9162421469888149 0.9406651249371468 -0.09952347725629807
1.0 0.7251297656007065 -0.13834862411022186
0.7232136084808356 0.5631442972706108 -0.1650257259607315
0.5259585069008288 0.4404481186088715 -0.18653300404548645
0.8671745557395543 0.5472276386645913 -0.10846293717622757
0.9342029355321984 0.30291630970802713 -0.18443293869495392
0.931186993409806 0.1474717951281376 -0.22407853603363037
0.9345240491000358 0.01071503458937332 -0.24634318053722382
0.5092584091725187 0.5734754142325135 -0.1050148457288742
0.3765415226938815 0.31596453199810065 -0.2072817087173462
0.281465074076656 0.15265690112943553 -0.26135894656181335
0.23065757692542088 0.0 -0.2821846604347229
0.22118279753754472 0.6481643976756195 -0.10663556307554245
0.23835790132728987 0.5104667594416507 -0.2504763603210449
0.4324071285107547 0.6830130821960247 -0.24986934661865234
0.5660359705070078 0.8000538963365422 -0.2058558315038681
0.0 0.7556867956355797 -0.11198461055755615
0.06128726905713007 0.6716939138182287 -0.2362145185470581
0.2621081167110149 0.8061681587339439 -0.22615082561969757
0.37327698500490836 0.8967016697116799 -0.18542586266994476
