0.4878898859024048 0.9719642400741577 1.7223744634975446e-06
0.6050820350646973 0.9099071025848389 -0.09295151382684708
0.6231266260147095 0.7283200025558472 -0.12672868371009827
0.5234658718109131 0.6021720170974731 -0.15431112051010132
0.44013863801956177 0.5089502930641174 -0.1781138926744461
0.582008421421051 0.5756019353866577 -0.08614306896924973
0.6049246191978455 0.37657392024993896 -0.15525539219379425
0.6092883348464966 0.25003328919410706 -0.1903277188539505
0.6090731620788574 0.142266184091568 -0.2092263549566269
0.45884329080581665 0.5990113615989685 -0.09094376116991043
0.4152173697948456 0.38700056076049805 -0.18377718329429626
0.3914108872413635 0.2479810118675232 -0.23336373269557953
0.37109899520874023 0.12952062487602234 -0.25032663345336914
0.36102572083473206 0.6688908934593201 -0.10397941619157791
0.3578352928161621 0.5652971863746643 -0.2524758279323578
0.42755815386772156 0.7092422246932983 -0.2682661712169647
0.47326573729515076 0.8077899813652039 -0.23216696083545685
0.28382840752601624 0.7668619155883789 -0.11957544833421707
0.30034565925598145 0.69474858045578 -0.24939745664596558
0.3663315176963806 0.8027369379997253 -0.24990734457969666
0.40671518445014954 0.8788477182388306 -0.21618950366973877
