0.5575836364613932 1.0 1.5220665545712109e-06
0.9114470353050002 0.9116181881936186 -0.08315548300743103
1.0 0.7084127716931784 -0.11432897299528122
0.7465762887597267 0.5579660089095625 -0.13879069685935974
0.49730852617489285 0.44885681276895456 -0.15772053599357605
0.8777026184177994 0.5390854399084528 -0.07971565425395966
0.8900441671024847 0.304985216127676 -0.14510013163089752
0.8573424076812082 0.16060553545460657 -0.17885620892047882
0.8346746221314645 0.03523893863553726 -0.196488156914711
0.5237021301460917 0.5647950146145478 -0.08293422311544418
0.3596938802793163 0.3099663022091036 -0.1754727065563202
0.25988772084158906 0.1427833920312782 -0.2261524349451065
0.20080674697773715 0.0 -0.24452956020832062
0.23069020054627706 0.6412501951833354 -0.09146874397993088
0.23139830147170848 0.5000450182403015 -0.22868935763835907
0.4376381649967521 0.6582176914248828 -0.23694024980068207
0.5719807487552329 0.7716853746964214 -0.19928394258022308
0.0 0.7497599824727021 -0.10234084725379944
0.0747485454179706 0.6492070495251441 -0.2207307666540146
0.29603042490819625 0.7672660779718867 -0.21500034630298615
0.41240029296302466 0.854997462708664 -0.17858745157718658
