0.43223651023939164 1.0 1.3324029168870766e-06
0.7360916833104243 0.9039596222581541 -0.07788048684597015
0.8389508868159843 0.7075672059177351 -0.10290718823671341
0.6246930902727457 0.5466939220865704 -0.12302865087985992
0.4754967096777573 0.4208944630151273 -0.13873691856861115
0.8595787310467706 0.5352885869039548 -0.05214602127671242
0.9575378554544671 0.30074001034808123 -0.10810527950525284
0.9820059942340442 0.1514213700686648 -0.1393030434846878
1.0 0.023071494042199502 -0.15557758510112762
0.5346289563980264 0.5444325248909742 -0.051993854343891144
0.41635812189488963 0.29274834433277974 -0.12572532892227173
0.3350050457397387 0.13174403398060197 -0.16748619079589844
0.2745286775475012 0.0 -0.18060433864593506
0.2633581605845614 0.6102016519573138 -0.059701357036828995
0.17302751828178892 0.4863522434663114 -0.17867372930049896
0.29662581031198304 0.6490843272650685 -0.1911250352859497
0.3875841718622791 0.7608415424185077 -0.1593923717737198
0.03331621859094788 0.7115033948916075 -0.07018028199672699
0.0 0.6188168043416732 -0.17204549908638
0.11447603018603116 0.7402480121067871 -0.1683817207813263
0.19556397640499798 0.8278788190275096 -0.13639260828495026
