0.520293653011322 0.747077226638794 7.427192940667737e-07
0.5781683921813965 0.67351233959198 -0.05787745490670204
0.60114985704422 0.5717375874519348 -0.0737585723400116
0.5579548478126526 0.4908142387866974 -0.08622951060533524
0.5211132168769836 0.42835259437561035 -0.09484202414751053
0.6229109764099121 0.48029768466949463 -0.025452690199017525
0.6461448669433594 0.36574679613113403 -0.06505870074033737
0.6511622667312622 0.2919330298900604 -0.08991673588752747
0.6572774648666382 0.22915378212928772 -0.10342270880937576
0.5524951219558716 0.4869914948940277 -0.021419314667582512
0.5252640247344971 0.36239683628082275 -0.07293787598609924
0.5047417879104614 0.2855585813522339 -0.10291916877031326
0.49212872982025146 0.21664249897003174 -0.11290764808654785
0.493604451417923 0.5217757225036621 -0.024826234206557274
0.4616621732711792 0.4629106819629669 -0.10794474184513092
0.48702654242515564 0.5442867279052734 -0.1194944679737091
0.510063111782074 0.5960079431533813 -0.09976693987846375
0.44531503319740295 0.5716526508331299 -0.03103175386786461
0.42513829469680786 0.5238960385322571 -0.10050556808710098
0.4451550841331482 0.5861648321151733 -0.10024166852235794
0.46308451890945435 0.6273399591445923 -0.08062100410461426
