0.32174479961395264 0.8262979984283447 7.941586090964847e-07
0.3783379793167114 0.7444586753845215 -0.052015844732522964
0.39415276050567627 0.6397366523742676 -0.06572265923023224
0.3341524004936218 0.5615552067756653 -0.07641767710447311
0.27846255898475647 0.506999135017395 -0.08432760089635849
0.3939409852027893 0.5663142800331116 -0.0194433331489563
0.39072221517562866 0.4507555365562439 -0.054866816848516464
0.3780839443206787 0.3795453906059265 -0.07797034084796906
0.3682563006877899 0.3169282376766205 -0.0906720981001854
0.3254675567150116 0.5800796747207642 -0.0177916307002306
0.290269672870636 0.4550839364528656 -0.06246406212449074
0.26415836811065674 0.3757503032684326 -0.08962012082338333
0.24321499466896057 0.3052276074886322 -0.09893688559532166
0.269145131111145 0.6191731691360474 -0.022809701040387154
0.23290589451789856 0.5559166669845581 -0.10181455314159393
0.2716616690158844 0.6310812830924988 -0.11080046743154526
0.2992890477180481 0.6830679774284363 -0.09018995612859726
0.22270533442497253 0.6750363707542419 -0.02988106943666935
0.20556744933128357 0.6219844818115234 -0.09745602309703827
0.23642736673355103 0.6796240210533142 -0.09390513598918915
0.2563096880912781 0.7240692973136902 -0.0722641572356224
