0.44112566113471985 0.7696221470832825 1.403037231284543e-06
0.523303747177124 0.7052522897720337 -0.05773048847913742
0.5534831285476685 0.5829504728317261 -0.07943221926689148
0.4981476664543152 0.4812800884246826 -0.09813451021909714
0.45397713780403137 0.4065653681755066 -0.11285745352506638
0.5623729228973389 0.4892082214355469 -0.04516908526420593
0.5962245464324951 0.3410594165325165 -0.095474973320961
0.6124951839447021 0.24749073386192322 -0.12241729348897934
0.6275049448013306 0.16738522052764893 -0.1364409327507019
0.4760822057723999 0.49500706791877747 -0.04953018203377724
0.44102221727371216 0.3350118100643158 -0.12055148929357529
0.41312190890312195 0.23139473795890808 -0.16196435689926147
0.3917161822319031 0.14397260546684265 -0.17767471075057983
0.4041745066642761 0.5352936387062073 -0.058077409863471985
0.3815939724445343 0.45724305510520935 -0.16374897956848145
0.4170359671115875 0.5527954697608948 -0.17066137492656708
0.4397350549697876 0.620006799697876 -0.1413048803806305
0.3423542380332947 0.5985916256904602 -0.06785072386264801
0.3348608613014221 0.5353184938430786 -0.15502507984638214
0.3709445595741272 0.6102398037910461 -0.1467394083738327
0.38837340474128723 0.6672177314758301 -0.11589933186769485
