0.3290964605101823 1.0 7.771253649480059e-07
0.5803675848304723 0.9379874589124674 -0.04147518798708916
0.7218401398736539 0.7376654407618117 -0.06054593622684479
0.5991899706125386 0.5549974496712116 -0.07855912297964096
0.4490067571169634 0.4281703803251908 -0.0962807834148407
0.6992156263327647 0.57422283677914 -0.04860737919807434
0.8490814752372321 0.3534302119809941 -0.08746311068534851
0.9335048296060348 0.20046982716924328 -0.1097225770354271
1.0 0.07019225934323546 -0.12397108227014542
0.4421773793181576 0.565464103597888 -0.056067537516355515
0.3968144425045314 0.30890765487159616 -0.10892973840236664
0.3660935917341934 0.13954819081700448 -0.13950283825397491
0.3286495678510502 0.0 -0.15390679240226746
0.2067680289743043 0.6166104017541544 -0.06564684957265854
0.22006048252745494 0.4890152848874429 -0.1420728862285614
0.30323541122454417 0.6590389470987813 -0.1461968719959259
0.3429838685494189 0.7826786678753241 -0.12728874385356903
0.0 0.7041856948230788 -0.07628072053194046
0.05024418748000853 0.6026975054689641 -0.13954752683639526
0.1340732120961723 0.7317946684052721 -0.13346749544143677
0.1688766959430643 0.833231541094768 -0.11332418769598007
