0.31631120357731307 1.0 1.0254850622004597e-06
0.5582680684996769 0.8650776301727229 -0.0516570582985878
0.6805649704442032 0.6659976633996549 -0.06244000792503357
0.5311965223382106 0.48546159987121656 -0.07149988412857056
0.35761387266957195 0.36897456704281567 -0.07790933549404144
0.7263686017915487 0.5364642834488788 -0.009243245236575603
0.8773017802890944 0.32446018239432545 -0.04309004917740822
0.946187516125265 0.19146546994451144 -0.06543109565973282
1.0 0.0768636889627602 -0.07779737561941147
0.4651031563183563 0.5345420341665253 -0.007814902812242508
0.412593509084053 0.2873844051259644 -0.056143585592508316
0.3664101018782649 0.13434067107384298 -0.08893115073442459
0.32496711119125055 0.0 -0.10184333473443985
0.22846627000966493 0.5857780239780785 -0.012856104411184788
0.1813762327132422 0.45592703216123404 -0.0961226299405098
0.25823511735901794 0.6028568894203761 -0.10817249864339828
0.2970034707404542 0.7094971457135413 -0.08799983561038971
0.011448077968143308 0.6667536847702229 -0.01974494755268097
0.0 0.566606377357165 -0.09167759865522385
0.08024221083005459 0.6782386592371907 -0.09018553048372269
0.1216895647507367 0.7667555295877136 -0.06856011599302292
