0.12694232165813446 0.7850916981697083 1.259377995666e-06
0.209739089012146 0.7189837098121643 -0.053095053881406784
0.25431880354881287 0.590234637260437 -0.06171901896595955
0.21025428175926208 0.48609498143196106 -0.06550536304712296
0.1557745337486267 0.42352402210235596 -0.06665358692407608
0.26118937134742737 0.520837128162384 -0.023910880088806152
0.3112194836139679 0.4050145745277405 -0.06276778131723404
0.3292526304721832 0.3262035548686981 -0.0858965516090393
0.3435453772544861 0.2587970793247223 -0.09739023447036743
0.17727230489253998 0.5161885023117065 -0.02121659740805626
0.16707654297351837 0.3739611804485321 -0.0747906044125557
0.15405437350273132 0.28097930550575256 -0.10662100464105606
0.14360079169273376 0.20128470659255981 -0.11710397899150848
0.09972872585058212 0.5418645739555359 -0.024109147489070892
0.08890950679779053 0.47735127806663513 -0.11404644697904587
0.11606312543153763 0.5682361125946045 -0.12498808652162552
0.12896983325481415 0.6318269968032837 -0.101667620241642
0.027003213763237 0.586778998374939 -0.02786845900118351
0.030006378889083862 0.537656307220459 -0.10235680639743805
0.05653177946805954 0.6106972694396973 -0.09775345772504807
0.06527204811573029 0.6634340882301331 -0.07313939183950424
