0.7000288367271423 0.8627876043319702 7.028787649687729e-07
0.7654513716697693 0.8047499060630798 -0.03165595233440399
0.7833265662193298 0.7197064757347107 -0.03982165455818176
0.746955394744873 0.6513150930404663 -0.046402253210544586
0.7070619463920593 0.611465573310852 -0.05229925736784935
0.7812414169311523 0.6758137941360474 -0.02578214928507805
0.8027870059013367 0.5882923007011414 -0.05270932614803314
0.8048145174980164 0.5295355916023254 -0.06955155730247498
0.8057382106781006 0.47792693972587585 -0.07972858101129532
0.7228689193725586 0.6782954931259155 -0.027649959549307823
0.6992789506912231 0.5807650089263916 -0.06317098438739777
0.6803080439567566 0.5174707770347595 -0.08420995622873306
0.6648520827293396 0.4626227617263794 -0.09317144006490707
0.670576810836792 0.7030069828033447 -0.03171781450510025
0.6556342840194702 0.6436913013458252 -0.08900527656078339
0.6788119077682495 0.7017453908920288 -0.09255749732255936
0.6919928789138794 0.7481863498687744 -0.07688972353935242
0.6243410110473633 0.7419003844261169 -0.03647952154278755
0.6252747178077698 0.698056697845459 -0.08543391525745392
0.647282063961029 0.7402022480964661 -0.08097222447395325
0.6585601568222046 0.7780554294586182 -0.06435143947601318
