0.5844610048998015 1.0 5.675395868820488e-07
0.9668356973915165 0.8510034579306001 -0.02001926302909851
1.0 0.631131785925493 -0.022212637588381767
0.7732842223683051 0.47644914763394713 -0.025248726829886436
0.4742480871798695 0.41836225039331065 -0.028004685416817665
0.8599083743909134 0.4900623882892392 -0.006674293428659439
0.9483589392573717 0.28242969805822826 -0.025596974417567253
0.9617033587020609 0.14291604712729583 -0.03837832063436508
0.9600751743394078 0.027127424646864736 -0.045929234474897385
0.5321701952465827 0.5044365721380589 -0.010774699039757252
0.3461890998054989 0.2742743228937359 -0.03684678301215172
0.23685550329703098 0.12489365335773366 -0.05284934118390083
0.1341362998705585 0.0 -0.058900993317365646
0.24373377745549177 0.57710481918503 -0.017257818952202797
0.17607644842332115 0.44873399838828365 -0.06043073534965515
0.3732206028856645 0.5765292808190262 -0.06324782967567444
0.4725406961377637 0.6777597943799532 -0.05068350210785866
0.0 0.6832098258639561 -0.024209540337324142
0.025674823966331656 0.5834597654985815 -0.059284061193466187
0.20073683390147537 0.6770139969328993 -0.05446522310376167
0.2818533685287719 0.7620009585342539 -0.04090523347258568
