0.639671491907044 1.0 6.283602260737098e-07
0.9817154416745058 0.8406642994885146 -0.02706938050687313
1.0 0.6209853095708802 -0.03329009935259819
0.7340076983282431 0.4654821061085178 -0.039093419909477234
0.44612857376823867 0.38439783489013346 -0.04405701532959938
0.8835687520626401 0.4920736772056288 -0.014861050061881542
0.9742282125541841 0.2784779465458143 -0.03700552508234978
0.9764630650605027 0.1370626913617427 -0.0515303835272789
0.9680758870483899 0.0174409379336251 -0.059782955795526505
0.5456570779108018 0.5141901158168627 -0.01771576702594757
0.34178223623514387 0.2748612804458455 -0.045197661966085434
0.23474181301638014 0.12504197612420723 -0.060471054166555405
0.14251124833239923 0.0 -0.0659116730093956
0.25344527759328894 0.5909546916920466 -0.023644059896469116
0.20101697928265802 0.4489842344639766 -0.07047592848539352
0.4102762888362719 0.5771109092587106 -0.07271470129489899
0.5135893517158285 0.6852535487433069 -0.05868848040699959
0.0 0.7018932567805406 -0.03055953048169613
0.04925975397281965 0.58945682814319 -0.06859933584928513
0.23293821173941562 0.678796268860921 -0.06273053586483002
0.3099749890746945 0.768239658167817 -0.04759339988231659
