0.7340421100354226 1.0 6.851690272924316e-07
1.0 0.8403445648977328 -0.024005472660064697
0.9675543120804033 0.634646366896574 -0.03308815881609917
0.7074382791309075 0.4998163646286814 -0.04255847632884979
0.46011963010117196 0.41998561873427365 -0.05120368301868439
0.8333662899959594 0.5230963329454811 -0.01974901743233204
0.9060955285647437 0.3054273463435447 -0.04616041108965874
0.9162473521397523 0.16077743628533991 -0.06349163502454758
0.915322636079576 0.036921561198443295 -0.07306017726659775
0.5207709150854102 0.5503374583855162 -0.025399232283234596
0.34236294206073997 0.30337900860116784 -0.05679047107696533
0.21990597583024174 0.13836281705912873 -0.0752139687538147
0.10178647162937843 0.0 -0.08295493572950363
0.2437257353771908 0.6293400365150902 -0.0333782397210598
0.2025710124772581 0.48729281925972484 -0.08116111159324646
0.4386272690352119 0.6025480312067409 -0.08377178758382797
0.5716553130705504 0.7087341121334948 -0.07020015269517899
0.0 0.7433443744485891 -0.04218175634741783
0.05338824295782619 0.6242667203244231 -0.0795394703745842
0.26466736011757314 0.7031064408823651 -0.0731055811047554
0.37076514207043576 0.7912243322671322 -0.05781662091612816
