0.35321611166000366 0.8242008686065674 1.0248292028336436e-06
0.422870397567749 0.7823691964149475 -0.060879915952682495
0.4340135157108307 0.692902684211731 -0.08413903415203094
0.37943896651268005 0.6229680180549622 -0.10031747817993164
0.33360445499420166 0.5622405409812927 -0.11356392502784729
0.41234320402145386 0.5980573892593384 -0.05662493407726288
0.420254111289978 0.4885014295578003 -0.10144565254449844
0.4128178060054779 0.4186707139015198 -0.12670864164829254
0.4058375954627991 0.3592050075531006 -0.1402752846479416
0.33726200461387634 0.6132014393806458 -0.052009474486112595
0.29977402091026306 0.5004671812057495 -0.10218525677919388
0.26758185029029846 0.434162437915802 -0.1260126680135727
0.2456517219543457 0.37493717670440674 -0.13306236267089844
0.28081005811691284 0.6548199653625488 -0.05302697420120239
0.2547013461589813 0.5977485775947571 -0.12592919170856476
0.284524142742157 0.6651095151901245 -0.12632642686367035
0.3088684380054474 0.7093775272369385 -0.10362888127565384
0.24173054099082947 0.7132585048675537 -0.05714030936360359
0.2243022471666336 0.6732485890388489 -0.11676142364740372
0.25541770458221436 0.7176274657249451 -0.1093137115240097
0.2759566009044647 0.7459345459938049 -0.08700873702764511
