0.5960836876315645 1.0 1.0027979442384094e-06
0.9322062488964217 0.9113904742225012 -0.05910800024867058
1.0 0.7078822136106181 -0.07957148551940918
0.7275672622345669 0.5594336902197296 -0.09299401193857193
0.5073350942615034 0.4364342047570803 -0.10382506251335144
0.8632408366327673 0.5081222111021843 -0.05217708274722099
0.9057247970384524 0.2706055246199183 -0.09299405664205551
0.8746036112680953 0.12427657641959107 -0.11554175615310669
0.842646750318135 0.0 -0.12752753496170044
0.5120770907931539 0.5412709329574795 -0.04777880012989044
0.3413462576309501 0.29236156195240454 -0.09384451806545258
0.20476297489847078 0.15036313177964641 -0.1160096824169159
0.1058177328640231 0.025482834962016247 -0.12227268517017365
0.25120127442194634 0.633902048742776 -0.04868745431303978
0.15066438875183147 0.5137332897441552 -0.11809160560369492
0.2912143263979258 0.6576887352301822 -0.11773906648159027
0.3883663055324769 0.7556834274253034 -0.09505821019411087
0.06657241162101889 0.7630690430993139 -0.05247022211551666
0.0 0.6753437659507864 -0.10901255160570145
0.1516860462863586 0.7726674006919783 -0.09893801063299179
0.23888907647029844 0.8418341226161525 -0.07516259700059891
