0.46282334306243134 1.0 1.2597309932971257e-06
0.7727075549518359 0.8749673920290417 -0.0673714354634285
0.8515091946295761 0.6903319032904592 -0.08816655725240707
0.6552176670053846 0.5385410297125083 -0.10331273078918457
0.4872057869969043 0.40151598151149137 -0.11384008079767227
0.7738503404150896 0.5082105142847813 -0.029449863359332085
0.9301565391915556 0.29983696694845724 -0.06722161173820496
0.977196755843838 0.16111434492198715 -0.09047092497348785
1.0 0.042483947734722284 -0.1035839095711708
0.4797242624657695 0.5203958402216227 -0.023652128875255585
0.4197292180337842 0.2729679444528351 -0.07496318221092224
0.3802127364775355 0.1218971267159494 -0.1033378317952156
0.3374951678442301 0.0 -0.11262185126543045
0.22179123990076463 0.5920517917716068 -0.026421301066875458
0.23346258033421705 0.4702813143332204 -0.11110299080610275
0.3567572556264656 0.6123805519611725 -0.12044554948806763
0.4141202209353432 0.7032766894847627 -0.09950718283653259
0.0 0.6892506765830819 -0.03260715678334236
0.050623822068875717 0.6012847799081017 -0.10527365654706955
0.16748126697514562 0.716303441219251 -0.10551193356513977
0.20163009093395765 0.7893991778954286 -0.08657412976026535
