0.4345644459809199 1.0 1.1077244153057109e-06
0.769354074351169 0.8797876253677326 -0.04849711433053017
0.8676084117128467 0.6948379111794143 -0.06278544664382935
0.6729824740220643 0.542009163512677 -0.07436467707157135
0.5158016461536683 0.4164951430680814 -0.0830710157752037
0.8128900368088618 0.5266126600790588 -0.024576634168624878
0.9435588694856322 0.3112893518419394 -0.05765679106116295
0.977219591183106 0.16898093601674707 -0.07689660042524338
1.0 0.04826498253381433 -0.08671081811189651
0.5047902483310969 0.534466909963093 -0.02320025861263275
0.43347347250578716 0.28349658809421263 -0.06649109721183777
0.38011270678058534 0.12754633911534774 -0.08963293582201004
0.3384778700246828 0.0 -0.09619772434234619
0.23707749405520595 0.6000684063874993 -0.02753681316971779
0.18213976859698658 0.4624138504418762 -0.09930656105279922
0.28699852785568153 0.6078579410063363 -0.1032431498169899
0.3423389651697589 0.71480266096143 -0.08090632408857346
0.0 0.6995051905804247 -0.03384320065379143
0.001000868995968153 0.590482465269223 -0.09130963683128357
0.10389335412478866 0.6897910854933285 -0.0850650817155838
0.13752150160822046 0.7682552987658926 -0.06331489235162735
