0.43706939671709844 1.0 9.160854119727446e-07
0.730529771079676 0.8833915140232336 -0.05168349668383598
0.8753518190417098 0.6935456399465864 -0.06705721467733383
0.657263346570652 0.5321255751557747 -0.07861785590648651
0.4772866458982793 0.4050236756953542 -0.08698061853647232
0.8445176639135085 0.5223612738019278 -0.02942071296274662
0.9592350367330895 0.29735581080911877 -0.0622793473303318
0.9805180247604355 0.14883819304269225 -0.08105075359344482
1.0 0.024470306770090523 -0.09149324893951416
0.5364319810254657 0.5324194725287752 -0.027868980541825294
0.4431793621332497 0.2794583353755981 -0.06977542489767075
0.3891562276568228 0.12756369774111775 -0.09345705807209015
0.3521927760270914 0.0 -0.10117138177156448
0.2791416783302023 0.6050920944500964 -0.032118018716573715
0.18270721648211297 0.48387833542215863 -0.10222548991441727
0.2858914489749289 0.636190979307448 -0.10756555199623108
0.36047023939132855 0.7312948101473935 -0.08791542053222656
0.05659175244612064 0.7087751992144112 -0.03870975971221924
0.0 0.6200127814841258 -0.09634086489677429
0.09357077633907368 0.7227049657330512 -0.09229260683059692
0.14961615713594933 0.7882420664854877 -0.0732969269156456
