0.6316320380963673 1.0 1.127256837207824e-06
0.9601890704413008 0.8791028713787385 -0.05699191987514496
1.0 0.6713658424918478 -0.07100231200456619
0.6630691625771503 0.5423140181287106 -0.08028901368379593
0.3608536962311526 0.45080737485218897 -0.08600185066461563
0.8848465602192743 0.5025557596922596 -0.026663366705179214
0.9182840544854831 0.2733130593577124 -0.061479873955249786
0.8874922196864163 0.1219159311408982 -0.08087766915559769
0.8625995915423581 0.0 -0.09048324823379517
0.524822764103715 0.5318085596513988 -0.02358744479715824
0.3127686060641987 0.29120834612638374 -0.06510105729103088
0.17750194419627421 0.14203564867034513 -0.08636278659105301
0.07721528992165348 0.021638734579439035 -0.09057039022445679
0.2666884021458846 0.6134672600562043 -0.028370097279548645
0.11755902100014255 0.5131113696234955 -0.10608252882957458
0.31142171205006497 0.6419657659704359 -0.11539465934038162
0.4444899854485201 0.7253530737467886 -0.09444985538721085
0.07042436406080853 0.7240073045477085 -0.0356077142059803
0.0 0.6457994055088252 -0.10046793520450592
0.1599592953752828 0.7378352968474958 -0.09903842210769653
0.2540276266409228 0.8006900331612045 -0.0795099064707756
