0.644947711205445 1.0 1.1172292033734266e-06
0.966780502889528 0.8865676987838206 -0.06132206693291664
1.0 0.6773379457365638 -0.08330739289522171
0.7081031931970029 0.5347352482007369 -0.09835733473300934
0.4717466190924628 0.4312260837264735 -0.11010751128196716
0.8063829487731855 0.5155297615056885 -0.05415840819478035
0.8162653667170361 0.27588127223583814 -0.09659557789564133
0.7640457981951224 0.12959932997219334 -0.12057293206453323
0.7117623386083742 0.0 -0.13392697274684906
0.4773957719155833 0.5583242334993364 -0.04884335771203041
0.2650861491306155 0.3188663762797417 -0.10557772219181061
0.11888700222416752 0.16707145205425075 -0.136980801820755
0.0 0.02911142962613616 -0.14887374639511108
0.23541999794185925 0.6468507804547682 -0.047431137412786484
0.12290179075599135 0.5103675794426182 -0.1284371316432953
0.30526373029588955 0.6455487820146738 -0.13070985674858093
0.4222358003233248 0.7432719406585044 -0.10668062418699265
0.06108724980525759 0.7625329322059579 -0.0486014187335968
0.002980511746860773 0.6545833795392959 -0.11514239758253098
0.17235694588111852 0.7584911173196026 -0.10689787566661835
0.2637777321127355 0.8374989859690426 -0.08203894644975662
