0.5248049267450496 1.0 9.80832510322216e-07
0.8459598858013677 0.8324925218573631 -0.05568956211209297
0.9098329941453911 0.6292817954329039 -0.07335907965898514
0.5741560489588056 0.473711829191925 -0.09018183499574661
0.2745842938299945 0.37412740823077223 -0.10360401123762131
0.7994692753595232 0.48723809242303195 -0.014440319500863552
0.9144899159907021 0.26829238352709894 -0.055214766412973404
0.9556426566614261 0.13238588883514726 -0.08282821625471115
1.0 0.013487419525102393 -0.0985533595085144
0.4787218240916675 0.5100124149151469 -0.015048986300826073
0.31690795628815865 0.26356643170680943 -0.06857197731733322
0.2283128695299916 0.11747364911532365 -0.10216230154037476
0.1528286827612149 0.0 -0.11601585894823074
0.2205919231474069 0.5820972421795199 -0.023149115964770317
0.1590042342229381 0.45262003713925003 -0.11080048233270645
0.3639512340975511 0.5795636019015039 -0.12179314345121384
0.4762618273710202 0.6824824074230273 -0.10085994005203247
0.0 0.684105967380135 -0.03368313983082771
0.02855640968759344 0.5757307636269092 -0.1057242900133133
0.20922173246269737 0.6753234492063609 -0.10156167298555374
0.2933547295016349 0.7639357629139644 -0.07862138748168945
