0.6269972757101969 1.0 1.5879215879976982e-06
0.9764603011156436 0.8744654857826694 -0.07526691257953644
0.9956496252694734 0.6752905335860581 -0.10073458403348923
0.6557210246639494 0.5279073606174445 -0.12182287871837616
0.3249438812592506 0.4299794241924655 -0.13803164660930634
0.8470514442423077 0.5158062454319573 -0.038496632128953934
0.9672105564005805 0.2934788514814001 -0.08858925849199295
0.9918607862936829 0.15040683730674473 -0.11752180755138397
1.0 0.027660914081164924 -0.13308583199977875
0.5096041478402846 0.540820188386916 -0.038893673568964005
0.3427185404657842 0.29006804622706045 -0.11142423748970032
0.25169958619563115 0.13002139188018408 -0.1549314707517624
0.16362041469185043 0.0 -0.17050622403621674
0.23693357532569664 0.6235779347940678 -0.04677225649356842
0.19206034103087846 0.5037757550821191 -0.16555015742778778
0.43296325279580816 0.650465307431308 -0.17879866063594818
0.5639407440975776 0.7592250041040145 -0.14796002209186554
0.0 0.7365140806877847 -0.056797824800014496
0.03349471278555497 0.6303789789557322 -0.15849855542182922
0.2623377358351025 0.7426880980616588 -0.15462727844715118
0.3726533588016255 0.8337033973260705 -0.12305372208356857
