0.2796032726764679 0.7765650153160095 1.1965854582740576e-06
0.3566291034221649 0.7069831490516663 -0.058803342282772064
0.36475539207458496 0.5846887826919556 -0.0750943273305893
0.2889311909675598 0.4961426258087158 -0.08629748225212097
0.21765176951885223 0.4360979497432709 -0.09503422677516937
0.3273008465766907 0.5083610415458679 -0.03776494413614273
0.3470847010612488 0.37872669100761414 -0.07530980557203293
0.35212835669517517 0.29581350088119507 -0.09677855670452118
0.3534785509109497 0.22719323635101318 -0.10732229053974152
0.2579764425754547 0.5210839509963989 -0.03504852578043938
0.22192950546741486 0.37464040517807007 -0.08058958500623703
0.20005236566066742 0.28225210309028625 -0.10697293281555176
0.17757339775562286 0.20922327041625977 -0.11608254909515381
0.2002648413181305 0.5635988116264343 -0.038013581186532974
0.1878434270620346 0.4892377257347107 -0.11971739679574966
0.24188120663166046 0.5594890117645264 -0.12857040762901306
0.2715572416782379 0.6155533194541931 -0.10726991295814514
0.14592328667640686 0.6242256760597229 -0.042660657316446304
0.15529736876487732 0.5620050430297852 -0.11326222866773605
0.20644521713256836 0.6187958717346191 -0.10839623212814331
0.23276233673095703 0.6695800423622131 -0.08501633256673813
