0.504510537616118 1.0 1.0341287861592718e-06
0.857780544925296 0.8602332824720388 -0.04619160294532776
0.9078888063607327 0.6424060889662967 -0.060042258352041245
0.5614303308452402 0.4885661611513638 -0.07111387699842453
0.24459054084201015 0.3953561739516228 -0.0806989073753357
0.8572564750770244 0.537613516114237 -0.023957835510373116
0.9595059705841026 0.3239945201701505 -0.05860143527388573
0.9803597667944225 0.17568466397071827 -0.08082999289035797
1.0 0.04580418301672427 -0.0939071774482727
0.5251810194782505 0.5500094428140185 -0.025678159669041634
0.3967806725021734 0.3007172941391601 -0.06916765868663788
0.313760260339404 0.13812654569872326 -0.0964612364768982
0.2336654460848693 0.0 -0.107872873544693
0.25331490005721 0.6177131602850231 -0.032202593982219696
0.1517044587361742 0.47972858654563877 -0.10986848175525665
0.35982569723103125 0.6227628174958856 -0.1185602992773056
0.47215672495980365 0.7331096235764584 -0.098883718252182
0.013167943054746445 0.7257726470156212 -0.03958061710000038
0.0 0.594320522082695 -0.10628818720579147
0.188816599912444 0.7028734333172456 -0.10224252939224243
0.2880586115974951 0.8037121350652153 -0.0810355693101883
