0.4710514545440674 0.8973426818847656 1.3066747897028108e-06
0.5690078139305115 0.8332245349884033 -0.07793399691581726
0.5960891246795654 0.6886153817176819 -0.09955176711082458
0.5295439958572388 0.5627968311309814 -0.11437991261482239
0.4825533628463745 0.4659395217895508 -0.12500439584255219
0.5815734267234802 0.5843218564987183 -0.050017669796943665
0.6210026741027832 0.4219847321510315 -0.09364835172891617
0.6357581615447998 0.3203507661819458 -0.11555629968643188
0.6467810869216919 0.23405635356903076 -0.1259768307209015
0.4887751340866089 0.5917174220085144 -0.04368944093585014
0.46729329228401184 0.411266028881073 -0.10338451713323593
0.45159244537353516 0.29761388897895813 -0.136786088347435
0.4362212121486664 0.2090093195438385 -0.14732268452644348
0.4107851982116699 0.6362712383270264 -0.04502815753221512
0.39037713408470154 0.5536574721336365 -0.14748293161392212
0.43000301718711853 0.6606299877166748 -0.15922299027442932
0.45695650577545166 0.7355040311813354 -0.13247361779212952
0.34229615330696106 0.6986507177352905 -0.04912092536687851
0.33842602372169495 0.6247100830078125 -0.13622905313968658
0.3743739128112793 0.711510181427002 -0.13195259869098663
0.3962167799472809 0.7760118246078491 -0.10444764047861099
