0.48063528537750244 0.591718852519989 6.750310603820253e-07
0.5336844325065613 0.5085713267326355 -0.03763968124985695
0.5438437461853027 0.41327136754989624 -0.050469279289245605
0.4793145954608917 0.34048157930374146 -0.06359256058931351
0.4164772927761078 0.30318036675453186 -0.0741221010684967
0.5161617994308472 0.35363122820854187 -0.010403705760836601
0.5320095419883728 0.24814248085021973 -0.0390675850212574
0.5374999046325684 0.18655826151371002 -0.05731569230556488
0.5411276817321777 0.1324577033519745 -0.06732591986656189
0.45874902606010437 0.36505401134490967 -0.01260650996118784
0.42815449833869934 0.2509188652038574 -0.049647778272628784
0.41291746497154236 0.18459923565387726 -0.07168401777744293
0.39726656675338745 0.13349363207817078 -0.08018866181373596
0.41065356135368347 0.3974580764770508 -0.020114386454224586
0.4042321443557739 0.33982694149017334 -0.08353738486766815
0.4451610743999481 0.3949824869632721 -0.09290220588445663
0.464912086725235 0.4430263042449951 -0.07842382043600082
0.36978238821029663 0.4427860677242279 -0.029032543301582336
0.38209953904151917 0.39542412757873535 -0.08068783581256866
0.41975072026252747 0.438930869102478 -0.07828216254711151
0.43642011284828186 0.4826749563217163 -0.061972614377737045
