0.6131813526153564 0.594868540763855 6.075900955693214e-07
0.6601530313491821 0.520693302154541 -0.02852959744632244
0.6654926538467407 0.4375285804271698 -0.038790229707956314
0.6166698932647705 0.3764798641204834 -0.050466831773519516
0.5684801936149597 0.34219586849212646 -0.060389935970306396
0.6378068327903748 0.39073479175567627 -0.008506559766829014
0.6553316712379456 0.3063533306121826 -0.0336078517138958
0.661115825176239 0.25396794080734253 -0.05016530677676201
0.663113534450531 0.2077646702528 -0.058962173759937286
0.5901241302490234 0.3972674310207367 -0.01295507326722145
0.5710315108299255 0.29855018854141235 -0.043980155140161514
0.5593743920326233 0.23919957876205444 -0.06207752972841263
0.5455817580223083 0.19257143139839172 -0.06892044097185135
0.547934889793396 0.4221748113632202 -0.02187293767929077
0.5510613918304443 0.3687439560890198 -0.07395587861537933
0.5872165560722351 0.414946049451828 -0.08117283880710602
0.6034770607948303 0.4573039412498474 -0.06845062226057053
0.5105355381965637 0.45917725563049316 -0.03197760879993439
0.5255186557769775 0.40998026728630066 -0.0712830200791359
0.5603063106536865 0.43966421484947205 -0.06735154241323471
0.5773530006408691 0.47493627667427063 -0.0529802106320858
