0.5873817114596647 1.0 8.164704468072159e-07
0.8980712458542256 0.8213414744383204 -0.03604688122868538
0.9650948810149634 0.609526044987399 -0.04891844093799591
0.6146272246955647 0.46123594219108377 -0.06239718943834305
0.28169799304059695 0.38142736100682295 -0.07473879307508469
0.8371724537115683 0.4828702336630513 -0.012890505604445934
0.9491724512406282 0.278000274798451 -0.044059157371520996
0.9764161112713791 0.14635090556936914 -0.06493530422449112
1.0 0.029001722311344236 -0.07623038440942764
0.5131466373283701 0.4997679881499194 -0.017528759315609932
0.4051869358920743 0.26711620720285306 -0.05460933595895767
0.32164074135618786 0.12198191753877008 -0.07716770470142365
0.24862198753781312 0.0 -0.08565352857112885
0.24350003737297052 0.5642132869872086 -0.027004504576325417
0.2018180560248626 0.45491334809370626 -0.08990908414125443
0.3866474715795547 0.5796754003560327 -0.09647121280431747
0.4911833765027177 0.6844767198707001 -0.07927148044109344
0.0 0.6640703435824317 -0.037812285125255585
0.023770753581164518 0.5529765613794883 -0.08667998760938644
0.2139318403500828 0.6457662357071661 -0.07875405251979828
0.32760188458608974 0.739514209369904 -0.05795149505138397
