0.4478781282383914 1.0 1.1527722563187126e-06
0.7487508081144839 0.8927753033715529 -0.0774029940366745
0.7985299157327163 0.6855047333012028 -0.10047925263643265
0.49188143943688034 0.5285433810802188 -0.11916633695363998
0.2620928643374727 0.4075026627351361 -0.13335144519805908
0.765962041096612 0.4885933197401432 -0.027699662372469902
0.8935662266689228 0.2844754384700741 -0.07144838571548462
0.9555884665007345 0.14945148804441566 -0.10063562542200089
1.0 0.03282908366684052 -0.11872608959674835
0.4583632798735237 0.5046134504987345 -0.02529105916619301
0.3345180715154094 0.27006930585773997 -0.09002669155597687
0.2378659039071137 0.11985187388915491 -0.13280150294303894
0.13917206635129492 0.0 -0.14961127936840057
0.21320559121218197 0.5821681217665821 -0.03248009830713272
0.13789509189469318 0.48613027078243054 -0.14530569314956665
0.28562242173552 0.6409960988725845 -0.16674840450286865
0.3725638128893632 0.7454247123745592 -0.1444823145866394
0.007193126377843339 0.6892403835517171 -0.04252387583255768
0.0 0.5921132170585075 -0.14174969494342804
0.12400036261607018 0.7210795939964243 -0.14572516083717346
0.2023016068471147 0.8163111608519937 -0.12205460667610168
