0.4893672536583972 1.0 9.282364885621064e-07
0.8383082057236121 0.8250533963087312 -0.058398839086294174
0.9087380043792384 0.618057436597811 -0.07205624133348465
0.5516711637331247 0.45424088089683035 -0.08438422530889511
0.21608044235360566 0.36296003338454824 -0.09369838237762451
0.8818033035787866 0.48502551262353233 -0.002812472637742758
0.9676773200742482 0.26053002712494544 -0.03605344519019127
0.9808065345244598 0.1209709971736945 -0.06045922264456749
1.0 0.0 -0.07551345229148865
0.5475889749734533 0.504283322900662 -0.0006505365017801523
0.409915222800186 0.26542166960678315 -0.0476081557571888
0.3106784608108226 0.1199726853696011 -0.080830417573452
0.23051851683938282 0.0026974620155921017 -0.09528837352991104
0.27648493512252587 0.5687547184127165 -0.00712837977334857
0.14361072996042723 0.433866395417212 -0.09407705813646317
0.30998046509277605 0.5663498928280126 -0.10993147641420364
0.41300260237172143 0.6741431931561676 -0.09194431453943253
0.037727896428391805 0.6650151747946661 -0.01615707390010357
0.0 0.5456640869515734 -0.09096874296665192
0.1487245639474822 0.6478901344866177 -0.09104965627193451
0.235229279550827 0.7434718033346611 -0.07082940638065338
