0.6015094336306883 1.0 1.0674280019884463e-06
0.9715023394200321 0.8211102058671662 -0.0680142194032669
1.0 0.59676119453507 -0.08569281548261642
0.5935126030151548 0.44175664019263505 -0.09980081021785736
0.22575021634651557 0.3510732657969739 -0.11075443774461746
0.8304330983204437 0.5004049450759078 -0.026085779070854187
0.880176925813492 0.27250957461207964 -0.06640486419200897
0.8631238009504419 0.13126077202854455 -0.0907757356762886
0.8528448289970122 0.009107016532304748 -0.10469243675470352
0.5044785568449028 0.5264686826888845 -0.02248661406338215
0.3093887523096823 0.2726346121332143 -0.07629525661468506
0.2072657282186919 0.11888106960467378 -0.10822005569934845
0.12087583791370676 0.0 -0.12114664912223816
0.23984615700600806 0.6001379978709377 -0.027529297396540642
0.12844014024987568 0.44889299865834914 -0.12500746548175812
0.3790631490189527 0.5760164687762036 -0.13882528245449066
0.5217847404066974 0.6860247257307681 -0.11648797243833542
0.0 0.7024678622179593 -0.03508272022008896
0.0015457009841281452 0.5676898830640146 -0.11726316064596176
0.2203489947451878 0.658767336388645 -0.11614111810922623
0.33620880066542136 0.7501605445770397 -0.09384749084711075
