0.568963006220222 1.0 1.0169891311306856e-06
0.9466681568271955 0.8396570862337996 -0.06728171557188034
1.0 0.6198490632456953 -0.08396647125482559
0.624661459601345 0.4521983078451962 -0.09787193685770035
0.2797916912439671 0.3531926827062488 -0.10859519988298416
0.8488441288818926 0.5049447689700207 -0.024882284924387932
0.8946641686870433 0.26794388396344987 -0.06654161214828491
0.8823315652927234 0.12402219892205904 -0.09090740233659744
0.882151613158684 0.0015543867248493113 -0.10408767312765121
0.5138869780775382 0.5285668080053523 -0.0233769528567791
0.33161681654871195 0.2695427512384402 -0.08008133620023727
0.21751539914243875 0.11451608853679754 -0.11370127648115158
0.12505289906482622 0.0 -0.1262962520122528
0.24285357462605195 0.6025064268748009 -0.03053119219839573
0.14433239555614089 0.4598127351463849 -0.1315123736858368
0.3556389014249006 0.5944236506560143 -0.14555145800113678
0.4771052847432071 0.7091033702791215 -0.12164290994405746
0.0 0.7051921225293205 -0.040147073566913605
0.001251277338808584 0.5755041266569765 -0.12480591237545013
0.180559635886682 0.6770490525773134 -0.12236076593399048
0.2674065836555751 0.773631877750768 -0.09761878103017807
