0.0028856146335601808 0.005060250759124756 7.249280997712049e-07
0.003235962092876434 0.004935865700244904 -0.04157063364982605
0.0035430222749710085 0.004669203460216522 -0.07032378762960434
0.003685145080089569 0.004319743514060974 -0.09049020707607269
0.0037948304414749147 0.003968858420848847 -0.10875511169433594
0.002909277677536011 0.0043403756618499755 -0.07508106529712677
0.003214356601238251 0.004030227065086365 -0.12382636219263077
0.0034994047880172728 0.003890588879585266 -0.15718896687030792
0.003768448531627655 0.003842862844467163 -0.1767217069864273
0.00266063928604126 0.004196648597717285 -0.07073414325714111
0.0028025084733963013 0.003719434142112732 -0.11033391207456589
0.0031210920214653015 0.003501867651939392 -0.13015441596508026
0.0034290367364883424 0.003404130935668945 -0.14100521802902222
0.00245436817407608 0.004168266654014588 -0.06974492222070694
0.0023540569841861724 0.003651585578918457 -0.10980167239904404
0.002556654214859009 0.003365793228149414 -0.13261280953884125
0.002822142243385315 0.0031622141599655152 -0.14628532528877258
0.0023198804259300233 0.004258970320224762 -0.0699118971824646
0.001965382546186447 0.004068554937839508 -0.10572349280118942
0.0018838547170162202 0.003884361386299133 -0.12461935728788376
0.001907898634672165 0.003705907762050629 -0.1362074315547943
