0.5924414992332458 0.730741024017334 -2.1673722585546784e-06
0.3755839467048645 0.6907227635383606 -0.11154594272375107
0.19227242469787598 0.6088671684265137 -0.19219394028186798
0.16961446404457092 0.5182292461395264 -0.2785550057888031
0.34247562289237976 0.4719741940498352 -0.3389160931110382
0.26023542881011963 0.4337736964225769 -0.04923293739557266
0.22621414065361023 0.3551415801048279 -0.1794130802154541
0.2565155029296875 0.4586271643638611 -0.24873431026935577
0.2995503544807434 0.5108498334884644 -0.2766883671283722
0.4280698299407959 0.41986626386642456 -0.04667875915765762
0.403300940990448 0.3450522720813751 -0.205842062830925
0.4035727381706238 0.4677686393260956 -0.2528865933418274
0.4201839864253998 0.5318171977996826 -0.24691273272037506
0.5987375974655151 0.41645416617393494 -0.0676516443490982
0.5910464525222778 0.3136611580848694 -0.21416674554347992
0.5414068698883057 0.41947805881500244 -0.2058882862329483
0.5158863067626953 0.49868595600128174 -0.15260666608810425
0.764667272567749 0.42322617769241333 -0.09862072765827179
0.8111096620559692 0.30193254351615906 -0.17209583520889282
0.824173092842102 0.23079665005207062 -0.18297448754310608
0.827065110206604 0.15872493386268616 -0.1692364662885666
