0.523937463760376 0.7752848267555237 -2.2201490992301842e-06
0.3543985188007355 0.7111093401908875 -0.02865477278828621
0.2478141039609909 0.5809529423713684 -0.05078314617276192
0.2542653977870941 0.47352105379104614 -0.08990983664989471
0.33471545577049255 0.4096261262893677 -0.11779077351093292
0.27631282806396484 0.43672826886177063 0.013944155536592007
0.20772844552993774 0.30413103103637695 -0.08856751024723053
0.12700560688972473 0.37373948097229004 -0.1537410020828247
0.09296530485153198 0.4518318176269531 -0.17725160717964172
0.37292611598968506 0.42561230063438416 -0.01575753465294838
0.30782777070999146 0.28274983167648315 -0.13727836310863495
0.20781143009662628 0.3528415858745575 -0.19694523513317108
0.16171830892562866 0.43631041049957275 -0.2047601342201233
0.4868308901786804 0.4304892420768738 -0.05854002386331558
0.43100854754447937 0.29982802271842957 -0.15075024962425232
0.3278326690196991 0.35918697714805603 -0.169898122549057
0.27326613664627075 0.4323858618736267 -0.15239956974983215
0.6027997732162476 0.4461362361907959 -0.10709495097398758
0.5914306640625 0.31215521693229675 -0.1553979218006134
0.5517173409461975 0.22167211771011353 -0.17580415308475494
0.5220786333084106 0.15165627002716064 -0.17821218073368073
