0.42818546295166016 0.6888613700866699 -1.6136234535224503e-06
0.2964824140071869 0.6857999563217163 -0.04542026296257973
0.15648391842842102 0.5904794335365295 -0.0689503401517868
0.12043434381484985 0.4851831793785095 -0.0973723828792572
0.21564322710037231 0.4263533055782318 -0.11269859224557877
0.22939559817314148 0.4327465295791626 -0.0022904910147190094
0.18871276080608368 0.3574830889701843 -0.06856419891119003
0.20779870450496674 0.43817079067230225 -0.10485808551311493
0.23654352128505707 0.5094215869903564 -0.11815052479505539
0.3357755243778229 0.4078030288219452 -0.006873040460050106
0.29356321692466736 0.34461209177970886 -0.095411516726017
0.3017650842666626 0.4535679817199707 -0.1262565702199936
0.3194442391395569 0.5368582606315613 -0.12246441841125488
0.44344449043273926 0.39895501732826233 -0.024426817893981934
0.4126881957054138 0.29919862747192383 -0.10752013325691223
0.36353063583374023 0.3760972023010254 -0.11733844876289368
0.33399122953414917 0.45147866010665894 -0.09750796109437943
0.5485448837280273 0.4030872881412506 -0.044987842440605164
0.5643361806869507 0.28786081075668335 -0.09601143002510071
0.5581920146942139 0.21956734359264374 -0.11611048877239227
0.5472300052642822 0.1609044373035431 -0.1183975487947464
