0.5678594708442688 0.5598059892654419 -1.794779109332012e-06
0.40031003952026367 0.5199593305587769 -0.09531276673078537
0.3030160665512085 0.4094356894493103 -0.15056414902210236
0.3041589856147766 0.30611926317214966 -0.19769451022148132
0.37100014090538025 0.2306031584739685 -0.2273947298526764
0.4658855199813843 0.2813420295715332 -0.13448838889598846
0.4975367486476898 0.2229098528623581 -0.2347269058227539
0.49552857875823975 0.3208106756210327 -0.27107033133506775
0.4869413673877716 0.4118770658969879 -0.2788812518119812
0.6046344041824341 0.2999202311038971 -0.1325002759695053
0.6472153663635254 0.2550181746482849 -0.26768842339515686
0.6255582571029663 0.37722623348236084 -0.2980891764163971
0.6044046878814697 0.472984254360199 -0.2895626425743103
0.7190934419631958 0.3370690941810608 -0.14162291586399078
0.7662174701690674 0.306769996881485 -0.28260883688926697
0.7278273105621338 0.41780394315719604 -0.2833666503429413
0.6905763149261475 0.5042988657951355 -0.24665072560310364
0.8214229345321655 0.3846898078918457 -0.15474165976047516
0.9211933016777039 0.3065235912799835 -0.2547239363193512
0.9727910757064819 0.26309484243392944 -0.2703348398208618
1.0037463903427124 0.2238275110721588 -0.26012933254241943
