0.4847153425216675 0.7775619029998779 -2.2819770038040588e-06
0.3110496997833252 0.6891206502914429 -0.028575021773576736
0.1807933896780014 0.5734016299247742 -0.062034208327531815
0.15263721346855164 0.46993952989578247 -0.11813463270664215
0.2751254439353943 0.44150954484939575 -0.1610025316476822
0.3237079679965973 0.4319831132888794 0.03816287964582443
0.2758138179779053 0.3389708995819092 -0.06784827262163162
0.25534406304359436 0.4237445890903473 -0.12182892113924026
0.26219335198402405 0.4890037178993225 -0.13269998133182526
0.4333658218383789 0.4364534318447113 0.007967723533511162
0.3834729492664337 0.36864858865737915 -0.13147681951522827
0.3667638301849365 0.4856170415878296 -0.17787541449069977
0.3754776120185852 0.5637786388397217 -0.1696028858423233
0.5557280778884888 0.44618433713912964 -0.03886205703020096
0.4972941279411316 0.3723852336406708 -0.17729690670967102
0.44729477167129517 0.48895445466041565 -0.18095362186431885
0.4329153895378113 0.5808649659156799 -0.13169245421886444
0.6760742664337158 0.45747220516204834 -0.08781234920024872
0.707080602645874 0.3239232003688812 -0.14713460206985474
0.7161731719970703 0.23876571655273438 -0.1497439295053482
0.7194499969482422 0.1601274311542511 -0.13011212646961212
