0.48742446303367615 0.7567757964134216 -2.02256114789634e-06
0.319985568523407 0.6996769905090332 -0.029027199372649193
0.2222948968410492 0.566179633140564 -0.0529293455183506
0.25312602519989014 0.46706125140190125 -0.09246454387903214
0.3466057777404785 0.42152097821235657 -0.11992530524730682
0.2658233642578125 0.42336177825927734 0.002760181436315179
0.2012813240289688 0.29388898611068726 -0.09481728821992874
0.1315993368625641 0.36746352910995483 -0.1495307832956314
0.11767330765724182 0.44336092472076416 -0.1667795181274414
0.3619469404220581 0.41731196641921997 -0.02433016151189804
0.3080168664455414 0.2794182598590851 -0.1387896090745926
0.21847152709960938 0.3529495298862457 -0.18358759582042694
0.18968746066093445 0.43082284927368164 -0.18317538499832153
0.47302985191345215 0.4270150363445282 -0.06431316584348679
0.43352389335632324 0.2999698221683502 -0.15793514251708984
0.327472060918808 0.36580994725227356 -0.16853632032871246
0.2729112207889557 0.4385060966014862 -0.14543679356575012
0.5861316919326782 0.4446719288825989 -0.10926584154367447
0.5888301730155945 0.31478065252304077 -0.15801045298576355
0.5584190487861633 0.2322378307580948 -0.17395347356796265
0.5379359722137451 0.16531535983085632 -0.1737501323223114
