0.5596051812171936 0.7690849900245667 -2.3529316877102247e-06
0.37037456035614014 0.7047198414802551 -0.08355440944433212
0.24174489080905914 0.5849563479423523 -0.13236866891384125
0.20712828636169434 0.47376903891563416 -0.19240239262580872
0.21858635544776917 0.3723084628582001 -0.2290053367614746
0.2952699661254883 0.42933523654937744 -0.009669032879173756
0.2876432538032532 0.30477866530418396 -0.14411480724811554
0.2848246395587921 0.40046629309654236 -0.2079666405916214
0.29498884081840515 0.47128114104270935 -0.22028404474258423
0.4411221146583557 0.4256558418273926 -0.02071714960038662
0.4400695860385895 0.2986971139907837 -0.1925007551908493
0.40794408321380615 0.4176781475543976 -0.2501336932182312
0.3993716835975647 0.5012187957763672 -0.23688142001628876
0.5932146906852722 0.43614551424980164 -0.053984228521585464
0.5930787920951843 0.3249526023864746 -0.21127751469612122
0.5325318574905396 0.4354937672615051 -0.21383515000343323
0.4974246025085449 0.5225546956062317 -0.15766988694667816
0.739283561706543 0.4552638530731201 -0.09401450306177139
0.7290433645248413 0.3272627294063568 -0.17335815727710724
0.7007654905319214 0.24688252806663513 -0.18452246487140656
0.6757040023803711 0.1735641211271286 -0.1651601493358612
