0.5775269865989685 0.7235736846923828 -1.9510493984853383e-06
0.3799397349357605 0.6950857639312744 -0.08734097331762314
0.20336465537548065 0.6137120723724365 -0.15138739347457886
0.16491097211837769 0.5207921862602234 -0.22023910284042358
0.30201256275177 0.46861711144447327 -0.26794227957725525
0.2760658264160156 0.42840585112571716 -0.04230254888534546
0.20359602570533752 0.3545781373977661 -0.1493661105632782
0.24039943516254425 0.45475950837135315 -0.2021861970424652
0.2866151034832001 0.5096918940544128 -0.22302106022834778
0.41450023651123047 0.4109368622303009 -0.04517736658453941
0.3496933877468109 0.34410104155540466 -0.1826236993074417
0.3702336549758911 0.4637005031108856 -0.22267907857894897
0.40565499663352966 0.5341506004333496 -0.2184981256723404
0.5566913485527039 0.4041130244731903 -0.06713476032018661
0.5053856372833252 0.3046087920665741 -0.19490380585193634
0.46723517775535583 0.4086020290851593 -0.19399291276931763
0.4520144462585449 0.49089348316192627 -0.1561204046010971
0.6947435140609741 0.40740981698036194 -0.0965140089392662
0.7185494899749756 0.2875312566757202 -0.16677506268024445
0.718264102935791 0.2143629789352417 -0.18542031943798065
0.7077670693397522 0.14121755957603455 -0.18280945718288422
