0.5788584351539612 0.7799099683761597 -2.034789758909028e-06
0.42782288789749146 0.6992291212081909 -0.017327291890978813
0.3312576413154602 0.577471911907196 -0.03252582252025604
0.3112691640853882 0.4779413044452667 -0.06509562581777573
0.3619513511657715 0.4031357169151306 -0.0913936048746109
0.38382288813591003 0.4478166103363037 0.03014090657234192
0.3200068771839142 0.3844321668148041 -0.05155465379357338
0.2900185286998749 0.4578298032283783 -0.10352402180433273
0.2852920591831207 0.5338125228881836 -0.11603579670190811
0.4818100929260254 0.44131192564964294 0.0045895990915596485
0.4230765700340271 0.3701637387275696 -0.0909864529967308
0.39225903153419495 0.4576101005077362 -0.13705380260944366
0.3855821490287781 0.5410076975822449 -0.13993503153324127
0.591077983379364 0.44767406582832336 -0.03155408427119255
0.5431762933731079 0.3858667314052582 -0.12996800243854523
0.5049419403076172 0.486953467130661 -0.14198078215122223
0.498976469039917 0.5756726264953613 -0.1119990423321724
0.6993864178657532 0.4578981101512909 -0.06904300302267075
0.7006117105484009 0.3239476680755615 -0.11586388945579529
0.6824954748153687 0.23401811718940735 -0.11764241009950638
0.6687899827957153 0.1576668918132782 -0.10173945873975754
