0.5004051923751831 0.7364629507064819 -1.4275567536969902e-06
0.32220008969306946 0.7072976231575012 -0.0917166918516159
0.166873037815094 0.6266986131668091 -0.1569720059633255
0.1389114260673523 0.530735194683075 -0.22713297605514526
0.26981425285339355 0.4754061698913574 -0.27768006920814514
0.20337463915348053 0.4455470144748688 -0.035452477633953094
0.1704818159341812 0.3613121509552002 -0.1475995033979416
0.19480864703655243 0.4536043107509613 -0.21105237305164337
0.22944699227809906 0.5174351930618286 -0.23608817160129547
0.34164372086524963 0.42025089263916016 -0.03662148118019104
0.3221777081489563 0.32163161039352417 -0.1731274276971817
0.3268403112888336 0.43500953912734985 -0.2175757735967636
0.34002485871315 0.5170649290084839 -0.21087443828582764
0.48508942127227783 0.4135579764842987 -0.05773671343922615
0.4681016206741333 0.3075549304485321 -0.17663659155368805
0.44228482246398926 0.4087734818458557 -0.1726711094379425
0.43216419219970703 0.4941190481185913 -0.12970519065856934
0.6212255954742432 0.42201629281044006 -0.08792869746685028
0.6541452407836914 0.3044249415397644 -0.14954441785812378
0.6629342436790466 0.23091407120227814 -0.16171309351921082
0.6616042256355286 0.16118472814559937 -0.15208882093429565
