0.49990415573120117 0.7438102960586548 -1.6388751191698248e-06
0.36401015520095825 0.7044387459754944 -0.027325674891471863
0.25874608755111694 0.5798730850219727 -0.03989977762103081
0.2346649020910263 0.48128557205200195 -0.06358590722084045
0.24907314777374268 0.4121626019477844 -0.07649081945419312
0.2765332758426666 0.4364696741104126 0.0031613593455404043
0.22290824353694916 0.3227289021015167 -0.07835724949836731
0.15688681602478027 0.38862815499305725 -0.12244544923305511
0.13311941921710968 0.4553014636039734 -0.13634741306304932
0.3623112440109253 0.42630913853645325 -0.018244223669171333
0.3045358657836914 0.3059186041355133 -0.12329511344432831
0.2222728282213211 0.38047540187835693 -0.1659700721502304
0.1914791613817215 0.4574805498123169 -0.16675418615341187
0.4616585671901703 0.43049341440200806 -0.050941869616508484
0.4117026925086975 0.321119487285614 -0.14120562374591827
0.3136599659919739 0.3925938308238983 -0.1547100692987442
0.26180294156074524 0.46654659509658813 -0.13505564630031586
0.5600584745407104 0.44392821192741394 -0.08710609376430511
0.5485210418701172 0.3166441321372986 -0.14212267100811005
0.5115493535995483 0.2325465828180313 -0.16365252435207367
0.48569411039352417 0.1615041196346283 -0.16618679463863373
