0.4739328920841217 0.7433179020881653 -1.895515765681921e-06
0.33201864361763 0.6823222637176514 -0.037104375660419464
0.21427138149738312 0.5753215551376343 -0.06744495779275894
0.16605119407176971 0.48485296964645386 -0.10792303830385208
0.20733818411827087 0.4066741168498993 -0.1368362456560135
0.29236361384391785 0.42430126667022705 -0.0038289506919682026
0.2474873960018158 0.36266225576400757 -0.08764223754405975
0.2509097456932068 0.4693453311920166 -0.13464686274528503
0.2701647877693176 0.5551219582557678 -0.14820493757724762
0.37732404470443726 0.4163912236690521 -0.018482884392142296
0.32706454396247864 0.3493201434612274 -0.12070340663194656
0.3199852705001831 0.4711906313896179 -0.1570713371038437
0.3320309519767761 0.5656047463417053 -0.1545514613389969
0.47284364700317383 0.4236446022987366 -0.04564415663480759
0.42707377672195435 0.36153504252433777 -0.14187970757484436
0.39760473370552063 0.47261562943458557 -0.14857058227062225
0.3912201225757599 0.5612279176712036 -0.12009430676698685
0.5684680938720703 0.4366430640220642 -0.07587224245071411
0.5726351737976074 0.3064648509025574 -0.1257200837135315
0.5600825548171997 0.22114861011505127 -0.13620758056640625
0.5443993806838989 0.14631596207618713 -0.129579558968544
