0.43758639693260193 0.6648778915405273 -1.4163399555400247e-06
0.29381081461906433 0.6591699123382568 -0.06424406170845032
0.16312646865844727 0.5854674577713013 -0.10523519665002823
0.12732170522212982 0.49773108959198 -0.14606697857379913
0.23075634241104126 0.4477720558643341 -0.17180559039115906
0.2174232453107834 0.41981029510498047 -0.03678912669420242
0.18145138025283813 0.3516087532043457 -0.1032782718539238
0.1977539211511612 0.4402619004249573 -0.13513514399528503
0.2253086268901825 0.5088969469070435 -0.14737018942832947
0.33611395955085754 0.3977738320827484 -0.03521871566772461
0.2965366244316101 0.3433403968811035 -0.12647196650505066
0.3059038817882538 0.45659613609313965 -0.15677298605442047
0.3267200291156769 0.5428367257118225 -0.1544930338859558
0.45398545265197754 0.38990962505340576 -0.04658665508031845
0.4263148307800293 0.3016624450683594 -0.13066892325878143
0.376273512840271 0.36975446343421936 -0.14527472853660583
0.3438456952571869 0.43956342339515686 -0.1306120604276657
0.5681236982345581 0.39372536540031433 -0.06172158941626549
0.602021336555481 0.2817142605781555 -0.11258950084447861
0.6086009740829468 0.21117611229419708 -0.13631588220596313
0.6054428219795227 0.1519036740064621 -0.1427822709083557
