0.581994354724884 0.7609877586364746 -2.2521301161759766e-06
0.415519118309021 0.7113527059555054 -0.035462040454149246
0.2616034746170044 0.5851017832756042 -0.055877190083265305
0.20072853565216064 0.4772619307041168 -0.08995340764522552
0.27042317390441895 0.4004596471786499 -0.1096872016787529
0.37573006749153137 0.4474640190601349 0.01746104098856449
0.3378522992134094 0.3714250922203064 -0.07713343948125839
0.3354027569293976 0.4713533818721771 -0.12267375737428665
0.3506144881248474 0.5549380779266357 -0.12825599312782288
0.48548462986946106 0.44366827607154846 4.645168883143924e-05
0.43635740876197815 0.3626302182674408 -0.12176057696342468
0.4281006455421448 0.48598673939704895 -0.15794432163238525
0.43445441126823425 0.5845971703529358 -0.1426985114812851
0.6051942706108093 0.4512273967266083 -0.03215045854449272
0.5447774529457092 0.3868553638458252 -0.1499866098165512
0.5179177522659302 0.501900851726532 -0.15388092398643494
0.5164512991905212 0.5951876640319824 -0.10958012193441391
0.7257852554321289 0.4611174762248993 -0.06640920042991638
0.7379550337791443 0.33108511567115784 -0.12450561672449112
0.7311768531799316 0.24438565969467163 -0.13445593416690826
0.7192782163619995 0.1716718077659607 -0.12084446102380753
