0.49464452266693115 0.743241548538208 -2.1174291759962216e-06
0.33743730187416077 0.6756619215011597 -0.04538065195083618
0.20982086658477783 0.5684242844581604 -0.08309198915958405
0.15351608395576477 0.47612327337265015 -0.132146954536438
0.19943292438983917 0.39142563939094543 -0.16875126957893372
0.29696124792099 0.4211735427379608 -0.012567512691020966
0.24522665143013 0.351826548576355 -0.1123705804347992
0.24704885482788086 0.45993590354919434 -0.16650791466236115
0.2651689648628235 0.546021580696106 -0.181010901927948
0.3934847414493561 0.41809093952178955 -0.028034497052431107
0.3371114134788513 0.35008013248443604 -0.15171997249126434
0.32915711402893066 0.47483378648757935 -0.19717653095722198
0.34435123205184937 0.570052981376648 -0.19475939869880676
0.49670475721359253 0.4250432550907135 -0.057052429765462875
0.4489830732345581 0.35513225197792053 -0.16924090683460236
0.4157041907310486 0.4709915816783905 -0.176235631108284
0.4072292447090149 0.5641030669212341 -0.14188332855701447
0.5987800359725952 0.4358184337615967 -0.0896858423948288
0.5794368982315063 0.30500906705856323 -0.14404457807540894
0.5456826686859131 0.21969611942768097 -0.15228009223937988
0.5149449706077576 0.14622028172016144 -0.14081576466560364
