0.5022435188293457 0.698682427406311 -9.687370265965e-07
0.38515982031822205 0.6921943426132202 -0.04977762699127197
0.27230262756347656 0.6192587614059448 -0.08625949919223785
0.2415873110294342 0.5369869470596313 -0.12715154886245728
0.28032517433166504 0.46354690194129944 -0.15757358074188232
0.2474706619977951 0.46006113290786743 -0.03059525229036808
0.14404618740081787 0.38594090938568115 -0.11319395154714584
0.14069274067878723 0.4584958553314209 -0.16059455275535583
0.1678715944290161 0.5126331448554993 -0.17704978585243225
0.314659059047699 0.43000754714012146 -0.03964138776063919
0.2100399136543274 0.3516558110713959 -0.1309746950864792
0.1977064609527588 0.4288218319416046 -0.1673595905303955
0.21894803643226624 0.4896060824394226 -0.17009811103343964
0.39666810631752014 0.41492965817451477 -0.06055937334895134
0.31484806537628174 0.32890892028808594 -0.1364094316959381
0.28071433305740356 0.40199121832847595 -0.14357492327690125
0.2849864661693573 0.46592697501182556 -0.1252475529909134
0.48567280173301697 0.4086560010910034 -0.08726294338703156
0.43284153938293457 0.2941890358924866 -0.13072893023490906
0.36626288294792175 0.22311481833457947 -0.14516687393188477
0.315999299287796 0.1666763722896576 -0.14444170892238617
