0.44916778802871704 0.7423588633537292 -1.8166082327297772e-06
0.3043438196182251 0.6797634959220886 -0.03312429040670395
0.1766381710767746 0.5753992795944214 -0.0637788474559784
0.11153757572174072 0.483073353767395 -0.10525418072938919
0.1509442776441574 0.39759501814842224 -0.1362084448337555
0.27183064818382263 0.43186625838279724 -0.0018083470640704036
0.22206106781959534 0.36199864745140076 -0.09105544537305832
0.216727614402771 0.4594879150390625 -0.14233402907848358
0.2325330525636673 0.5454919338226318 -0.1580420732498169
0.36059969663619995 0.42303037643432617 -0.016618048772215843
0.3015088438987732 0.34376993775367737 -0.12372492253780365
0.292638897895813 0.46114546060562134 -0.1626211702823639
0.30599480867385864 0.5596348643302917 -0.1616564691066742
0.46160322427749634 0.42490583658218384 -0.04363742098212242
0.402639776468277 0.3572692573070526 -0.14295409619808197
0.3723059296607971 0.47067275643348694 -0.14842543005943298
0.3692813813686371 0.5648733377456665 -0.11866755038499832
0.5636037588119507 0.4325997233390808 -0.07328536361455917
0.5734552145004272 0.3059108257293701 -0.12661908566951752
0.5617059469223022 0.22269503772258759 -0.13860787451267242
0.5423404574394226 0.14941520988941193 -0.13265861570835114
