0.5606411099433899 0.5929231643676758 -3.224074021090928e-07
0.4120689630508423 0.5667858123779297 -0.04354654252529144
0.3003127872943878 0.4845973253250122 -0.06564133614301682
0.2587791383266449 0.3951486349105835 -0.0841628760099411
0.26539069414138794 0.32713574171066284 -0.09776812046766281
0.37500450015068054 0.4308752417564392 -0.0473155677318573
0.3540966510772705 0.37812691926956177 -0.10169003158807755
0.3668435215950012 0.40234890580177307 -0.13489852845668793
0.3813180923461914 0.42382532358169556 -0.15268521010875702
0.4804740250110626 0.4369049072265625 -0.05095716938376427
0.4632738530635834 0.39608147740364075 -0.0909123569726944
0.4642654359340668 0.4242897629737854 -0.1017850860953331
0.46055078506469727 0.43871942162513733 -0.10944008827209473
0.576766848564148 0.4539499580860138 -0.06148224323987961
0.5610160231590271 0.4176139831542969 -0.10538075119256973
0.5576629042625427 0.4453094005584717 -0.08780641108751297
0.5565716028213501 0.4585065245628357 -0.07319921255111694
0.6650150418281555 0.47695019841194153 -0.07577363401651382
0.6586197018623352 0.44819146394729614 -0.10858386009931564
0.654137909412384 0.47106727957725525 -0.08946067094802856
0.6522446274757385 0.4868643581867218 -0.07069766521453857
