0.4810868799686432 0.7252402305603027 -1.6736120187488268e-06
0.3461914360523224 0.6809732913970947 -0.018490035086870193
0.24932175874710083 0.5625402927398682 -0.030599012970924377
0.23263303935527802 0.4692714810371399 -0.05645320191979408
0.2701304852962494 0.40425676107406616 -0.07322679460048676
0.26872768998146057 0.4307508170604706 0.010902940295636654
0.2021910548210144 0.3152514696121216 -0.06136017292737961
0.14107070863246918 0.38205400109291077 -0.10243017226457596
0.12214511632919312 0.447700172662735 -0.11549072712659836
0.33763235807418823 0.4205336272716522 -0.011845894157886505
0.26813191175460815 0.29937267303466797 -0.10474139451980591
0.1984597146511078 0.379505455493927 -0.14461654424667358
0.1802014261484146 0.45800554752349854 -0.14622335135936737
0.42359158396720886 0.4220428168773651 -0.043596502393484116
0.3626197278499603 0.29923146963119507 -0.11807850003242493
0.28554055094718933 0.3712534010410309 -0.1248479038476944
0.2563834488391876 0.4488012492656708 -0.10424523800611496
0.5171459317207336 0.42980077862739563 -0.07910057157278061
0.4959971606731415 0.30126163363456726 -0.11978139728307724
0.4503489136695862 0.21882501244544983 -0.13345623016357422
0.4168775975704193 0.153232604265213 -0.132351353764534
