0.4868824779987335 0.7482879757881165 -2.168935225199675e-06
0.3280175030231476 0.6708122491836548 -0.028162650763988495
0.19955848157405853 0.557646632194519 -0.059342045336961746
0.14982271194458008 0.4645737111568451 -0.1057407408952713
0.19750922918319702 0.3897639513015747 -0.1417156457901001
0.31662866473197937 0.4213365316390991 0.0014637254644185305
0.2694232761859894 0.3456764221191406 -0.09822698682546616
0.2522560656070709 0.446158230304718 -0.15314966440200806
0.2582967281341553 0.5321512818336487 -0.1669556200504303
0.4154141843318939 0.4237663149833679 -0.023453468456864357
0.3656626343727112 0.33901873230934143 -0.1450442522764206
0.3340086340904236 0.45393478870391846 -0.1890811175107956
0.33138659596443176 0.5491149425506592 -0.1850358247756958
0.5196981430053711 0.43516626954078674 -0.0609462670981884
0.4765642285346985 0.35526779294013977 -0.17045170068740845
0.4250449538230896 0.46047648787498474 -0.1749391406774521
0.4057295620441437 0.5503336191177368 -0.13831734657287598
0.6236587166786194 0.4511982798576355 -0.10080941021442413
0.622972846031189 0.3185931444168091 -0.15364162623882294
0.603177547454834 0.23244236409664154 -0.15862701833248138
0.5840795636177063 0.15873639285564423 -0.14464394748210907
