0.47173407673835754 0.6788224577903748 -1.2247925269548432e-06
0.31805846095085144 0.658534824848175 -0.024887828156352043
0.18258681893348694 0.5816954374313354 -0.04302575811743736
0.10948514938354492 0.4895341992378235 -0.07033979147672653
0.13683389127254486 0.40520191192626953 -0.08669653534889221
0.22323518991470337 0.4398709237575531 0.024511760100722313
0.16654178500175476 0.32995542883872986 -0.03670443594455719
0.16859102249145508 0.40583956241607666 -0.07221545279026031
0.19074080884456635 0.4792996644973755 -0.08281424641609192
0.29520678520202637 0.4121561348438263 0.014337406493723392
0.2310536503791809 0.30978596210479736 -0.06332353502511978
0.23501981794834137 0.4069859981536865 -0.09488330781459808
0.26451125741004944 0.4919531047344208 -0.09313853085041046
0.37737786769866943 0.38831451535224915 -0.006550024729222059
0.3145942687988281 0.2859266996383667 -0.07248947769403458
0.30207890272140503 0.37236616015434265 -0.07624958455562592
0.3184284567832947 0.45633265376091003 -0.05382852628827095
0.46569180488586426 0.37181952595710754 -0.03054158389568329
0.43869107961654663 0.2529948949813843 -0.06160798668861389
0.405364990234375 0.17821547389030457 -0.06959190219640732
0.37759190797805786 0.11628931760787964 -0.06491939723491669
