0.4961128234863281 0.732816219329834 -7.664311283406278e-07
0.34562429785728455 0.7160203456878662 -0.02486053667962551
0.20956674218177795 0.6143748760223389 -0.0339057520031929
0.13908249139785767 0.5173070430755615 -0.05139593780040741
0.12240444123744965 0.43134769797325134 -0.06425059586763382
0.24880674481391907 0.4772808253765106 0.008784560486674309
0.20397770404815674 0.3668985366821289 -0.03732791915535927
0.14703944325447083 0.3255746066570282 -0.05961539223790169
0.09131836891174316 0.3049705922603607 -0.07005298137664795
0.32005205750465393 0.45143893361091614 -0.009131216444075108
0.2503788471221924 0.3564251661300659 -0.10673431307077408
0.24748185276985168 0.4566620886325836 -0.13492751121520996
0.26478466391563416 0.548062264919281 -0.12429206818342209
0.4048347473144531 0.4360367953777313 -0.03458450362086296
0.3341442346572876 0.3503149151802063 -0.13111554086208344
0.32537317276000977 0.4586558938026428 -0.12642839550971985
0.33935579657554626 0.5491206645965576 -0.08988170325756073
0.49756836891174316 0.4274922311306 -0.06205371394753456
0.4944809675216675 0.2966338098049164 -0.1212729960680008
0.48780542612075806 0.20960091054439545 -0.13158026337623596
0.4802708029747009 0.13021883368492126 -0.12447784841060638
