0.5893259343679376 1.0 -7.746384085294267e-07
0.8541399096304482 0.837683308502019 -0.04438481107354164
1.0 0.599641582184458 -0.06818733364343643
0.8526768666243872 0.4087232083424585 -0.09172782301902771
0.5732279936695787 0.36449546401473265 -0.10711447894573212
0.8174615044388048 0.4027783921175591 -0.023761318996548653
0.8008642527130757 0.2028235146253025 -0.06553969532251358
0.8033220883752862 0.35820245198889655 -0.08837325870990753
0.8172898197353162 0.46659100397984293 -0.09689253568649292
0.6011966445107593 0.4058703492530647 -0.020736031234264374
0.5597008558918595 0.21263759263195028 -0.04900617152452469
0.6223302443560516 0.4201575700626051 -0.056865397840738297
0.6684510954952019 0.42786966203160787 -0.05904384329915047
0.4101651811082152 0.43355690506526445 -0.025896279141306877
0.34777895945454046 0.24902324469938647 -0.051918499171733856
0.4528565930649166 0.4330975886833937 -0.04200010001659393
0.5227958779502591 0.5614630319088681 -0.03158979490399361
0.21548791750284066 0.4848064182384475 -0.036550845950841904
0.09668337915492406 0.2651885921238164 -0.04864892363548279
0.044250189927532886 0.13049062433583877 -0.04892108961939812
0.0 0.0 -0.050252921879291534
