0.6116759323442572 1.0 -6.95478433954122e-07
0.8627329441981552 0.8318826594260874 -0.0418173223733902
1.0 0.6035389970457951 -0.0662708729505539
0.8419301302724005 0.4106080591298896 -0.09079889208078384
0.5640364102716322 0.36011183099511185 -0.10725902765989304
0.8432911721722368 0.39836527303323765 -0.02365121617913246
0.8197523060886327 0.19899678857584935 -0.0651988610625267
0.8204498509750787 0.34154752965687946 -0.08660271018743515
0.8430916865570267 0.4550815420206434 -0.0939248725771904
0.6251021436191667 0.4026755319667645 -0.020602092146873474
0.5732804078062169 0.2223180905516179 -0.0441974401473999
0.6280173836217509 0.42968312431446487 -0.04400177672505379
0.6836304374016758 0.4217962464934451 -0.041193101555109024
0.4385459899462742 0.43242957529011006 -0.02639535441994667
0.37679187844734713 0.26221505023476904 -0.04978172108530998
0.47422881567529157 0.45089254356862246 -0.032203368842601776
0.5478863691522778 0.5833225569793533 -0.01701916754245758
0.24140203903108484 0.48566094806193105 -0.0379338413476944
0.11990373182149136 0.26599772714328257 -0.05306097865104675
0.05046353123586795 0.12767428473628742 -0.05225776508450508
0.0 0.0 -0.05151848495006561
