0.45748012349531 1.0 -1.2311010095800157e-06
0.8206000259846885 0.886656036287305 -0.07923521846532822
1.0 0.6453828994154107 -0.10685959458351135
0.7197729547344783 0.5005178802158458 -0.12858305871486664
0.3971127025922805 0.4768623512147891 -0.13321873545646667
0.8034144917450015 0.41004068931038545 -0.038294967263936996
0.7882299729169563 0.2218734635804352 -0.10901261121034622
0.781782724588546 0.40636293463635054 -0.13737986981868744
0.7753918520181712 0.5014137061078978 -0.1440717726945877
0.537879244422283 0.40651652362299373 -0.028606364503502846
0.4969349731550952 0.23912825866909068 -0.10702784359455109
0.5292927142756704 0.4410439116657098 -0.12600965797901154
0.5783486147277456 0.5213263157637013 -0.11845030635595322
0.30590855204049466 0.43967140432032353 -0.033277127891778946
0.2567235381425743 0.3148247461143917 -0.1147550567984581
0.328456020266761 0.5124276655669971 -0.1054709181189537
0.3871517703446017 0.6350155957326934 -0.07248690724372864
0.07490977448724791 0.4854328238404008 -0.04429304227232933
0.04255211436632514 0.2647963589899137 -0.08760706335306168
0.022444760667087216 0.13442125061362614 -0.08745048940181732
0.0 0.0 -0.07524435222148895
