0.4058181395888979 1.0 -1.160397005151026e-06
0.8196754665932109 0.8754031451091474 -0.07252559810876846
1.0 0.6157818321068999 -0.08997086435556412
0.7099373512252893 0.4449893585085748 -0.10140030831098557
0.3708538735703182 0.4093541211244189 -0.0967138335108757
0.8835627799591991 0.4239023676837341 -0.028648346662521362
0.8865868488999671 0.21388998468241016 -0.08231125771999359
0.8085916396116191 0.3929796945718772 -0.10796919465065002
0.7922488387414443 0.48860484851750363 -0.11754310131072998
0.5982521326595892 0.40763002632470213 -0.014829765073955059
0.5701853843462403 0.22588114627913422 -0.06590472161769867
0.5354676853240369 0.42804485205825304 -0.0824255421757698
0.5660610674546338 0.4584262138612642 -0.08424101769924164
0.3338753693128532 0.42715177499307244 -0.013740470632910728
0.2854020930798359 0.2574666515286801 -0.06606647372245789
0.31792060524016114 0.46276998214230736 -0.05769539624452591
0.36971416741983204 0.6021353220542505 -0.03849535435438156
0.0619134683551784 0.46407871239878073 -0.01970166526734829
0.03745630378400395 0.25448597555343455 -0.04485181346535683
0.012925458972729148 0.12693288355552818 -0.04750492051243782
0.0 0.0 -0.04644712433218956
