0.3837546408176422 0.965765118598938 -1.0396429388492834e-06
0.5105277299880981 0.8699125051498413 -0.050532251596450806
0.5705745816230774 0.7266771793365479 -0.06271301954984665
0.4883781373500824 0.6172758936882019 -0.07682207226753235
0.3813840448856354 0.5875864028930664 -0.0786624550819397
0.5344674587249756 0.6269518136978149 0.014858530834317207
0.5424354076385498 0.5018889307975769 -0.04070056602358818
0.5185289978981018 0.5942560434341431 -0.0727379247546196
0.5091729164123535 0.6632290482521057 -0.08099083602428436
0.4420059621334076 0.6246426105499268 0.015144218690693378
0.4351734220981598 0.5049489736557007 -0.05755075439810753
0.4279516339302063 0.6162608861923218 -0.09428580850362778
0.4354798197746277 0.6846709847450256 -0.09750678390264511
0.35495275259017944 0.6336542963981628 0.0030781824607402086
0.3354295492172241 0.529093861579895 -0.06604263186454773
0.35392457246780396 0.631083607673645 -0.07875848561525345
0.3732914328575134 0.7162142395973206 -0.06250298023223877
0.2677813470363617 0.6481901407241821 -0.01309194602072239
0.26071304082870483 0.5271615386009216 -0.03915970399975777
0.25214439630508423 0.4457091689109802 -0.04484091326594353
0.2446758896112442 0.3697424829006195 -0.041480597108602524
