0.8794013587031703 1.0 1.5267798971763114e-06
1.0 0.809815699983758 -0.18391570448875427
0.9283239562071226 0.5939163902265633 -0.3114764988422394
0.7058511615429126 0.4428159729515299 -0.4099726676940918
0.5046005808402949 0.4118592166590275 -0.4992033839225769
0.3850191771180026 0.7097101694526103 -0.2898631989955902
0.15967915713252293 0.383499310777635 -0.44251376390457153
0.049837429491261895 0.17267630869338577 -0.5283614993095398
0.0 0.0 -0.5716418027877808
0.1850428969268752 0.8149789576712873 -0.24544429779052734
0.08031528595481803 0.47188916658092134 -0.39436641335487366
0.241446806066764 0.4779811099498879 -0.4161268472671509
0.34500573458176365 0.5391529325327412 -0.40786752104759216
0.07919236476529255 0.9008783439615022 -0.21525272727012634
0.007475443966245754 0.6236907963941042 -0.3434489369392395
0.19791689203107518 0.6128746397633259 -0.32373863458633423
0.3377001907943277 0.6494445828652772 -0.28536370396614075
0.04559500596404371 0.9878013168781671 -0.19901171326637268
0.005471880618949335 0.7618695486167507 -0.27601850032806396
0.14099105531121137 0.7212997347705667 -0.2586262822151184
0.2716352126790967 0.7380708406642046 -0.2286788821220398
