0.33286434113164837 1.0 -6.447568239309476e-07
0.7487923861380076 0.8484205226774293 -0.02602977678179741
1.0 0.626473800112852 -0.03476647660136223
0.7962030635349531 0.4193780871017865 -0.044896770268678665
0.45976286215218853 0.3483900338556216 -0.047938037663698196
0.8447405891283432 0.44988966694740706 -0.0005845876294188201
0.8460807009122473 0.2554796491023257 -0.034428004175424576
0.7760172778697854 0.40427743403296057 -0.05015154927968979
0.7807861472982741 0.5031559839394268 -0.05340999737381935
0.5494306988359187 0.44117976626278965 -0.0019190835300832987
0.4862427390083032 0.2668904598304995 -0.04285425320267677
0.48497723428799877 0.43355278336015657 -0.05427918955683708
0.5231852007739427 0.5226451163682758 -0.05142461508512497
0.2813759654048454 0.4545378659006068 -0.010176798328757286
0.19134776252712424 0.29198649527605675 -0.052811399102211
0.26019424582464384 0.47125312358413735 -0.050975553691387177
0.32251718601863627 0.5966627682668868 -0.03600100800395012
0.01844096575324629 0.4727805180076884 -0.020640630275011063
0.0 0.27679889260429785 -0.03973773121833801
0.009610586320020665 0.14454689615107724 -0.040390145033597946
0.015169868318532747 0.0 -0.036081451922655106
