0.4114761952180574 1.0 -1.1710021681210492e-06
0.8023829595653287 0.8604767570960091 -0.05264699459075928
1.0 0.6110853147095539 -0.05854707956314087
0.7689170485761634 0.3859244014734489 -0.06601663678884506
0.4551905741633157 0.33956380529778357 -0.06437166035175323
0.7925604603089291 0.44526447683615666 0.030066760256886482
0.7103789102272384 0.28903052081587854 -0.019220642745494843
0.6681138628200766 0.42296353366800393 -0.05271938070654869
0.6817824872290481 0.528551066700407 -0.06389356404542923
0.5472686591806026 0.43078537693573216 0.036141153424978256
0.43365251658058634 0.2646343245675008 -0.03537420555949211
0.46265909561971513 0.43999068408584235 -0.07348505407571793
0.5199374110639309 0.5743198764395098 -0.07637548446655273
0.3256911429324876 0.43981863955912204 0.02965879812836647
0.20494811339573846 0.26961261356082805 -0.04479553550481796
0.28731487431125735 0.4342533350300864 -0.058761630207300186
0.378783077243946 0.586465713726281 -0.04026232659816742
0.08496798382600172 0.4699297421561765 0.019203659147024155
0.05309225867368932 0.26475481415539914 -0.015438147820532322
0.022181348977107485 0.12424233956409739 -0.025682825595140457
0.0 0.0 -0.02264992706477642
