0.37502787315081715 1.0 -8.07017215720407e-07
0.7866540413920248 0.8674149317352112 -0.08327874541282654
0.947370515928064 0.6175849963928033 -0.10797765851020813
0.6140474347881346 0.4180870610612734 -0.12657102942466736
0.18960278328958813 0.3608307779928757 -0.12746112048625946
1.0 0.43219786279909916 -0.004732389003038406
0.9366611199285 0.2577250729500653 -0.06913352757692337
0.8805921003532936 0.407738029332317 -0.1031946912407875
0.8934454109146962 0.48044508960882604 -0.11104877293109894
0.6804280501820744 0.42356778557750696 0.013216586783528328
0.6019092147166618 0.27028800464331876 -0.061325930058956146
0.5755354471848457 0.44235847337686834 -0.09006054699420929
0.5796220016291942 0.5113703423554042 -0.0868740826845169
0.38636710059075247 0.43589786175015666 0.013650133274495602
0.2796110106747948 0.29395914019349495 -0.06361700594425201
0.314927706205909 0.44684420795323737 -0.07697571814060211
0.3368548863838358 0.5540442366243321 -0.05803820490837097
0.08889624131974677 0.4526152855784782 0.007885203696787357
0.028327488829255298 0.24515349719369034 -0.0230445247143507
0.013423098824962945 0.11941486685617561 -0.03194594755768776
0.0 0.0 -0.028240475803613663
