0.7393929958343506 0.9688732028007507 -1.462514660488523e-07
0.7985681295394897 0.9421075582504272 -0.029177149757742882
0.8424232006072998 0.8720948100090027 -0.03932717815041542
0.8133149147033691 0.8011227250099182 -0.04701007530093193
0.7583074569702148 0.7765636444091797 -0.051207367330789566
0.8209933042526245 0.8098728060722351 -0.01006993092596531
0.8301689028739929 0.747422993183136 -0.03148609399795532
0.8279121518135071 0.7578293681144714 -0.04546463489532471
0.8240524530410767 0.7880724668502808 -0.05004539713263512
0.7713623046875 0.7971518635749817 -0.008243470452725887
0.7727640867233276 0.7327253818511963 -0.0333058200776577
0.777169942855835 0.7630112767219543 -0.04836307093501091
0.7801700234413147 0.7974807620048523 -0.05176088213920593
0.7243579626083374 0.7977045178413391 -0.011188828386366367
0.7255731821060181 0.7384141683578491 -0.038103412836790085
0.7372753620147705 0.7816618084907532 -0.04597792029380798
0.7433978915214539 0.8281301259994507 -0.04311762750148773
0.6763379573822021 0.8084313273429871 -0.01633192040026188
0.660748302936554 0.7437433004379272 -0.030765259638428688
0.6555450558662415 0.6955585479736328 -0.0374421589076519
0.652190089225769 0.6542607545852661 -0.040165118873119354
