0.6616678833961487 0.9921473264694214 -1.5812430831374513e-07
0.7210535407066345 0.9587923884391785 -0.026409966871142387
0.7580822706222534 0.8909229636192322 -0.03597751259803772
0.7164638638496399 0.8301709890365601 -0.04459401220083237
0.6633678078651428 0.8106442093849182 -0.049551110714673996
0.7351396083831787 0.8289951682090759 -0.006198433227837086
0.7400249242782593 0.7667918801307678 -0.029576247557997704
0.7384711503982544 0.7829471230506897 -0.04563469812273979
0.7352008819580078 0.8175482749938965 -0.050714604556560516
0.6836686134338379 0.8189862966537476 -0.005809863097965717
0.6820595860481262 0.7551023960113525 -0.03237386792898178
0.6857525110244751 0.7850835919380188 -0.0487421415746212
0.6875284910202026 0.8220214247703552 -0.05260087177157402
0.6374630331993103 0.8211686015129089 -0.010267053730785847
0.6354964375495911 0.7593646049499512 -0.0354359969496727
0.6430778503417969 0.7975747585296631 -0.040812309831380844
0.6478441953659058 0.842576265335083 -0.036028455942869186
0.5922829508781433 0.8331553936004639 -0.017237059772014618
0.5828675031661987 0.7668566703796387 -0.0274337250739336
0.5817285776138306 0.7204163074493408 -0.029739290475845337
0.5833941102027893 0.6832349300384521 -0.029284829273819923
