0.5075581073760986 0.7998822927474976 -7.233792871375044e-07
0.4334293305873871 0.6813774704933167 -0.0287367794662714
0.4353914260864258 0.5295712947845459 -0.07235976308584213
0.4536164402961731 0.39746156334877014 -0.11650718003511429
0.45889535546302795 0.2704591155052185 -0.16682803630828857
0.5118973255157471 0.6027967929840088 -0.07639660686254501
0.6007066965103149 0.5447868704795837 -0.12564367055892944
0.6236433982849121 0.49122634530067444 -0.1833169013261795
0.6289517283439636 0.4413239359855652 -0.21717888116836548
0.587115466594696 0.6667805314064026 -0.07480272650718689
0.6741981506347656 0.6124327778816223 -0.1013968288898468
0.6884416341781616 0.5409606695175171 -0.1345902532339096
0.6792439222335815 0.48227569460868835 -0.1668018400669098
0.6492332220077515 0.7479289770126343 -0.06929911673069
0.7149577736854553 0.6787867546081543 -0.09081761538982391
0.7139192223548889 0.6094273328781128 -0.10300030559301376
0.7005654573440552 0.5366722345352173 -0.1132596880197525
0.6887694597244263 0.8233758807182312 -0.06633688509464264
0.7458305358886719 0.7648371458053589 -0.06151622161269188
0.74806147813797 0.7108204960823059 -0.04292592778801918
0.7370338439941406 0.6585178375244141 -0.03490893170237541
