0.775584467604149 1.0 -1.5390013174965134e-07
0.2520114278537326 0.9379858655629771 -0.012297490611672401
0.033096695713148556 0.735984096017701 0.0018067093333229423
0.10692845759132015 0.5275599596759275 0.012608563527464867
0.2085580881548885 0.40409021209420704 0.02490360476076603
0.057645535288456805 0.5267447309893786 0.04747280105948448
0.0 0.2853095996232522 0.037718452513217926
0.019108655534781704 0.13224073580926549 0.02494719997048378
0.047056367503016866 0.0 0.015059452503919601
0.3907692173404078 0.4578379801787177 0.04288346320390701
0.3495016983451046 0.2827969960667129 0.00407758541405201
0.43159181331951607 0.3988514627982111 -0.019420016556978226
0.47050160402627444 0.523080940937658 -0.018337033689022064
0.6872787659702511 0.4405615040312653 0.03315737098455429
0.648245560650281 0.2939158063695408 -0.01065201498568058
0.7232200594087398 0.40605194533502825 -0.017196357250213623
0.7502345241348308 0.5031985649965308 -0.00203870446421206
1.0 0.4520584096109056 0.022486863657832146
0.9817023894184456 0.2980712002166939 -0.007787552662193775
0.9883539278943455 0.33924042017793204 -0.008012920618057251
0.968183033812452 0.3933115847661976 0.004832711536437273
