0.6511947512626648 0.7709200978279114 -6.369277230078296e-07
0.7916101217269897 0.686323344707489 -0.03097165934741497
0.8542039394378662 0.5852785110473633 -0.02881680056452751
0.8041340112686157 0.4720301032066345 -0.030523991212248802
0.7479130029678345 0.4080987870693207 -0.023265719413757324
0.7877786755561829 0.4684511125087738 0.0890975371003151
0.7910230755805969 0.36832305788993835 0.06771045923233032
0.7967572212219238 0.44011810421943665 0.04245695099234581
0.7982907295227051 0.4967057406902313 0.0406886450946331
0.7052455544471741 0.4675807058811188 0.0980878695845604
0.7041524648666382 0.3684593439102173 0.0674392506480217
0.7175191640853882 0.462748259305954 0.025090418756008148
0.7217384576797485 0.5259172916412354 0.013692643493413925
0.6300733089447021 0.4688330292701721 0.09510646015405655
0.6260941028594971 0.39496076107025146 0.06365407258272171
0.6493542194366455 0.4818483293056488 0.033826373517513275
0.6608890891075134 0.5476611852645874 0.03313836827874184
0.552037239074707 0.4722786545753479 0.09113317728042603
0.5483086109161377 0.3505215644836426 0.1039244532585144
0.5551592111587524 0.2770644426345825 0.10690957307815552
0.5624924898147583 0.21069037914276123 0.11357756704092026
