0.4145926237106323 0.8201270699501038 -6.805799444009608e-07
0.5121644735336304 0.7648965716362 -0.03668965771794319
0.5636211037635803 0.6628525257110596 -0.04375404492020607
0.5233854651451111 0.5741209387779236 -0.051381174474954605
0.44953787326812744 0.5551625490188599 -0.051652103662490845
0.5120853185653687 0.5949901342391968 0.0057817492634058
0.5102275609970093 0.5171297788619995 -0.031012993305921555
0.49940580129623413 0.575249195098877 -0.05003464221954346
0.5001295208930969 0.6177797317504883 -0.05404684692621231
0.4540509581565857 0.5889441967010498 0.009641414508223534
0.4443223476409912 0.507564902305603 -0.04297685995697975
0.43956273794174194 0.5798625349998474 -0.06396996229887009
0.44557979702949524 0.6359906792640686 -0.060745466500520706
0.398440420627594 0.5896772742271423 0.005309305619448423
0.3863586187362671 0.5156748294830322 -0.0478447861969471
0.39121291041374207 0.5887964963912964 -0.05391761288046837
0.4026314616203308 0.6536661386489868 -0.037266574800014496
0.34099888801574707 0.5946255922317505 -0.0016668529715389013
0.3439466059207916 0.5064888596534729 -0.025136752054095268
0.34430181980133057 0.4451121687889099 -0.03090544603765011
0.34739765524864197 0.38990986347198486 -0.027671683579683304
