0.32739508152008057 0.7989381551742554 -6.513641892524902e-07
0.42421725392341614 0.7350631952285767 -0.03346645459532738
0.4770389795303345 0.6313512325286865 -0.04129280522465706
0.429911345243454 0.5447996258735657 -0.05120394751429558
0.35405611991882324 0.5209519863128662 -0.053657181560993195
0.41324079036712646 0.5588735938072205 0.01080374326556921
0.426771342754364 0.4800434708595276 -0.027971219271421432
0.4236660897731781 0.5426101684570312 -0.048047155141830444
0.4214819073677063 0.5895529985427856 -0.05102738365530968
0.35470157861709595 0.5526813864707947 0.011127538047730923
0.3578226864337921 0.47269344329833984 -0.04011392965912819
0.3639351427555084 0.5507217049598694 -0.062003545463085175
0.36790600419044495 0.6064960360527039 -0.059712111949920654
0.2972239851951599 0.554387092590332 0.0029440501239150763
0.29629945755004883 0.4807114601135254 -0.049184758216142654
0.3122251033782959 0.5611874461174011 -0.055618226528167725
0.3216438889503479 0.6281788349151611 -0.039136357605457306
0.2347348928451538 0.5617645382881165 -0.007632962893694639
0.2364618182182312 0.4677368402481079 -0.02946188859641552
0.24128109216690063 0.40424227714538574 -0.033554427325725555
0.24581387639045715 0.3465214967727661 -0.028833959251642227
