0.26297945239063314 1.0 -8.455479587610171e-07
0.7282314828993711 0.8834545895524858 -0.04847301170229912
1.0 0.6710101566714639 -0.06037755310535431
0.8364902052045294 0.46005581583801136 -0.07479442656040192
0.48968263188028843 0.3985489530213379 -0.0785316601395607
0.7893751230525635 0.48772536270734823 0.01452291663736105
0.8522286752264733 0.3193609793469918 -0.040785837918519974
0.7858210255624963 0.4635241790315943 -0.0719943419098854
0.7562818097948709 0.5767085377269854 -0.07728978246450424
0.5174887395117727 0.4621984336696083 0.015068748034536839
0.5389741885697087 0.2961145341773747 -0.05620545521378517
0.521511662554228 0.4733524348933661 -0.08750306069850922
0.512862151709384 0.6003544147848315 -0.08528392761945724
0.263469871074859 0.4551428684255713 0.0031154416501522064
0.274652944624272 0.30432057251533623 -0.067853182554245
0.318407796006949 0.4837387750635061 -0.07757537066936493
0.33137385876997977 0.6362936553985178 -0.05571815371513367
0.0 0.45750251647182016 -0.01267546322196722
0.04413466419945491 0.2515572774355843 -0.037097930908203125
0.09900611245929365 0.11913778265951733 -0.03918793052434921
0.14539513733986195 0.0 -0.0312338937073946
