0.7947584390640259 0.8493185043334961 -5.8741989050759e-07
0.880408763885498 0.8042885065078735 -0.03957861289381981
0.9369952082633972 0.7078434824943542 -0.04826885089278221
0.8968736529350281 0.6222366690635681 -0.05575753375887871
0.8259908556938171 0.6017794013023376 -0.05575375631451607
0.9052930474281311 0.6386904120445251 0.001933378865942359
0.8955511450767517 0.5760056376457214 -0.031073596328496933
0.8811943531036377 0.6244468092918396 -0.050522077828645706
0.8773198127746582 0.6580507159233093 -0.056546200066804886
0.8495296239852905 0.6308009624481201 0.00699955690652132
0.8343071937561035 0.5678211450576782 -0.037406016141176224
0.8286927938461304 0.625333309173584 -0.05793420597910881
0.8301625847816467 0.6645796895027161 -0.058266766369342804
0.7989183664321899 0.6322041749954224 0.004181964788585901
0.7832540273666382 0.5697342157363892 -0.042414579540491104
0.7838340401649475 0.6375226378440857 -0.04617863893508911
0.7877373099327087 0.6955299973487854 -0.031212974339723587
0.7453916668891907 0.6381203532218933 -0.0018886280013248324
0.7471411824226379 0.5575631856918335 -0.023468943312764168
0.7510110139846802 0.5029290914535522 -0.02682962454855442
0.7561300992965698 0.4517110586166382 -0.022364582866430283
