0.72049480676651 0.7781122326850891 -7.259561698447214e-07
0.8147062659263611 0.7174896001815796 -0.028518563136458397
0.8676497340202332 0.617709755897522 -0.033804621547460556
0.8281809687614441 0.5331101417541504 -0.04161357134580612
0.7569631338119507 0.5129175782203674 -0.04419732466340065
0.8020544648170471 0.5463112592697144 0.009085413068532944
0.8056377172470093 0.46972161531448364 -0.027414897456765175
0.7964358329772949 0.5219719409942627 -0.048088207840919495
0.7910562753677368 0.5683101415634155 -0.05271686241030693
0.7449359893798828 0.5441804528236389 0.008651058189570904
0.7395160794258118 0.4676993489265442 -0.04145802557468414
0.7433925271034241 0.5395634174346924 -0.0630183070898056
0.7481454014778137 0.5978438258171082 -0.061093397438526154
0.692585825920105 0.5489505529403687 0.000998367671854794
0.6870392560958862 0.4798457622528076 -0.04933082312345505
0.7047086358070374 0.5532805919647217 -0.05437163636088371
0.7189443111419678 0.6176090240478516 -0.03808176517486572
0.6380792260169983 0.5586903095245361 -0.008704397827386856
0.6359659433364868 0.4715001583099365 -0.030661795288324356
0.6372048854827881 0.4125995337963104 -0.033732034265995026
0.6392536759376526 0.3581458330154419 -0.02865038439631462
