0.7449689507484436 0.7586971521377563 -6.571876838279422e-07
0.8459420204162598 0.7055623531341553 -0.025719014927744865
0.9126158952713013 0.6164124608039856 -0.030094318091869354
0.8822342753410339 0.5280373096466064 -0.037734851241111755
0.8157708048820496 0.49694904685020447 -0.04146268963813782
0.8543167114257812 0.5345504879951477 0.015017018653452396
0.8647363185882568 0.46233466267585754 -0.017003163695335388
0.8532963991165161 0.5079454779624939 -0.0377943329513073
0.8459330201148987 0.554681122303009 -0.04358121380209923
0.7968390583992004 0.527881383895874 0.013708030804991722
0.7979676723480225 0.45368286967277527 -0.03025037981569767
0.7987701296806335 0.5175706744194031 -0.05292724445462227
0.7987298965454102 0.5730090737342834 -0.05451366305351257
0.7443143725395203 0.5295933485031128 0.0055926162749528885
0.7446598410606384 0.459145188331604 -0.04074830934405327
0.7561441659927368 0.5287578701972961 -0.04759103059768677
0.7628311514854431 0.5912957787513733 -0.03473450988531113
0.688698947429657 0.5365989804267883 -0.00435222964733839
0.6947600245475769 0.4497571587562561 -0.024879179894924164
0.7041342258453369 0.39234042167663574 -0.02792147547006607
0.7122436165809631 0.33860963582992554 -0.02388487569987774
