0.2326143362826621 1.0 -9.287116995437827e-07
0.7186349003221567 0.895541682511571 -0.03674380108714104
1.0 0.6750044734584246 -0.042126815766096115
0.8245400906809907 0.4587038117104481 -0.05076530948281288
0.4915866623964338 0.3829502802422658 -0.050272420048713684
0.8144847847914153 0.4981585005021339 0.015997136011719704
0.9139568556244726 0.3222251940320421 -0.03075535036623478
0.8240013038323064 0.45504467115964725 -0.0539347268640995
0.7736569423265895 0.5615280416346058 -0.056857701390981674
0.5479865146227024 0.47106853176371394 0.014373593032360077
0.5738400888827582 0.29147559893738156 -0.0469687394797802
0.5316235102270485 0.45976723981812523 -0.07011701166629791
0.5131959529300149 0.5788120815494603 -0.06596517562866211
0.2862606166844555 0.46515865461041506 0.001983754336833954
0.274334466219749 0.30168134563788546 -0.06283357739448547
0.3092729837432962 0.4808678212462691 -0.06912807375192642
0.32704839726277163 0.6286353158423583 -0.04864419624209404
0.0 0.4660057373622438 -0.013025359250605106
0.04341160652034518 0.2632562944866211 -0.04089529439806938
0.08726047942696934 0.12765220756739135 -0.04584760591387749
0.12130944097051741 0.0 -0.04088737815618515
