0.1861956758253714 1.0 -1.1322314321660087e-06
0.6388013719774446 0.9524317176455294 -0.12441126257181168
1.0 0.7449640145184245 -0.1644705832004547
0.8647504059645772 0.5248482753561757 -0.1971595138311386
0.4979319633939538 0.44677195293585914 -0.20837625861167908
0.8430555031053518 0.5209108232245585 -0.014932835474610329
0.942611085035867 0.35868068775864875 -0.1203601062297821
0.8364344890960522 0.5214708538785483 -0.16677753627300262
0.7715922503175485 0.6227728435174876 -0.16960589587688446
0.5562243705825689 0.49101088152849565 0.00905658956617117
0.5926976428578707 0.3472060203561081 -0.13952890038490295
0.5238119429413715 0.5603098719849658 -0.19317831099033356
0.4953711945878583 0.6909852606006779 -0.17790670692920685
0.28263968688127494 0.4817802854326269 0.00845149252563715
0.2999468304791431 0.37053199950610993 -0.14083735644817352
0.3145168976573641 0.5803171284635144 -0.16675831377506256
0.3277797558997488 0.7341244028934183 -0.12359821051359177
0.0 0.47149295895290444 0.00018649078265298158
0.10542176257860787 0.2694832576273138 -0.06719059497117996
0.16701201379410388 0.13404703892998987 -0.085019551217556
0.2223259237679747 0.0 -0.07134579867124557
