0.5798347592353821 0.7983970642089844 -9.606626463209977e-07
0.7343204021453857 0.7228084802627563 -0.05502112954854965
0.8351773023605347 0.5869139432907104 -0.0664452612400055
0.7858513593673706 0.4391922354698181 -0.07933025807142258
0.675690770149231 0.3921225666999817 -0.08161209523677826
0.7480235695838928 0.45947396755218506 0.015457896515727043
0.754216730594635 0.34534767270088196 -0.04648636281490326
0.7378270626068115 0.4418046176433563 -0.08365985751152039
0.7334508895874023 0.5208256244659424 -0.0905027836561203
0.6600589752197266 0.4421953558921814 0.02026963420212269
0.6519353985786438 0.33165881037712097 -0.05694739148020744
0.6567736864089966 0.454444020986557 -0.09310803562402725
0.6639872789382935 0.5392290353775024 -0.09193985909223557
0.5801796317100525 0.4401540160179138 0.011498937383294106
0.5705220103263855 0.3389034867286682 -0.06457578390836716
0.5956116914749146 0.45933112502098083 -0.07612652331590652
0.6112027764320374 0.5651654601097107 -0.053047992289066315
0.4949120879173279 0.44537219405174255 -0.0015250527067109942
0.5032238960266113 0.3033890128135681 -0.030636075884103775
0.5153409242630005 0.21090465784072876 -0.034799087792634964
0.5244407057762146 0.13219431042671204 -0.026164518669247627
