0.19409023612406545 1.0 -6.646155270573217e-07
0.6703600814515046 0.9043821808843935 -0.03146984800696373
1.0 0.6958049621760606 -0.03723651170730591
0.8732285794436937 0.48138455118933937 -0.04514797404408455
0.5766378711350734 0.4002074393531435 -0.049116212874650955
0.80937041971048 0.5018754092738617 0.010046921670436859
0.8382177834372228 0.3271875138724348 -0.028157776221632957
0.7224288590723144 0.4081756135201211 -0.05232841521501541
0.6604991725843158 0.5163738834457119 -0.05845869705080986
0.5204612865618528 0.4714143106200301 0.011159473098814487
0.5194697652216274 0.2895039960569525 -0.04214347526431084
0.456660875065927 0.4388098774072092 -0.06845882534980774
0.4358675361396681 0.5866931220523351 -0.06836003065109253
0.2624013677325631 0.4641393391623266 0.004886007867753506
0.26563844782274576 0.30388564972533466 -0.05033505707979202
0.26358547149713896 0.464858614853534 -0.060683026909828186
0.2850519217580259 0.6184169656961163 -0.04591118171811104
0.0 0.4707659398952753 -0.0030530919320881367
0.05836227588452154 0.26401274636978594 -0.02755928412079811
0.09889465105627619 0.12406442437441859 -0.03184199333190918
0.15204369157461164 0.0 -0.026633523404598236
