0.004295248091220855 0.003623723089694977 1.09151858396217e-06
0.004752840399742126 0.0031519755721092224 -0.09498543292284012
0.004671630859375 0.0024094101786613464 -0.13998030126094818
0.004027310311794281 0.002120739966630936 -0.1710495948791504
0.003455004394054413 0.002078467458486557 -0.2042073905467987
0.004428822994232178 0.002000436782836914 -0.11429843306541443
0.00405666708946228 0.0015508082509040832 -0.18558859825134277
0.0036561083793640137 0.001211884319782257 -0.23807936906814575
0.0033167725801467895 0.0009088717401027679 -0.27438339591026306
0.003861616253852844 0.0021688517928123473 -0.10739628225564957
0.003489299714565277 0.0017805960774421692 -0.19591715931892395
0.003076489269733429 0.0015212786197662353 -0.24582602083683014
0.002750871777534485 0.0013801947236061097 -0.2697034776210785
0.0034177327156066895 0.002455333471298218 -0.1070866733789444
0.003164304196834564 0.0023667529225349427 -0.21668145060539246
0.0035846105217933657 0.002888319194316864 -0.22363561391830444
0.003941946029663086 0.0032625395059585572 -0.20107610523700714
0.003115759491920471 0.0028691664338111877 -0.11224270612001419
0.0030105239152908325 0.0028884175419807436 -0.2071976363658905
0.003372982144355774 0.0032759696245193482 -0.2062932252883911
0.0036884349584579467 0.0035460108518600465 -0.1843947470188141
