0.0035425633192062377 0.004467607140541076 1.0977031479342259e-06
0.0036837059259414674 0.004072922170162201 -0.06725729256868362
0.0033513012528419493 0.00363448828458786 -0.0913471132516861
0.0028749722242355346 0.0036163750290870668 -0.11078386753797531
0.0024580326676368713 0.0037070634961128236 -0.12731510400772095
0.0027011626958847045 0.003245443105697632 -0.051788702607154846
0.0020746646821498873 0.0029097333550453185 -0.10720063000917435
0.0016257640719413756 0.002734774947166443 -0.1402626484632492
0.0012441404163837434 0.002629533112049103 -0.1570253223180771
0.0024818362295627593 0.003584621548652649 -0.05536216124892235
0.001755012571811676 0.003245944380760193 -0.12422970682382584
0.0012813419103622436 0.00304027795791626 -0.16512660682201385
0.000879739373922348 0.002870871424674988 -0.17743416130542755
0.002443017661571503 0.003984473645687103 -0.06582758575677872
0.002189272791147232 0.0038983115553855897 -0.1668848842382431
0.002671536207199097 0.004024176597595215 -0.18001249432563782
0.0029881781339645384 0.004076001346111298 -0.15470603108406067
0.00251613050699234 0.004429885149002075 -0.07918471843004227
0.002339092344045639 0.004307762980461121 -0.1610468327999115
0.00274958997964859 0.004390568733215332 -0.15491582453250885
0.003011082410812378 0.004444959759712219 -0.1260867565870285
