0.40807873010635376 0.957343578338623 4.160258129104477e-07
0.2680526375770569 0.9184491634368896 -0.08628388494253159
0.16292986273765564 0.8260083198547363 -0.16312319040298462
0.12218436598777771 0.7488662004470825 -0.2372286468744278
0.20159944891929626 0.6970598697662354 -0.3037184476852417
0.3336133062839508 0.5982548594474792 -0.08876870572566986
0.2914028763771057 0.4993911385536194 -0.21651971340179443
0.2507532238960266 0.562491238117218 -0.3190261721611023
0.24583464860916138 0.6426817178726196 -0.37209200859069824
0.4675678014755249 0.5800085067749023 -0.10333564877510071
0.4896280765533447 0.4079754948616028 -0.1892780065536499
0.5107432007789612 0.3033488988876343 -0.25790995359420776
0.5471744537353516 0.20681744813919067 -0.30222034454345703
0.5801070928573608 0.6219152808189392 -0.13470377027988434
0.7076697945594788 0.4723140597343445 -0.22386881709098816
0.7884442806243896 0.3825932741165161 -0.2810148596763611
0.8605232834815979 0.29775890707969666 -0.31088578701019287
0.6687362194061279 0.7068480253219604 -0.17046396434307098
0.8142696022987366 0.6075618863105774 -0.22955839335918427
0.9077796936035156 0.5452703237533569 -0.24215014278888702
0.992946207523346 0.4824943542480469 -0.2446611225605011
