0.589227020740509 0.9377940893173218 5.557675422096509e-07
0.3806619644165039 0.8644437789916992 -0.08450327068567276
0.2536296844482422 0.7295041680335999 -0.14160406589508057
0.22996151447296143 0.6130421757698059 -0.20649853348731995
0.2868679463863373 0.5138974189758301 -0.25840744376182556
0.43122977018356323 0.5756536722183228 -0.0073739318177104
0.4277196526527405 0.4253915250301361 -0.15844884514808655
0.3603098392486572 0.44243961572647095 -0.283608078956604
0.3261231780052185 0.4873654544353485 -0.3441552519798279
0.5585392713546753 0.5588361024856567 -0.0321647971868515
0.5760971307754517 0.37675559520721436 -0.11078760772943497
0.5594353675842285 0.2650218605995178 -0.1870151162147522
0.5608858466148376 0.1758347749710083 -0.23787404596805573
0.6962386965751648 0.5779839158058167 -0.08542553335428238
0.7053654789924622 0.4083443284034729 -0.15449762344360352
0.7038627862930298 0.3037515878677368 -0.20528273284435272
0.7064836025238037 0.220733642578125 -0.23552709817886353
0.8353443145751953 0.6221596598625183 -0.15108641982078552
0.8455758094787598 0.485168993473053 -0.19374871253967285
0.8418905735015869 0.397485613822937 -0.1997692584991455
0.8386042714118958 0.32271552085876465 -0.20039713382720947
