0.43609026074409485 0.9054232835769653 5.102693023673055e-08
0.2722376585006714 0.8581247329711914 -0.0687999278306961
0.1573249101638794 0.7535446286201477 -0.12077856063842773
0.1770634949207306 0.663705050945282 -0.1747289001941681
0.2736337184906006 0.6070538759231567 -0.2183348834514618
0.26944437623023987 0.5410357713699341 -0.02312401495873928
0.26238852739334106 0.4560490846633911 -0.1156751960515976
0.27752774953842163 0.5042535066604614 -0.1939997673034668
0.298719584941864 0.5609139204025269 -0.2369030863046646
0.40169987082481384 0.5202128887176514 -0.052485182881355286
0.38096532225608826 0.35911643505096436 -0.10601607710123062
0.3752199709415436 0.26361793279647827 -0.15954162180423737
0.37348201870918274 0.17265820503234863 -0.19913165271282196
0.5288267731666565 0.5453376770019531 -0.10201369971036911
0.596843957901001 0.380617618560791 -0.17851406335830688
0.6406420469284058 0.2858852744102478 -0.23797085881233215
0.6751728653907776 0.19817101955413818 -0.2761341631412506
0.6576805710792542 0.6068739295005798 -0.1569526344537735
0.7695460319519043 0.4932301640510559 -0.22267432510852814
0.8490951061248779 0.4247724115848541 -0.2477656453847885
0.9143616557121277 0.35372763872146606 -0.26303136348724365
