0.7178757190704346 0.870306670665741 7.102294716787583e-07
0.5042955875396729 0.8295131921768188 -0.08599912375211716
0.3219834864139557 0.725853681564331 -0.1483112871646881
0.30769312381744385 0.6143126487731934 -0.21324507892131805
0.39826878905296326 0.5217204689979553 -0.2628774046897888
0.30977118015289307 0.5504385232925415 -0.025729302316904068
0.24116328358650208 0.43976518511772156 -0.17991508543491364
0.32488518953323364 0.46631717681884766 -0.3063378632068634
0.4159477949142456 0.5121472477912903 -0.36663323640823364
0.4634745121002197 0.5077107548713684 -0.055564697831869125
0.376603901386261 0.3319658637046814 -0.13328495621681213
0.3481558561325073 0.2202971875667572 -0.21519382297992706
0.3313605785369873 0.1208101212978363 -0.27080461382865906
0.6462539434432983 0.509996771812439 -0.11186102032661438
0.6656607389450073 0.34684741497039795 -0.20014981925487518
0.7013363838195801 0.2526899576187134 -0.26604971289634705
0.724098801612854 0.17053094506263733 -0.3033195734024048
0.8496561646461487 0.5488168001174927 -0.1768765151500702
0.9101061820983887 0.4276029169559479 -0.2383604645729065
0.9572678208351135 0.35624998807907104 -0.2471664696931839
0.9897342324256897 0.2897292375564575 -0.2470942884683609
