0.6221094131469727 0.9296053647994995 -5.593924470304046e-07
0.3702476918697357 0.8518309593200684 -0.05626500025391579
0.23930040001869202 0.7144737243652344 -0.08781278878450394
0.1848737597465515 0.5942876935005188 -0.13710401952266693
0.23038250207901 0.5066471099853516 -0.1723266839981079
0.40466099977493286 0.5571433901786804 0.07199160009622574
0.3462233543395996 0.4193761944770813 -0.07640278339385986
0.2767883241176605 0.44325608015060425 -0.2011522352695465
0.2582992911338806 0.495898962020874 -0.2589854896068573
0.5246712565422058 0.5336668491363525 0.04138210788369179
0.4918915331363678 0.35855287313461304 -0.031683847308158875
0.45083945989608765 0.2534712255001068 -0.09058184176683426
0.4284195005893707 0.16344508528709412 -0.12707214057445526
0.6599977612495422 0.5450562238693237 -0.023299355059862137
0.6433274149894714 0.37822389602661133 -0.08910205215215683
0.6189667582511902 0.27849167585372925 -0.12124818563461304
0.6018860340118408 0.19403350353240967 -0.13511091470718384
0.7991398572921753 0.5821784734725952 -0.1014709547162056
0.8001806735992432 0.44557487964630127 -0.13666832447052002
0.7814537882804871 0.3597770929336548 -0.13797178864479065
0.7672184705734253 0.28437960147857666 -0.13376104831695557
