0.5705562829971313 0.7973520755767822 4.100461410416756e-07
0.42407137155532837 0.7683194875717163 -0.05033927410840988
0.29156312346458435 0.7027599811553955 -0.09598755091428757
0.20226424932479858 0.6607784032821655 -0.144373819231987
0.18281733989715576 0.6285969018936157 -0.19118355214595795
0.38268882036209106 0.49807775020599365 -0.06644231081008911
0.3102431893348694 0.3951584994792938 -0.1655256450176239
0.2685396075248718 0.44043466448783875 -0.2410447746515274
0.2539001703262329 0.5018706917762756 -0.2796371877193451
0.5027952790260315 0.47299569845199585 -0.09643389284610748
0.4535544216632843 0.3198075294494629 -0.1578664779663086
0.4013947546482086 0.2353673279285431 -0.21340318024158478
0.35270535945892334 0.163117915391922 -0.2509513795375824
0.6311310529708862 0.49256375432014465 -0.13879989087581635
0.6489226222038269 0.33969593048095703 -0.2137712687253952
0.6429358124732971 0.24133343994617462 -0.27646106481552124
0.6309993863105774 0.15202224254608154 -0.316408634185791
0.7539505958557129 0.5508493781089783 -0.18239103257656097
0.8637354373931885 0.4544883370399475 -0.24856634438037872
0.9250144958496094 0.3835148215293884 -0.27632689476013184
0.9713273048400879 0.31565019488334656 -0.2916158139705658
