0.5232356786727905 0.8726590871810913 3.296562454124796e-07
0.36887872219085693 0.8513425588607788 -0.08010505139827728
0.2253064215183258 0.759635329246521 -0.14456188678741455
0.18684439361095428 0.6645475625991821 -0.20610642433166504
0.28735190629959106 0.596778154373169 -0.2587466537952423
0.34378334879875183 0.5474154353141785 -0.06267823278903961
0.30518001317977905 0.45145878195762634 -0.17736698687076569
0.30070555210113525 0.4928286075592041 -0.2688647210597992
0.31942126154899597 0.5450719594955444 -0.3176274001598358
0.4665955901145935 0.5178877115249634 -0.08598858118057251
0.42043426632881165 0.35564732551574707 -0.1580507457256317
0.3930973708629608 0.2568248510360718 -0.22257643938064575
0.3780185282230377 0.15970566868782043 -0.26598095893859863
0.596462607383728 0.5383638739585876 -0.1269650012254715
0.646480917930603 0.3745427131652832 -0.21501478552818298
0.6861958503723145 0.27660152316093445 -0.277127742767334
0.7195540070533752 0.1849766969680786 -0.3128120005130768
0.7286725044250488 0.5964756608009338 -0.17243343591690063
0.8297897577285767 0.48024991154670715 -0.24431461095809937
0.9045172929763794 0.4085782766342163 -0.26708078384399414
0.9666115641593933 0.33494478464126587 -0.27716854214668274
