0.49658265709877014 0.8972107768058777 -2.6651997586668585e-07
0.31658804416656494 0.7964350581169128 -0.019473720341920853
0.25308549404144287 0.6621028780937195 -0.03942615166306496
0.23225760459899902 0.5637229681015015 -0.08205148577690125
0.23732927441596985 0.4690912365913391 -0.1213519275188446
0.4962230324745178 0.5378230214118958 0.08480961620807648
0.4726301431655884 0.41996949911117554 -0.028646742925047874
0.36541780829429626 0.41504421830177307 -0.14120496809482574
0.28149667382240295 0.43752577900886536 -0.2025858610868454
0.5801956653594971 0.53057861328125 0.026225054636597633
0.5749297142028809 0.37640684843063354 -0.03336530178785324
0.5144044160842896 0.2751973271369934 -0.11258448660373688
0.46266603469848633 0.19485637545585632 -0.1702837347984314
0.6741602420806885 0.5547052025794983 -0.05680052936077118
0.6813589930534363 0.39549520611763 -0.11698306351900101
0.6536099314689636 0.2883332669734955 -0.17479725182056427
0.6360942721366882 0.2010098099708557 -0.21393994987010956
0.7604517340660095 0.597896158695221 -0.1481667459011078
0.8044489622116089 0.4662790596485138 -0.19397100806236267
0.8153048753738403 0.3762274980545044 -0.21341624855995178
0.8246153593063354 0.2984597682952881 -0.22609567642211914
