0.6325148940086365 0.9504586458206177 3.523372882341391e-08
0.3948492109775543 0.8793663382530212 -0.07539164274930954
0.2331663966178894 0.7439464926719666 -0.1139293760061264
0.17888379096984863 0.6107593774795532 -0.16411113739013672
0.25383758544921875 0.5094960331916809 -0.20114588737487793
0.36139535903930664 0.5949605703353882 0.054332125931978226
0.3306606709957123 0.4555171728134155 -0.07869406789541245
0.34050601720809937 0.4701056182384491 -0.19525101780891418
0.38374802470207214 0.5078845620155334 -0.2533896863460541
0.48722633719444275 0.562735915184021 0.032983627170324326
0.4590097963809967 0.37892410159111023 -0.03307871147990227
0.4483063220977783 0.266093373298645 -0.10051633417606354
0.4530462920665741 0.16870218515396118 -0.1465207040309906
0.6238932609558105 0.5677744150161743 -0.0210108682513237
0.608634352684021 0.3970184922218323 -0.09130389243364334
0.6026530265808105 0.2962886095046997 -0.13954731822013855
0.594920814037323 0.21111392974853516 -0.1646188646554947
0.7734588980674744 0.5975247621536255 -0.08746921271085739
0.757202684879303 0.45740199089050293 -0.12778446078300476
0.7343077659606934 0.37471383810043335 -0.1367318332195282
0.7098885178565979 0.3019241392612457 -0.1402340680360794
