0.6175781488418579 0.907594621181488 -3.7745118675047706e-07
0.39122962951660156 0.8302567601203918 -0.0670459121465683
0.2633587121963501 0.704755425453186 -0.10934453457593918
0.2108071744441986 0.5903927087783813 -0.16522517800331116
0.25466886162757874 0.509397029876709 -0.20636187493801117
0.45402851700782776 0.5515223145484924 0.038741499185562134
0.4243496060371399 0.411456435918808 -0.10854291915893555
0.3505335748195648 0.4585220217704773 -0.23087595403194427
0.3211916387081146 0.5303466320037842 -0.2858061194419861
0.5655644536018372 0.5317282676696777 0.01622428558766842
0.5675452351570129 0.3562310039997101 -0.05595143511891365
0.5573904514312744 0.24977430701255798 -0.11699500679969788
0.5641669631004333 0.15939751267433167 -0.1569661647081375
0.6839920878410339 0.5437080264091492 -0.03836638107895851
0.6898568868637085 0.3780812621116638 -0.10267952084541321
0.6852205991744995 0.2795701026916504 -0.14259527623653412
0.6817154288291931 0.19722145795822144 -0.16246235370635986
0.803855299949646 0.57844078540802 -0.10539872944355011
0.8063259720802307 0.4410814046859741 -0.13702037930488586
0.7937989234924316 0.3584556579589844 -0.13890066742897034
0.7824916839599609 0.2878143787384033 -0.13620682060718536
