0.4653450846672058 0.8870440721511841 4.329091609633906e-07
0.30248427391052246 0.8369678258895874 -0.04014963656663895
0.18666958808898926 0.727715015411377 -0.06888062506914139
0.13832427561283112 0.6305995583534241 -0.1068834587931633
0.1461486667394638 0.5364683270454407 -0.138728067278862
0.26263487339019775 0.5674761533737183 0.02701537311077118
0.22386552393436432 0.45337873697280884 -0.059100423008203506
0.18687160313129425 0.4620344638824463 -0.13767850399017334
0.1730923354625702 0.49588924646377563 -0.17810066044330597
0.33230772614479065 0.5364338755607605 0.003714760998263955
0.317054808139801 0.37509703636169434 -0.04546362906694412
0.2867378294467926 0.26784804463386536 -0.09454561769962311
0.2752009630203247 0.1869415044784546 -0.1249772235751152
0.41837581992149353 0.5400789976119995 -0.03836912289261818
0.39133110642433167 0.3746776580810547 -0.084544338285923
0.359122633934021 0.2721019983291626 -0.11895310878753662
0.348182737827301 0.1951902210712433 -0.13705255091190338
0.5132845044136047 0.5695219039916992 -0.08782099932432175
0.49939221143722534 0.43954700231552124 -0.11983151733875275
0.47846269607543945 0.35160911083221436 -0.12915845215320587
0.46519070863723755 0.276824027299881 -0.1318567842245102
