0.5488280653953552 0.8828722238540649 3.967139434735145e-07
0.3880700469017029 0.8449461460113525 -0.09097921848297119
0.25059616565704346 0.7659677863121033 -0.17082419991493225
0.19500675797462463 0.694105863571167 -0.2489103376865387
0.2741936445236206 0.6263007521629333 -0.3153780698776245
0.35835209488868713 0.5284016728401184 -0.07084917277097702
0.3052271604537964 0.4343720078468323 -0.21142907440662384
0.28963029384613037 0.5029748678207397 -0.3227250874042511
0.3002128601074219 0.5815845131874084 -0.3788783550262451
0.49584367871284485 0.4981005787849426 -0.08917877078056335
0.4661952555179596 0.3355537950992584 -0.1789306104183197
0.45718759298324585 0.2382279634475708 -0.24915234744548798
0.45138615369796753 0.14344102144241333 -0.2940516173839569
0.6293307542800903 0.52420973777771 -0.12955227494239807
0.6926620006561279 0.37131237983703613 -0.22477909922599792
0.7380012273788452 0.27971166372299194 -0.2824636697769165
0.7701208591461182 0.19089320302009583 -0.3119944930076599
0.7512357831001282 0.5917790532112122 -0.17605140805244446
0.8513558506965637 0.47975876927375793 -0.2441408783197403
0.9225219488143921 0.4122375547885895 -0.2597004473209381
0.9839030504226685 0.3429418206214905 -0.26237308979034424
