0.5076537728309631 0.8699264526367188 5.622494541057677e-07
0.3584052324295044 0.8194355964660645 -0.09228157252073288
0.23711904883384705 0.7324109673500061 -0.1679104119539261
0.17351484298706055 0.651985764503479 -0.2400459498167038
0.24053488671779633 0.5780119895935059 -0.3044908940792084
0.3539644479751587 0.5236189365386963 -0.08431528508663177
0.298403263092041 0.4261070191860199 -0.21833837032318115
0.26270487904548645 0.473337858915329 -0.3227267563343048
0.25214099884033203 0.533564567565918 -0.3761715888977051
0.48864060640335083 0.49552369117736816 -0.09588251262903214
0.47893860936164856 0.335021436214447 -0.18361297249794006
0.48210662603378296 0.24238163232803345 -0.2529328465461731
0.4871698021888733 0.1553327739238739 -0.29846152663230896
0.6169313788414001 0.5217925906181335 -0.12635327875614166
0.6941568851470947 0.37681758403778076 -0.2170235961675644
0.7553297281265259 0.2885628938674927 -0.2709648013114929
0.7982580065727234 0.20432987809181213 -0.29861122369766235
0.7284969091415405 0.5863689184188843 -0.16276390850543976
0.8240804672241211 0.47315582633018494 -0.22553327679634094
0.8912717700004578 0.4034467935562134 -0.23933164775371552
0.9474475979804993 0.33514145016670227 -0.24247728288173676
