0.5601859092712402 0.8100731372833252 -1.2019977191357611e-07
0.4078516364097595 0.7901884317398071 -0.03679993748664856
0.27129414677619934 0.722084105014801 -0.07623208314180374
0.17607110738754272 0.6869880557060242 -0.12131959944963455
0.13523972034454346 0.6542966961860657 -0.16490918397903442
0.3503316640853882 0.5180155634880066 -0.04864945635199547
0.2394610196352005 0.4368116557598114 -0.14910660684108734
0.187731072306633 0.5081512928009033 -0.2300286740064621
0.16994187235832214 0.5841428637504578 -0.2720389664173126
0.4340875446796417 0.4908495545387268 -0.0814160406589508
0.337427020072937 0.3522244095802307 -0.14554555714130402
0.24526245892047882 0.2746427059173584 -0.20395790040493011
0.1590091586112976 0.20629331469535828 -0.24267467856407166
0.5395761132240295 0.5047723054885864 -0.12559038400650024
0.4984816312789917 0.3502373993396759 -0.19442234933376312
0.44735780358314514 0.25542956590652466 -0.25169214606285095
0.39399003982543945 0.17135530710220337 -0.2877933084964752
0.6493031978607178 0.5562127828598022 -0.17064575850963593
0.70540452003479 0.44635009765625 -0.22511446475982666
0.7223398685455322 0.36845192313194275 -0.2466474324464798
0.7272172570228577 0.2958117127418518 -0.25850215554237366
