0.5755217671394348 0.8503614068031311 -3.3820987255239743e-07
0.3782445192337036 0.7818278074264526 -0.051928725093603134
0.24712571501731873 0.6765614151954651 -0.09522613883018494
0.19954127073287964 0.5761510729789734 -0.14812208712100983
0.24438533186912537 0.4946726858615875 -0.19395717978477478
0.41539329290390015 0.5258451700210571 -0.00342527381144464
0.37552720308303833 0.430835485458374 -0.11259927600622177
0.32539817690849304 0.4273684620857239 -0.2066086381673813
0.2929629385471344 0.4443530738353729 -0.25918832421302795
0.5252086520195007 0.49221372604370117 -0.027769222855567932
0.49531909823417664 0.340673565864563 -0.09547284990549088
0.45890355110168457 0.24742929637432098 -0.15243519842624664
0.4313611090183258 0.1647646725177765 -0.19281283020973206
0.6505700349807739 0.49565374851226807 -0.07224798947572708
0.6498980522155762 0.3384631276130676 -0.14203183352947235
0.6309446692466736 0.2431677281856537 -0.18979127705097198
0.6086413860321045 0.16278120875358582 -0.21829839050769806
0.7813019156455994 0.5330702662467957 -0.12396030128002167
0.8796945810317993 0.42151692509651184 -0.16839781403541565
0.9287256002426147 0.34308210015296936 -0.19162699580192566
0.9534337520599365 0.27060654759407043 -0.20736514031887054
