0.7089522480964661 0.8728194236755371 1.0763624231913127e-06
0.7854558229446411 0.7661440372467041 -0.029617326334118843
0.8247841000556946 0.6523456573486328 -0.05326821282505989
0.8327482342720032 0.5403947234153748 -0.0825359970331192
0.8287310600280762 0.4308490455150604 -0.10778164863586426
0.6092579364776611 0.5709909200668335 0.01976083405315876
0.6326627731323242 0.46196258068084717 -0.03504316508769989
0.7010971903800964 0.4300873875617981 -0.07796471565961838
0.7736650109291077 0.4329390525817871 -0.09767678380012512
0.5361396670341492 0.561396598815918 0.0030572570394724607
0.5115511417388916 0.42674142122268677 -0.04023970663547516
0.5759337544441223 0.3547940254211426 -0.06524647027254105
0.6533004641532898 0.31657254695892334 -0.0704687163233757
0.47330376505851746 0.5797058343887329 -0.02646203152835369
0.3915557265281677 0.45396047830581665 -0.07052934914827347
0.41051751375198364 0.3583773374557495 -0.08844328671693802
0.4615558683872223 0.28801584243774414 -0.09073453396558762
0.43038463592529297 0.6278003454208374 -0.06033346801996231
0.30600160360336304 0.5780630111694336 -0.09851861000061035
0.28576549887657166 0.5132805705070496 -0.10959260910749435
0.3080753982067108 0.4537228047847748 -0.10849863290786743
