0.5813618898391724 0.5794909000396729 6.131664349595667e-07
0.685335099697113 0.5271097421646118 -0.03683916851878166
0.7630196809768677 0.46370929479599 -0.05713987722992897
0.8007579445838928 0.3793953061103821 -0.07890765368938446
0.8187028169631958 0.28864631056785583 -0.09954262524843216
0.6154366731643677 0.3633210062980652 0.004295849706977606
0.680910587310791 0.3003879189491272 -0.03335825353860855
0.7426977157592773 0.28051966428756714 -0.07054296135902405
0.7937853932380676 0.2778233587741852 -0.09361516684293747
0.5627652406692505 0.33016008138656616 -0.002423087600618601
0.6002487540245056 0.2306922972202301 -0.033393312245607376
0.6675538420677185 0.19839102029800415 -0.05932776629924774
0.7330563068389893 0.1967533528804779 -0.07438711822032928
0.5036548376083374 0.3187497854232788 -0.019028250128030777
0.5056380033493042 0.20034393668174744 -0.05190965533256531
0.5485696792602539 0.14015501737594604 -0.06886179745197296
0.6062480211257935 0.10482504963874817 -0.07817146182060242
0.4449916183948517 0.33462655544281006 -0.04023515060544014
0.3703349232673645 0.2653957009315491 -0.06703963130712509
0.36817365884780884 0.20980800688266754 -0.07487563788890839
0.39288583397865295 0.17084024846553802 -0.07863366603851318
