0.37563854455947876 0.6978381872177124 1.0063622539746575e-06
0.4978991150856018 0.6157816648483276 -0.041600920259952545
0.5823297500610352 0.5294132232666016 -0.06514827907085419
0.6293538808822632 0.43103212118148804 -0.09331787377595901
0.6483523845672607 0.31990399956703186 -0.12017672508955002
0.4114185571670532 0.41235676407814026 0.016896506771445274
0.48658543825149536 0.33385366201400757 -0.04103882238268852
0.5589714646339417 0.3134682774543762 -0.09621802717447281
0.6264075040817261 0.3203011453151703 -0.12743104994297028
0.34654343128204346 0.3757641613483429 0.0030046943575143814
0.3975357115268707 0.24153923988342285 -0.049282584339380264
0.4797372817993164 0.20063383877277374 -0.09374988824129105
0.5630209445953369 0.21024903655052185 -0.11505652964115143
0.27160632610321045 0.36632245779037476 -0.023968884721398354
0.2660781741142273 0.22133667767047882 -0.07211530953645706
0.317156583070755 0.14722943305969238 -0.09933209419250488
0.3907986283302307 0.11351484060287476 -0.10979226976633072
0.1954122930765152 0.39007335901260376 -0.056613482534885406
0.10586380958557129 0.29809337854385376 -0.09343326836824417
0.1090802550315857 0.22409416735172272 -0.10690075904130936
0.1520405262708664 0.17510558664798737 -0.11086537688970566
