0.5678163976600268 1.0 8.851257007336244e-07
0.7691909882572026 0.8652214568328548 -0.04171493276953697
0.907056789411599 0.7066537461338813 -0.06733764708042145
0.9669192163339729 0.5241482699737802 -0.09466156363487244
1.0 0.3295140825582655 -0.11929403245449066
0.5710412429534315 0.5207810829414335 0.0009428166085854173
0.699558390025248 0.3571262997201424 -0.0510212741792202
0.8348458739653021 0.3143328622384336 -0.09844497591257095
0.9580444346404556 0.3188896072290071 -0.1261667162179947
0.44482987539122393 0.4672432295829156 -0.00758449686691165
0.5191923553086564 0.23291209563908782 -0.0579659603536129
0.6855824703748316 0.17199906039194668 -0.09578637033700943
0.8473466578384229 0.1850300919105301 -0.11316461116075516
0.3109563880336576 0.4537690597867116 -0.026775076985359192
0.2776062661450231 0.1857282698210883 -0.07278398424386978
0.3813160249494453 0.06314703859153505 -0.0945439487695694
0.5245128032221926 0.0 -0.10247862339019775
0.19169598264880122 0.4998888558302447 -0.05108483508229256
0.0 0.3515493961978183 -0.08789043128490448
0.0011491376348567173 0.22849675657081123 -0.10134421288967133
0.07961666946475922 0.13793683005763233 -0.1058654710650444
