0.5584160685539246 0.9091283082962036 5.027176257499377e-07
0.6461526155471802 0.8291180729866028 -0.026539336889982224
0.7076183557510376 0.7360032200813293 -0.041975874453783035
0.7287557125091553 0.6434451341629028 -0.06193936988711357
0.7277286052703857 0.5497447848320007 -0.07963188737630844
0.5438718795776367 0.6595869064331055 0.022456752136349678
0.5986616015434265 0.5724222660064697 -0.018418103456497192
0.6551500558853149 0.5477762222290039 -0.06007775664329529
0.7054343819618225 0.5445838570594788 -0.08452430367469788
0.48657339811325073 0.6384779810905457 0.01090739294886589
0.509830892086029 0.5274665355682373 -0.027787914499640465
0.5806674361228943 0.48869788646698 -0.06165018305182457
0.6549623608589172 0.48773813247680664 -0.07773393392562866
0.4255110025405884 0.636643648147583 -0.010308340191841125
0.39906132221221924 0.5123096108436584 -0.044069599360227585
0.43971413373947144 0.4451591968536377 -0.06175489351153374
0.5023173093795776 0.40362411737442017 -0.06845396757125854
0.3701552748680115 0.661803662776947 -0.03597945719957352
0.27424508333206177 0.6030153036117554 -0.06180449575185776
0.27110111713409424 0.5462774038314819 -0.069119893014431
0.30562400817871094 0.5005387663841248 -0.0703093633055687
