0.4190466105937958 0.6173924207687378 8.404532536587794e-07
0.5294705629348755 0.5383042097091675 -0.024769438430666924
0.6009762287139893 0.45463234186172485 -0.03549286723136902
0.6268476247787476 0.3593425154685974 -0.050896890461444855
0.635089099407196 0.2624899446964264 -0.06427399814128876
0.4439363181591034 0.36641228199005127 0.03217108175158501
0.49395743012428284 0.27488017082214355 -0.010106218978762627
0.5525133013725281 0.25104817748069763 -0.051362067461013794
0.6102195978164673 0.2555035650730133 -0.07275781035423279
0.3806322515010834 0.33868685364723206 0.020756563171744347
0.40092045068740845 0.21119415760040283 -0.007088113110512495
0.46050453186035156 0.15921446681022644 -0.0345383882522583
0.5288260579109192 0.1414441019296646 -0.04854830354452133
0.31463566422462463 0.3331240117549896 -0.0019849175587296486
0.2919961214065552 0.20313307642936707 -0.02784137800335884
0.3275972008705139 0.12850125133991241 -0.04426855966448784
0.3874810039997101 0.08012664318084717 -0.05184930935502052
0.2501751780509949 0.35476502776145935 -0.02934780903160572
0.16546162962913513 0.27573657035827637 -0.04768090322613716
0.16395317018032074 0.21189892292022705 -0.052234552800655365
0.19914743304252625 0.16366425156593323 -0.052460599690675735
