0.3519837714299116 1.0 8.295609177366714e-07
0.6553061039991502 0.9021395176047905 -0.0487171933054924
0.8860934806325782 0.7538361315242753 -0.07127297669649124
0.9739576011289203 0.5642327844468499 -0.09497901797294617
1.0 0.38799047869969494 -0.11652234196662903
0.660074344130063 0.5048183509690307 0.018813231959939003
0.7693365711568719 0.3697062316779428 -0.028749173507094383
0.8446646475948879 0.355280720360135 -0.07229657471179962
0.9053662029964822 0.39522197304434936 -0.09447096288204193
0.48246820548280117 0.44282064118457987 0.017632709816098213
0.5684305659886991 0.23823725080747865 -0.013486964628100395
0.6741347142035304 0.16255087988369318 -0.04194372147321701
0.7974874460251007 0.1376404595053417 -0.0572359561920166
0.2939063911925891 0.42857903521982066 0.0019485182128846645
0.29976507189449086 0.1986994942500394 -0.03434984013438225
0.3631637530300053 0.07332120063162682 -0.05791172385215759
0.4782418449103615 0.0 -0.06939062476158142
0.09542739011632957 0.4730940631850052 -0.019103968515992165
0.0 0.3127184580048133 -0.048888612538576126
0.015545425501582891 0.21189168261417568 -0.05971839651465416
0.09395617484301651 0.14055621948755737 -0.06344752758741379
