0.532727837562561 0.7685606479644775 4.2544752432149835e-07
0.6578307151794434 0.7051423788070679 -0.051362670958042145
0.7492397427558899 0.6270061731338501 -0.08569445461034775
0.8116694092750549 0.5480038523674011 -0.1215493232011795
0.8415276408195496 0.4523988366127014 -0.1518050879240036
0.6315425038337708 0.4565095603466034 -0.024851446971297264
0.7148347496986389 0.3893234431743622 -0.10332544147968292
0.7637671232223511 0.43386903405189514 -0.16565117239952087
0.7863937616348267 0.5056692957878113 -0.19432160258293152
0.5654705166816711 0.41881686449050903 -0.033546194434165955
0.6141236424446106 0.29337963461875916 -0.100614033639431
0.692702054977417 0.28191396594047546 -0.1429065316915512
0.7611624598503113 0.32010528445243835 -0.15858995914459229
0.48776793479919434 0.413214772939682 -0.05565029755234718
0.48822182416915894 0.26648014783859253 -0.11375638842582703
0.5435704588890076 0.2120261937379837 -0.1432182490825653
0.6156650185585022 0.1998279094696045 -0.15202435851097107
0.41085368394851685 0.44526228308677673 -0.08326098322868347
0.3324732780456543 0.341219961643219 -0.12392326444387436
0.34498125314712524 0.2769145965576172 -0.13917423784732819
0.394090473651886 0.2414347529411316 -0.14297138154506683
