0.529456377029419 0.7737537026405334 2.402295820047584e-07
0.623594343662262 0.6874693632125854 -0.03849755972623825
0.6989374160766602 0.5860796570777893 -0.07308253645896912
0.759867787361145 0.49984118342399597 -0.11090987175703049
0.7952016592025757 0.41620495915412903 -0.1441546231508255
0.5605894327163696 0.442381352186203 -0.03131752833724022
0.6377795934677124 0.36157262325286865 -0.10786581039428711
0.7042921781539917 0.39474424719810486 -0.16728098690509796
0.7487366795539856 0.4533459544181824 -0.1954023689031601
0.5005010962486267 0.42468687891960144 -0.0472211055457592
0.5382886528968811 0.29014021158218384 -0.11750176548957825
0.6243498921394348 0.27506399154663086 -0.15878328680992126
0.7036792039871216 0.30521008372306824 -0.17301832139492035
0.43317124247550964 0.43603241443634033 -0.07337557524442673
0.4108762741088867 0.29072117805480957 -0.13240821659564972
0.46890002489089966 0.240869402885437 -0.15887248516082764
0.5451276302337646 0.22324231266975403 -0.16561806201934814
0.3681204915046692 0.4812207818031311 -0.10362701117992401
0.27306991815567017 0.4002024233341217 -0.14428450167179108
0.2803274393081665 0.34176626801490784 -0.15799063444137573
0.3271064758300781 0.2993921637535095 -0.16128584742546082
