0.7098609340917814 1.0 7.879173153924057e-07
0.8817634954943734 0.8181656876282881 -0.04087607190012932
0.9706296447814106 0.6160487712008151 -0.06632041931152344
1.0 0.4294115383540924 -0.09343581646680832
0.9786519758817054 0.2543297209609469 -0.11861159652471542
0.6382984764824675 0.4750207794819585 -0.01907411217689514
0.6925837282042527 0.313046542757562 -0.07905296236276627
0.8146211822135272 0.2672414138415603 -0.1235707625746727
0.9438092030485383 0.2776190733510092 -0.1461973935365677
0.49104386583730353 0.455816850396749 -0.029187723994255066
0.4620098920847216 0.23353031426836054 -0.07411114871501923
0.5658523240624717 0.11202220468190938 -0.09802938997745514
0.6977724376698088 0.04150926837384166 -0.10826747864484787
0.35548810030431216 0.4900727661110405 -0.05087977647781372
0.20995560289592288 0.2734894073161711 -0.09792330861091614
0.2346507389237201 0.11920735841363764 -0.11903887242078781
0.32621193666841924 0.0 -0.1277063637971878
0.2507594681032941 0.5799525956721255 -0.07693968713283539
0.030717879447420517 0.48297640795187613 -0.11795923113822937
0.0 0.3758301811034287 -0.13232295215129852
0.04912174551379033 0.2797003940213083 -0.13733386993408203
