0.6226310512350126 1.0 1.1589086170715746e-06
0.8373772114717994 0.8383492612008021 -0.034196313470602036
0.9692531058732893 0.675931045256428 -0.04867641627788544
1.0 0.48808514042496 -0.06722293049097061
0.9537018795617027 0.3146492837525006 -0.0837421640753746
0.613044560395424 0.5092496340072875 0.030448082834482193
0.6476618859982782 0.33659354795587043 -0.01651274412870407
0.7618195271007545 0.2689123174208251 -0.06250613182783127
0.87862758287467 0.255292603165825 -0.0873105600476265
0.4704186072891855 0.4759059028217124 0.020866045728325844
0.46935757132277856 0.24917730465905888 -0.007707525510340929
0.575744540565787 0.11785306828538658 -0.03950556740164757
0.7000251791273627 0.03540739600095051 -0.05972807854413986
0.33125612693889483 0.48414326015421755 -0.0022274802904576063
0.23294694186393003 0.2543594372848101 -0.0349908284842968
0.2812205603473001 0.1034892572550517 -0.0669504925608635
0.3723444023383933 0.0 -0.08802539110183716
0.2118396306574352 0.5402107985072442 -0.029847612604498863
0.0383462856168102 0.42216765942555134 -0.059129226952791214
0.0 0.3113017702741841 -0.07744862139225006
0.013257014653521672 0.21960304912805334 -0.08916862308979034
