0.6145790219306946 0.9822508096694946 1.1027375421690522e-06
0.7074716091156006 0.8624890446662903 -0.03416325896978378
0.7547309398651123 0.7462068200111389 -0.04394940286874771
0.7723314762115479 0.6320198774337769 -0.05570684000849724
0.7591618895530701 0.526750385761261 -0.06411751359701157
0.5549235343933105 0.6691577434539795 0.021255915984511375
0.5956054329872131 0.5629180669784546 -0.023605898022651672
0.6699003577232361 0.5197719931602478 -0.06456897407770157
0.7419167160987854 0.5035098195075989 -0.0870785191655159
0.4777511656284332 0.6517800688743591 0.013525610789656639
0.46176984906196594 0.5083550810813904 -0.018795466050505638
0.5252969861030579 0.42742443084716797 -0.045940086245536804
0.6002804636955261 0.380209743976593 -0.06226513534784317
0.41103631258010864 0.6603791117668152 -0.0065596080385148525
0.34059977531433105 0.5209761261940002 -0.042106904089450836
0.37244707345962524 0.43043315410614014 -0.06641635298728943
0.43372684717178345 0.37036702036857605 -0.08065155148506165
0.3581617772579193 0.6972939968109131 -0.03134289011359215
0.25462380051612854 0.6252524852752686 -0.06142261251807213
0.24991166591644287 0.5574957728385925 -0.07524995505809784
0.28366026282310486 0.5014171600341797 -0.0831209346652031
