0.4926943333803497 1.0 5.536239200409909e-07
0.703325590031002 0.9640445512213045 -0.0398537814617157
0.8872897578275 0.8028977988037368 -0.06731516867876053
0.9762703765432632 0.5882785690159575 -0.08811748772859573
1.0 0.39422134363078265 -0.10877175629138947
0.5864520035195084 0.6937884949933347 -0.07332410663366318
0.7107060030263167 0.4971678484945063 -0.10808680951595306
0.8240902099519186 0.38631529126753283 -0.12775346636772156
0.9238629003704695 0.3149507486439068 -0.1381143033504486
0.41599514868195947 0.6128986352773758 -0.06829675287008286
0.5118524339588425 0.34374164188128215 -0.09435103833675385
0.63393907642649 0.17357802128454822 -0.10563579201698303
0.7524392361860733 0.0702580680000127 -0.11465524882078171
0.272591684249816 0.5901867877400494 -0.06608390063047409
0.2649909661472801 0.3280901612699999 -0.0919906347990036
0.350178710044512 0.14179795243959126 -0.10578034073114395
0.4462956406263343 0.0 -0.11617010831832886
0.15061768908002468 0.6087621143088875 -0.0658702626824379
0.019941066464784288 0.4541651622494153 -0.08883246034383774
0.0 0.32246037603195965 -0.10054175555706024
0.024325867331420056 0.21159225404233828 -0.10912187397480011
