0.5350647568702698 0.7052870988845825 1.021602884065942e-06
0.593965470790863 0.6571997404098511 -0.029224976897239685
0.635450541973114 0.5699573159217834 -0.049037545919418335
0.6602206230163574 0.4907326102256775 -0.06618400663137436
0.671477198600769 0.41001686453819275 -0.08146805316209793
0.4703752398490906 0.4882478713989258 -0.02486274391412735
0.5382315516471863 0.4209483563899994 -0.059975482523441315
0.600899338722229 0.39322662353515625 -0.08470825850963593
0.6610755920410156 0.39343011379241943 -0.09702310711145401
0.4241332411766052 0.46862009167671204 -0.03068489022552967
0.4375177323818207 0.3640674352645874 -0.05843093618750572
0.4950268864631653 0.3035880923271179 -0.07196121662855148
0.5606080889701843 0.2727273106575012 -0.07485438138246536
0.3883659839630127 0.48119696974754333 -0.04269104078412056
0.35082340240478516 0.36876219511032104 -0.08082418143749237
0.38034600019454956 0.29266875982284546 -0.10173746943473816
0.4263286292552948 0.24093374609947205 -0.10984040051698685
0.37331920862197876 0.5187540054321289 -0.05558757111430168
0.2961711883544922 0.47807416319847107 -0.0946240946650505
0.2586631178855896 0.4370444715023041 -0.11164528131484985
0.23684149980545044 0.4048020541667938 -0.11767884343862534
