0.7922498187046224 1.0 1.1551467196113663e-06
0.9255983000490371 0.8089984702046767 -0.04809146374464035
0.9913491361838247 0.6051921094361444 -0.0751853957772255
1.0 0.41876053832592197 -0.101488396525383
0.9759385483313487 0.2537447239192264 -0.1250719130039215
0.6380702580947817 0.5094776903356056 -0.02270495519042015
0.7055206909517286 0.3343428785292728 -0.08399554342031479
0.8193169529016623 0.26624799567143564 -0.12982654571533203
0.9381025952186602 0.2459818933115074 -0.15417124330997467
0.5028091294937342 0.5001276551713021 -0.030324839055538177
0.480404310199554 0.26318473083405375 -0.07751277089118958
0.5534073662854867 0.11440704919250239 -0.10303553193807602
0.6377520486504185 0.0 -0.1139674112200737
0.3831013477850082 0.5457813146356206 -0.05032889172434807
0.22384212601154724 0.3182170382245832 -0.10881363600492477
0.19266273695546232 0.14898619197711935 -0.14094506204128265
0.20884913744897035 0.0011226031128388585 -0.15508969128131866
0.2985301537354439 0.6435907114799774 -0.07351791858673096
0.0968630965604737 0.5595950325122266 -0.12710966169834137
0.024206083124120408 0.45873394453193356 -0.14857542514801025
0.0 0.35183877870628155 -0.15698009729385376
