0.7949569913079538 1.0 1.0367321010562591e-06
0.9146264488065005 0.8224369078045396 -0.04970502480864525
0.9866908312909635 0.6147947205613264 -0.07759713381528854
1.0 0.4285245388079778 -0.10304930061101913
0.9717611568212334 0.268593374081853 -0.12547506392002106
0.633463866804011 0.5077650274121595 -0.03134942054748535
0.7125923395563634 0.32713368381672764 -0.09700683504343033
0.8223663521953217 0.26510316069121936 -0.14718346297740936
0.9385693811497305 0.24636473574131385 -0.17368356883525848
0.5003342242792658 0.5003302012011304 -0.0373147614300251
0.4729206349350174 0.26638106732663475 -0.08688405901193619
0.5383702510339207 0.11576527443220488 -0.11397990584373474
0.6187865406002586 0.0 -0.12584015727043152
0.38466181632459207 0.5495117821312563 -0.05523214489221573
0.23270011184771835 0.3285897899054139 -0.11382952332496643
0.200981324164428 0.159377686583866 -0.1439332216978073
0.21812932765572388 0.008373584968334728 -0.15614093840122223
0.30091073410390917 0.6516053871291362 -0.07645278424024582
0.09817585880336785 0.573348574188736 -0.12864595651626587
0.02456426381080716 0.47368819004687235 -0.14724044501781464
0.0 0.3633813979407594 -0.15284131467342377
