0.6383041143417358 0.6132652163505554 7.440379476975068e-07
0.7056398391723633 0.5364491939544678 -0.025454789400100708
0.7459192276000977 0.46304458379745483 -0.041701510548591614
0.7434800863265991 0.38387858867645264 -0.06041691452264786
0.729217529296875 0.31340962648391724 -0.07773176580667496
0.6060413122177124 0.4089060425758362 0.004623131360858679
0.6273435354232788 0.33045515418052673 -0.03541012853384018
0.6663179993629456 0.29627934098243713 -0.06829456239938736
0.7101245522499084 0.28277719020843506 -0.08527117222547531
0.5510598421096802 0.4008328318595886 -0.0028331174980849028
0.5472252368927002 0.2964083254337311 -0.0287071093916893
0.5731970071792603 0.22766153514385223 -0.04647213593125343
0.6023879051208496 0.16957701742649078 -0.05586601793766022
0.5024064183235168 0.41312113404273987 -0.019669365137815475
0.4527766704559326 0.31582459807395935 -0.05208597704768181
0.4446857273578644 0.24177396297454834 -0.07134336978197098
0.4541645050048828 0.1783844232559204 -0.0807378962635994
0.46166372299194336 0.44780367612838745 -0.03921852260828018
0.3856448233127594 0.4111890494823456 -0.06819567829370499
0.35715794563293457 0.36517593264579773 -0.08017810434103012
0.3486081659793854 0.3159489631652832 -0.08533933758735657
