0.6151241644362355 1.0 8.669789508530812e-07
0.8349584309651678 0.8885407062301929 -0.0495711974799633
0.9758856636735928 0.7215665753284054 -0.07348915189504623
0.9961832332304201 0.545951972799318 -0.09377861022949219
1.0 0.39043382227828133 -0.11317422986030579
0.677364660796805 0.5332078812820175 -0.030591508373618126
0.7419531664370017 0.39329579321662067 -0.06988175958395004
0.8279131110589977 0.3299102868772105 -0.0982370525598526
0.9215647322481261 0.3042989105427306 -0.11401043832302094
0.5117558742224178 0.5000569255187509 -0.02808658592402935
0.5537511297513352 0.28169250404270835 -0.05709030479192734
0.6248524620665195 0.15359862701129567 -0.07406198978424072
0.7110378724303205 0.03805290311426185 -0.08231168240308762
0.35262551303146766 0.5194778696751907 -0.034795451909303665
0.2777993122325825 0.2855471214994854 -0.07264141738414764
0.26603310147185844 0.13355125302159906 -0.09612124413251877
0.29904913538087236 0.0 -0.10814624279737473
0.20455912403006124 0.5993449953002192 -0.044818583875894547
0.04619818890928202 0.47640094698153995 -0.0798267051577568
0.0 0.38104011517639313 -0.0949590802192688
0.001550965271169392 0.2873136810332393 -0.10216747969388962
