0.4867560495560045 1.0 1.0278231457050424e-06
0.7608844684994082 0.851034655678802 -0.06675593554973602
0.9674639691380233 0.6954664655131051 -0.09461324661970139
1.0 0.5061868307826094 -0.12326715141534805
0.9107989383572425 0.3546670117358921 -0.1487438976764679
0.6856151265431323 0.46848317023221686 0.03571559488773346
0.7641762399088974 0.3036347338926059 -0.005101336631923914
0.8296191399916213 0.27462715751419375 -0.04822525382041931
0.8991185863748804 0.321797575711769 -0.0680750384926796
0.5060511932988255 0.4479997095643763 0.04920553043484688
0.5469225662605965 0.23700698659028152 0.04201200604438782
0.6145421875111133 0.13109665349374097 0.023384086787700653
0.7235781014385866 0.05077602360511286 0.01179993711411953
0.33279799090960116 0.46166493919747204 0.04343876987695694
0.2896627152593083 0.23980885174747557 0.030152922496199608
0.30506750687681217 0.09990061921384512 0.014153636060655117
0.3864551888039773 0.0 0.003969913348555565
0.1457844741824039 0.5231384626359241 0.027794450521469116
0.02379907631249209 0.39282989177026884 0.014558342285454273
0.0 0.2937186821016499 0.007800389546900988
0.04905030944158264 0.2078577485379496 0.004366166889667511
