0.7093814611434937 0.6315701603889465 3.0766946679250395e-07
0.7746748924255371 0.5716609954833984 -0.020003478974103928
0.8257442712783813 0.5034373998641968 -0.02966143749654293
0.8310215473175049 0.43654119968414307 -0.042897164821624756
0.8191361427307129 0.37256932258605957 -0.05416340008378029
0.7014816403388977 0.44425898790359497 0.020272301509976387
0.7268255949020386 0.3864436447620392 -0.0043325116857886314
0.7606927752494812 0.3602901101112366 -0.030817018821835518
0.792209804058075 0.3434501886367798 -0.04695205017924309
0.6549687385559082 0.430197149515152 0.012051651254296303
0.6678113341331482 0.3448125123977661 -0.002624094020575285
0.7002466320991516 0.29498904943466187 -0.019579870626330376
0.7390629053115845 0.25923341512680054 -0.03135235607624054
0.6097069978713989 0.42926740646362305 -0.004307543393224478
0.5928281545639038 0.3390677273273468 -0.025097496807575226
0.6096659898757935 0.28384074568748474 -0.037999290972948074
0.6421506404876709 0.24129964411258698 -0.045260507613420486
0.5682293176651001 0.4468986392021179 -0.023983588442206383
0.505007803440094 0.40577253699302673 -0.04178255796432495
0.4982756972312927 0.3653410077095032 -0.04629272595047951
0.518572211265564 0.33054232597351074 -0.04778386652469635
