0.5923754680339146 1.0 6.087217343520024e-07
0.8280383212812794 0.8481234040827542 -0.033990278840065
1.0 0.6915441799262211 -0.04730317369103432
0.9982562126165511 0.5027223922167997 -0.062219616025686264
0.9614846236004629 0.3222373839211155 -0.07513098418712616
0.6469110567167422 0.5136963216747992 0.013724001124501228
0.7058542924097454 0.32387529497385836 -0.024110490456223488
0.8037015550471406 0.2638569390858214 -0.059813808649778366
0.919940442717927 0.26179892042856806 -0.07918443530797958
0.5021072746083843 0.48098841859291147 0.011903999373316765
0.5282988383598854 0.24988725925867655 -0.010656801983714104
0.621232809348112 0.11320669117825569 -0.03586915507912636
0.7481651873754397 0.020302284883545088 -0.05355726554989815
0.3595301394431511 0.48572129186716434 -0.0007143736002035439
0.304315064405057 0.2447639809030408 -0.030365828424692154
0.3446066796646466 0.09940274871760374 -0.05397668480873108
0.44953565235830173 0.0 -0.06833086162805557
0.21637133265709468 0.5414622131689052 -0.017417818307876587
0.018806858170783144 0.41628804991542917 -0.04478706419467926
0.0 0.30325184308224845 -0.059301700443029404
0.0723359524155483 0.21329558174290336 -0.06754310429096222
