0.4951840772842257 1.0 8.332089009854826e-07
0.7509123848833961 0.8541427192030016 -0.054278500378131866
0.9313821657176099 0.7122643149607326 -0.08698095381259918
1.0 0.5498648230154078 -0.11814387142658234
0.9649656899451284 0.3893752090703892 -0.14599989354610443
0.6331212464255057 0.47344171312255945 -0.04003027081489563
0.726631902018663 0.29593856527945894 -0.10781393945217133
0.8425997976636408 0.27770665680119233 -0.15919996798038483
0.9470375747421469 0.31734258034635415 -0.18467281758785248
0.47023682455868787 0.4370940733416829 -0.04119480773806572
0.5177131141086646 0.20303023048492444 -0.09209876507520676
0.6455495731565101 0.10802318185176402 -0.12659600377082825
0.7829709911697156 0.08164871036744938 -0.14561229944229126
0.31458896647078743 0.44608385744264945 -0.053584933280944824
0.2615381575295443 0.18983913654860857 -0.10415330529212952
0.33082024668987836 0.06271324460780821 -0.1324518918991089
0.4556538760826028 0.0 -0.14664797484874725
0.16923343621808853 0.49959768141222943 -0.07087552547454834
0.0012153954077011768 0.3436170263498126 -0.11585456132888794
0.0 0.23718871652186815 -0.1375119984149933
0.07509074147982191 0.16181378931532797 -0.14731311798095703
