0.5186990106343843 1.0 1.1168801847816212e-06
0.739367989222411 0.8646712132973956 -0.06345931440591812
0.9041459450106554 0.7067763843957501 -0.10390231758356094
0.989986401758859 0.5364425668584603 -0.14344987273216248
1.0 0.3610000366484646 -0.17845465242862701
0.5739489173971842 0.4666465655391156 -0.025024911388754845
0.7146443120734954 0.28492869374877144 -0.10075602680444717
0.8439028090356503 0.2648575166000886 -0.1591653972864151
0.9618812823891469 0.3065547444769098 -0.18494071066379547
0.44375156171999436 0.42733359098314505 -0.025435464456677437
0.512401777846881 0.202657096975169 -0.0818030834197998
0.6477663359204471 0.11579809111474634 -0.11560418456792831
0.7953304901475755 0.09326913466311731 -0.12584201991558075
0.3132449314279724 0.43805047659662366 -0.04069831594824791
0.2870944753423581 0.19749603530246645 -0.09075500816106796
0.3794492834119104 0.07128542823730881 -0.1079474464058876
0.5138042999510439 0.0 -0.10869214683771133
0.1835193910262544 0.4999344075775698 -0.06377287209033966
0.0 0.3573930364585589 -0.10870098322629929
0.009789868726297085 0.24067040453241556 -0.12291249632835388
0.09769493981099454 0.1497315916428174 -0.12154211848974228
