0.8781262696995461 1.0 -4.990076831745682e-07
1.0 0.6242312678934446 -0.007681682705879211
0.9533016544729652 0.2756688976422868 -0.007079217117279768
0.7257627827503378 0.18106764700817957 -0.01133702788501978
0.5470065127848139 0.26518376336886507 -0.013740516267716885
0.778765258177209 0.18540717602107826 0.021108034998178482
0.6317784185700122 0.0 -0.0037672207690775394
0.6578203861812666 0.14357916439354124 -0.02113189548254013
0.7279082597079565 0.290812076023282 -0.025856392458081245
0.631849957397711 0.2995964318089652 0.015728918835520744
0.4650642886426608 0.08836806258003178 -0.01753956265747547
0.5392207037036018 0.25361631551233704 -0.03719121590256691
0.6386071665396393 0.4114229362471666 -0.039245426654815674
0.5021734504735779 0.4184343782022016 0.006093636155128479
0.34734485475325066 0.22451806611239608 -0.026232779026031494
0.46429845632050126 0.38529605358026203 -0.03312027081847191
0.5904237024645126 0.5455744081376603 -0.024492699652910233
0.3830766648598527 0.5545592973422377 -0.003939037211239338
0.19853033567301986 0.35239142479419283 -0.015573925338685513
0.08625702433329023 0.2035026598313351 -0.016907982528209686
0.0 0.059256066366216116 -0.013516951352357864
