0.7644166438984193 1.0 -5.78876154122554e-07
0.9169613434789785 0.7864340377401859 -0.053504131734371185
1.0 0.5082529276323089 -0.08433135598897934
0.8314337249345057 0.37075747205500076 -0.1140492781996727
0.6326794487152653 0.36348874263291475 -0.13444820046424866
0.7315033009784333 0.23547000851705888 -0.04022126644849777
0.6603680891658883 0.0 -0.10849406570196152
0.7050788609869628 0.1763813480393412 -0.14002569019794464
0.7628435265651075 0.3464286669295178 -0.14370091259479523
0.5534430313723727 0.33025350909083667 -0.038798920810222626
0.4838913989793949 0.10796403320571969 -0.11700320243835449
0.5859113868902958 0.337000803345833 -0.14206811785697937
0.6620705559292669 0.5041360647091655 -0.13523061573505402
0.4023531958471478 0.4439199749210451 -0.0468851774930954
0.315217776568262 0.27511792741326624 -0.11589355766773224
0.445339562226999 0.460518283229473 -0.11770182102918625
0.5522483245285895 0.6007089583870272 -0.09492828696966171
0.2701174981055698 0.5797023467142757 -0.05853012949228287
0.1296671604560024 0.39449600005461843 -0.0864044725894928
0.05762035219440357 0.28884542647593464 -0.08471785485744476
0.0 0.1770295861119029 -0.07326865196228027
