0.7623798342658888 1.0 -1.0139663118025055e-06
0.9294110018877872 0.7611087581349539 -0.03613292798399925
1.0 0.4631974129110987 -0.05261904001235962
0.7841583455926121 0.32936365017358926 -0.06928586959838867
0.5513146482083029 0.36744489257182755 -0.07428766041994095
0.7105015604006871 0.265219745617009 -0.015538890846073627
0.6546461515076787 0.08596655677541441 -0.07367544621229172
0.7234998947686185 0.28439655718788387 -0.11270520836114883
0.7708541493052603 0.40594728137358366 -0.12968392670154572
0.5288266222639841 0.3269347332479555 -0.020623184740543365
0.4520103711372642 0.12713981104874886 -0.0757284089922905
0.5775122132179119 0.3509824569698787 -0.09919267147779465
0.6453731674858416 0.44258752149116765 -0.10446462035179138
0.3828536226168812 0.4037561631487717 -0.034031376242637634
0.28268344540298307 0.2034116379765657 -0.07583620399236679
0.44357538499804416 0.40941592313179004 -0.06575155258178711
0.558663970688277 0.5659533627829817 -0.048187438398599625
0.25022946287351827 0.4977495264146445 -0.05241265892982483
0.11886894334937669 0.2731040740915863 -0.06926657259464264
0.05694120542016021 0.1400196727809395 -0.06709341704845428
0.0 0.0 -0.06335356086492538
