0.876982267395119 1.0 -7.614805781486211e-07
1.0 0.6793933307371101 -0.051978204399347305
0.9395275035693992 0.28310480406835137 -0.06239626184105873
0.7078604203930041 0.1401561529890809 -0.07396025210618973
0.5356749056663189 0.2573323302534873 -0.07649760693311691
0.6877229323902774 0.168978410200594 0.008518626913428307
0.5854269968161692 0.0 -0.04730220511555672
0.6737927575647608 0.1733514814017708 -0.0779523178935051
0.756298921573044 0.3033032232332102 -0.08438597619533539
0.5754824442746092 0.2965761295749141 0.009285924956202507
0.44506986678451754 0.13019932493944447 -0.06958379596471786
0.5902288045879313 0.31659959048224245 -0.10497632622718811
0.6994794619110246 0.4498045431925233 -0.10278381407260895
0.4790801008878756 0.4488467166662736 -0.0029649848584085703
0.3711648947686165 0.2963305648074634 -0.08466017991304398
0.5440017760164774 0.45758492734434325 -0.10212408006191254
0.6768191383755688 0.6090459474164922 -0.08258744329214096
0.38939460937339954 0.6194004593743102 -0.018666395917534828
0.2150824632766885 0.3968566010111107 -0.05848413333296776
0.10117605087566033 0.232863385751408 -0.07468526810407639
0.0 0.09123260482570354 -0.07502441108226776
