0.8830299755619581 1.0 -7.553219916189846e-07
1.0 0.7502492956959169 -0.04450121894478798
0.973551515807726 0.4246581642692984 -0.06294962018728256
0.7856819985004466 0.3126965609419019 -0.08142950385808945
0.6302636465006611 0.3430988652512567 -0.09358169138431549
0.7471199429822821 0.18893868793796034 -0.018186887726187706
0.6713955859098749 0.0 -0.06998111307621002
0.7385212290871305 0.14841812780318478 -0.098894864320755
0.7936984725632454 0.29689656285064664 -0.1056111603975296
0.609536118711225 0.2962446356319922 -0.018298527225852013
0.5142268351723842 0.1091461139547873 -0.07996918261051178
0.6254747862952491 0.2897744908991506 -0.10723409801721573
0.7032181923733021 0.4446958028975654 -0.10677064210176468
0.4989615343274466 0.43200864934041505 -0.027419647201895714
0.4077936960416364 0.2594360840920215 -0.09043342620134354
0.5348251296341021 0.40505053856141543 -0.10286042839288712
0.626406094083965 0.5470404231232608 -0.08869273215532303
0.4029827603923437 0.6010466283614926 -0.038964591920375824
0.219569460515572 0.40214179337474704 -0.07129190117120743
0.10600237232180847 0.28198285856337874 -0.0788651779294014
0.0 0.17150880363061427 -0.07437685132026672
