0.7248356342315674 0.652503252029419 -6.308335400717624e-07
0.7800611257553101 0.5684041380882263 -0.03944560885429382
0.8008993864059448 0.4585959017276764 -0.05800871551036835
0.7291651368141174 0.3892480134963989 -0.07425732910633087
0.6503668427467346 0.38199302554130554 -0.08354253321886063
0.7221424579620361 0.38914477825164795 -0.01970936916768551
0.6945579051971436 0.3084820508956909 -0.05571991205215454
0.7095769047737122 0.3570396304130554 -0.07664848864078522
0.7304850220680237 0.4044637680053711 -0.08413570374250412
0.6596358418464661 0.4040268063545227 -0.01727534830570221
0.6259375810623169 0.32880932092666626 -0.05575735494494438
0.6598345041275024 0.38786208629608154 -0.0730590745806694
0.6839633584022522 0.4327489137649536 -0.07631926983594894
0.6019909977912903 0.42976027727127075 -0.022005073726177216
0.5648089647293091 0.3538878858089447 -0.062015410512685776
0.6111088991165161 0.40805089473724365 -0.06647059321403503
0.6450570821762085 0.4635322690010071 -0.05912090092897415
0.5456233620643616 0.46779000759124756 -0.029950980097055435
0.4610808491706848 0.40018796920776367 -0.05404698848724365
0.4150950312614441 0.3441789746284485 -0.06406410038471222
0.3777735233306885 0.2913969159126282 -0.06811841577291489
