0.7375423908233643 0.7038666009902954 -7.050122121654567e-07
0.7805284857749939 0.6010315418243408 -0.03629331290721893
0.7820343375205994 0.48808524012565613 -0.05433652549982071
0.6929118037223816 0.43634533882141113 -0.07119990140199661
0.6120697855949402 0.44279351830482483 -0.08250889182090759
0.6898514032363892 0.41854527592658997 -0.0157795250415802
0.6565946936607361 0.33110713958740234 -0.05072375759482384
0.6685116291046143 0.3726484775543213 -0.07076885551214218
0.6896637082099915 0.42561089992523193 -0.07601211965084076
0.626039445400238 0.4445984959602356 -0.016416393220424652
0.5808873176574707 0.362942636013031 -0.05697101354598999
0.622733473777771 0.4246975779533386 -0.07645867019891739
0.6530852317810059 0.4776979982852936 -0.07846254855394363
0.5720755457878113 0.4805223047733307 -0.023659132421016693
0.5258104205131531 0.40632596611976624 -0.06543867290019989
0.5850852727890015 0.4580761194229126 -0.07300415635108948
0.6296634078025818 0.5149517059326172 -0.06557446718215942
0.5215457677841187 0.5296780467033386 -0.03339238092303276
0.4232103228569031 0.46662813425064087 -0.05450860783457756
0.3697856366634369 0.415679395198822 -0.06238796189427376
0.3225249946117401 0.3649110198020935 -0.0649314820766449
