0.7236800193786621 0.800992488861084 -6.001458245918911e-07
0.7629846334457397 0.7196121215820312 -0.05153892934322357
0.7421765923500061 0.6232569813728333 -0.07918217778205872
0.6563183069229126 0.5968251824378967 -0.10324769467115402
0.584118127822876 0.6171371340751648 -0.11811071634292603
0.6317316293716431 0.5295639038085938 -0.046231694519519806
0.5810641050338745 0.44958481192588806 -0.09470804035663605
0.6147778630256653 0.4928772449493408 -0.11742488294839859
0.6442621350288391 0.5486947894096375 -0.1232604831457138
0.5645728707313538 0.566909909248352 -0.041489146649837494
0.5174244046211243 0.4935854971408844 -0.08989368379116058
0.5751171112060547 0.5549941658973694 -0.10135024785995483
0.5995401740074158 0.5903857350349426 -0.09742949903011322
0.515453577041626 0.6181476712226868 -0.04563894122838974
0.44924959540367126 0.5505011677742004 -0.0930851623415947
0.5201863646507263 0.6048832535743713 -0.09234189242124557
0.5720407366752625 0.6539527177810669 -0.07955216616392136
0.48389720916748047 0.6857590675354004 -0.05430079624056816
0.37539902329444885 0.6467971205711365 -0.09160692989826202
0.2979956567287445 0.6281792521476746 -0.10693226754665375
0.22509995102882385 0.6072903275489807 -0.1117236539721489
