0.9012976036513001 1.0 -7.319404744521307e-07
1.0 0.6799571896012697 -0.01623377576470375
0.9554508630902676 0.38167126659136347 -0.020182613283395767
0.7771289480067097 0.29095123527488265 -0.02280759997665882
0.6357099462845741 0.317905806534163 -0.021746870130300522
0.7355463643902406 0.22918399527698585 -0.017100166529417038
0.6182261881698077 0.0 -0.03328537940979004
0.6456912426643153 0.06737416231101467 -0.03961675241589546
0.6952875800300138 0.16290272512145704 -0.03958124667406082
0.5976830119879791 0.32111969836467497 -0.01770113594830036
0.4698901299597863 0.09796176542538146 -0.031627919524908066
0.5243637133396587 0.17780468672991204 -0.03761541470885277
0.587924948237562 0.2716954874773077 -0.039953943341970444
0.49317728162126656 0.45047149918558477 -0.02020449750125408
0.34265699630853597 0.23568994081319308 -0.03716365993022919
0.41403351626602414 0.2956423218829689 -0.0402335524559021
0.49556396583659745 0.3808773617950331 -0.040539056062698364
0.4111508984413868 0.6169393191858183 -0.02277488075196743
0.21355287558004393 0.4910956286294097 -0.033581674098968506
0.09882035247003482 0.3939801049333278 -0.038193996995687485
0.0 0.2950789824940436 -0.04218437522649765
