0.6619529724121094 0.4891323447227478 -6.469023219324299e-07
0.710139274597168 0.37848329544067383 -0.04179529845714569
0.6922378540039062 0.2574172914028168 -0.05773799121379852
0.5859604477882385 0.21267688274383545 -0.07042865455150604
0.5071597695350647 0.240903839468956 -0.07628103345632553
0.5948293805122375 0.1985834687948227 -0.020892417058348656
0.538505494594574 0.11015628278255463 -0.053010910749435425
0.558689534664154 0.15106773376464844 -0.0743451714515686
0.5858141779899597 0.19152557849884033 -0.08459457010030746
0.5276209712028503 0.23270569741725922 -0.018141333013772964
0.4617331922054291 0.14267496764659882 -0.05278889089822769
0.49119237065315247 0.18051159381866455 -0.07224182784557343
0.5252100229263306 0.2182793766260147 -0.07953699678182602
0.472551554441452 0.27780988812446594 -0.022034430876374245
0.3972935974597931 0.1922176629304886 -0.05668066814541817
0.43653199076652527 0.22594448924064636 -0.06515444815158844
0.4809539318084717 0.266975998878479 -0.0641394779086113
0.4253206253051758 0.33571070432662964 -0.02948121540248394
0.3313125967979431 0.2883063852787018 -0.04967625439167023
0.27209144830703735 0.25194212794303894 -0.059482671320438385
0.2226037085056305 0.21453866362571716 -0.06607857346534729
