0.6294072866439819 0.8132455348968506 -9.618878493711236e-07
0.6734986305236816 0.684001088142395 -0.06200499087572098
0.6340117454528809 0.5308550000190735 -0.08308666199445724
0.5008949637413025 0.48377954959869385 -0.10276293754577637
0.4014333188533783 0.539700448513031 -0.11144226044416428
0.49027663469314575 0.48490506410598755 -0.004040560219436884
0.4226599335670471 0.4106869101524353 -0.06587502360343933
0.4724581837654114 0.47066089510917664 -0.09913928061723709
0.5204585194587708 0.5224299430847168 -0.10402382910251617
0.4235760569572449 0.5415703058242798 0.00307449814863503
0.34965845942497253 0.4816373288631439 -0.06985746324062347
0.43709105253219604 0.5495853424072266 -0.10021528601646423
0.49585971236228943 0.5919761657714844 -0.09579413384199142
0.37518903613090515 0.6054641008377075 -0.002877178369089961
0.309609055519104 0.5549625158309937 -0.0783206969499588
0.4107518494129181 0.6154550909996033 -0.0867006853222847
0.48695942759513855 0.6688450574874878 -0.062133703380823135
0.3302038013935089 0.6780779361724854 -0.01317964494228363
0.22869230806827545 0.6001569032669067 -0.04586905986070633
0.16290414333343506 0.549808919429779 -0.049163829535245895
0.10149893164634705 0.5030856132507324 -0.038977157324552536
