0.9317115224968113 1.0 -6.935227929716348e-07
1.0 0.7264179016707916 -0.09752901643514633
0.9637737419326945 0.37944958881637314 -0.14519363641738892
0.7928841553179511 0.31493302233906756 -0.1845712661743164
0.669823000527874 0.4785155160858928 -0.20949235558509827
0.7016655566561804 0.2001635660180128 -0.06354641914367676
0.6128373055716124 0.0 -0.14671169221401215
0.69079567231926 0.14082874463017808 -0.18943563103675842
0.758649291732824 0.2827931742808215 -0.2005280703306198
0.5880754025269355 0.3350928572370042 -0.05457225814461708
0.48394601848691726 0.13397205107173382 -0.14394819736480713
0.5988951923408218 0.28776187545561743 -0.17911197245121002
0.6649443113925725 0.3884637163780963 -0.18098336458206177
0.5029057763179201 0.49635569436854343 -0.06278795748949051
0.3907624837178101 0.32633270945220466 -0.14879895746707916
0.5300624954653286 0.43644067366995204 -0.16887515783309937
0.6278963933942493 0.5411527082558129 -0.15878012776374817
0.43745218628687127 0.6826930778597565 -0.07905607670545578
0.2304159911124947 0.574707568394574 -0.11923173815011978
0.11455657076884235 0.48452713122491253 -0.13759545981884003
0.0 0.3705907133637974 -0.14511831104755402
