0.9261458137647043 1.0 -6.862966870357923e-07
1.0 0.7155463771765025 -0.0794592946767807
0.9466736997362335 0.40964647268598325 -0.1182587593793869
0.7329883545963367 0.33321240812205843 -0.15082469582557678
0.5631164859173058 0.4284406715442273 -0.1727355569601059
0.7340276118240935 0.22792031737231508 -0.03635026514530182
0.6234553748310785 0.0 -0.09931708127260208
0.6757951658888397 0.10985814602661192 -0.13650666177272797
0.7452271603305367 0.24956527449594235 -0.14822103083133698
0.6084859499768536 0.34072159894249576 -0.022961489856243134
0.4606077404691939 0.1199400553930778 -0.08919372409582138
0.5587793970758836 0.2573942677364374 -0.1223788633942604
0.6305859483169508 0.3681507657705642 -0.12711206078529358
0.5065315066674079 0.47337975852685404 -0.022541973739862442
0.3663114035584627 0.2763625535046774 -0.08602164685726166
0.4676522097916875 0.38926612342875405 -0.0998072475194931
0.5521001063655164 0.5183377597761035 -0.08925219625234604
0.42010848386851146 0.6396078663980942 -0.028463946655392647
0.21782914752399152 0.5145037622746025 -0.05936591327190399
0.10099907704135766 0.40718754236795723 -0.06955407559871674
0.0 0.29947306366330306 -0.06961868703365326
