0.6187135577201843 0.5691777467727661 -6.817747362219961e-07
0.6552797555923462 0.47826555371284485 -0.027203891426324844
0.6286152005195618 0.3769914209842682 -0.032831065356731415
0.5497162342071533 0.33990541100502014 -0.039217911660671234
0.4882526397705078 0.37155580520629883 -0.04079240560531616
0.5374411940574646 0.3549953103065491 -0.0032131324987858534
0.49233177304267883 0.30624935030937195 -0.03454132378101349
0.5254733562469482 0.3471871316432953 -0.05048125982284546
0.5560270547866821 0.3792863190174103 -0.05306151509284973
0.49698612093925476 0.3933269679546356 -0.003981687128543854
0.4476228952407837 0.34929656982421875 -0.046300824731588364
0.49993249773979187 0.39407482743263245 -0.0641801729798317
0.5388278961181641 0.42696160078048706 -0.06375100463628769
0.46315592527389526 0.43418213725090027 -0.010651731863617897
0.4163772463798523 0.3965086042881012 -0.05319647118449211
0.4771168828010559 0.4304549992084503 -0.06128839775919914
0.5242275595664978 0.46167194843292236 -0.05230840668082237
0.4325055480003357 0.47774237394332886 -0.018998371437191963
0.3701411783695221 0.4312992990016937 -0.03637739270925522
0.3317244052886963 0.39860180020332336 -0.04089713469147682
0.29552462697029114 0.3666355013847351 -0.04003310576081276
