0.8961483668661658 1.0 -6.33439981356787e-07
1.0 0.6571650746705519 -0.03237750381231308
0.9403558108611114 0.2546255987732929 -0.040572185069322586
0.7062154406939043 0.10794847655473547 -0.04696909338235855
0.5263155800331084 0.25694314902874765 -0.04738546162843704
0.6715297130445004 0.17321340028963916 -0.010695534758269787
0.5385988267590044 0.0 -0.040675558149814606
0.6523690419633849 0.15406139214654083 -0.05550575256347656
0.7379047020247039 0.26878668271404577 -0.05849254131317139
0.5588697423326705 0.3183925244260186 -0.009503612294793129
0.4153482194457777 0.1442057967152384 -0.0491199754178524
0.5820841679808795 0.30628709227170164 -0.06609485298395157
0.684724541821352 0.42695610197221123 -0.06624045968055725
0.4679437182262536 0.4843503104993109 -0.014047675766050816
0.3438407602680015 0.33115084609150935 -0.0546223409473896
0.5298334969977176 0.4419181714725072 -0.06171540170907974
0.657629464241985 0.5584535976636646 -0.05332599952816963
0.38654216541449127 0.6654331154122552 -0.020464496687054634
0.20558624092703426 0.4791276312714199 -0.03845864161849022
0.10404646925721674 0.3384781055937931 -0.043300289660692215
0.0 0.21013059974530976 -0.04344309866428375
