0.8922415201042878 1.0 -5.852284061802493e-07
1.0 0.6801373794937375 -0.024945292621850967
0.929138610248557 0.27894349830710624 -0.02890351228415966
0.7012172914814749 0.13260254475044433 -0.034020353108644485
0.5250839181592486 0.25001303639600964 -0.03399904817342758
0.681481130837917 0.18273248373551668 0.004050164017826319
0.5602899811927602 0.0 -0.024240776896476746
0.6425291658944583 0.17268630388195158 -0.03889347240328789
0.7207504799627873 0.2929258657487819 -0.04164174199104309
0.5618286918444143 0.3210376190188498 0.002318567130714655
0.43312023585295384 0.1366008705785656 -0.03615158796310425
0.5615942782112529 0.3238479673674313 -0.05254427716135979
0.659005544703396 0.4536548656079658 -0.05161665752530098
0.4650373463538287 0.47137356751830894 -0.005420809146016836
0.33326893654290196 0.2976451559623881 -0.044250987470149994
0.4893616909782018 0.4632278300292865 -0.049798570573329926
0.6120723370427864 0.6036372808306172 -0.03992203623056412
0.38377616607245196 0.6313215321980604 -0.015036256052553654
0.21488044468021666 0.45619231107620445 -0.030820462852716446
0.10423354165636813 0.3382435943055184 -0.03423420712351799
0.0 0.22012936699166152 -0.03282321244478226
