0.9136493802070618 0.7415506839752197 -5.618113618766074e-07
0.9534435272216797 0.6647090911865234 -0.025992365553975105
0.9282351136207581 0.5635131597518921 -0.029074652120471
0.8512483835220337 0.5204286575317383 -0.03178773820400238
0.7906980514526367 0.5559118390083313 -0.028903938829898834
0.8503495454788208 0.5405544638633728 -0.0032508186995983124
0.8084936738014221 0.49049603939056396 -0.027838246896862984
0.8328111171722412 0.5339779257774353 -0.03853290528059006
0.8545762896537781 0.5633664727210999 -0.04002950340509415
0.809490442276001 0.5722425580024719 -0.0029621170833706856
0.7650591135025024 0.5255593657493591 -0.03536318615078926
0.8060546517372131 0.5722962617874146 -0.046215031296014786
0.831964373588562 0.5962293744087219 -0.04391996189951897
0.7757313251495361 0.6089522838592529 -0.008352309465408325
0.7287522554397583 0.5662676095962524 -0.04224438965320587
0.7826741933822632 0.6098547577857971 -0.044233307242393494
0.8222847580909729 0.6463474035263062 -0.034218352288007736
0.7455238699913025 0.6485654711723328 -0.015787068754434586
0.6826225519180298 0.6044298410415649 -0.03156120702624321
0.643951416015625 0.5738442540168762 -0.03572172671556473
0.6075534820556641 0.5440483689308167 -0.03578992187976837
