0.6403613686561584 0.41551724076271057 -6.733873192388273e-07
0.7061505913734436 0.3171173930168152 -0.03790457174181938
0.70298171043396 0.19458001852035522 -0.04849907010793686
0.6111511588096619 0.1346762329339981 -0.05804191529750824
0.5303993821144104 0.15586288273334503 -0.061290644109249115
0.591648280620575 0.14958834648132324 -0.007228171918541193
0.5532682538032532 0.08880071341991425 -0.04334668070077896
0.5891191959381104 0.1455681025981903 -0.06211360916495323
0.6193946599960327 0.19185511767864227 -0.06654749065637589
0.5348688960075378 0.1837460845708847 -0.006097722798585892
0.489568829536438 0.12059269845485687 -0.05614310875535011
0.5483222603797913 0.18882371485233307 -0.07952561229467392
0.5871719717979431 0.2420067936182022 -0.0807180181145668
0.4860824942588806 0.22527816891670227 -0.012367448769509792
0.4434811472892761 0.1684493124485016 -0.06434573233127594
0.5107595920562744 0.22171969711780548 -0.07632053643465042
0.5582317113876343 0.27265551686286926 -0.06743644177913666
0.44073590636253357 0.2749447226524353 -0.020760368555784225
0.36183497309684753 0.20997269451618195 -0.046814434230327606
0.3158394694328308 0.16237372159957886 -0.05768618732690811
0.27147945761680603 0.11785764992237091 -0.06038710102438927
