0.5934630632400513 0.5701962113380432 -5.93527659020765e-07
0.6592563986778259 0.4282190799713135 -0.05260622128844261
0.6264567971229553 0.2779293358325958 -0.06200694292783737
0.4871198236942291 0.21696794033050537 -0.07253722101449966
0.3818526268005371 0.2691340446472168 -0.0735805332660675
0.4896479845046997 0.24182556569576263 0.03337034955620766
0.4157555401325226 0.16269327700138092 -0.018190322443842888
0.46263620257377625 0.2298983335494995 -0.04984818771481514
0.5093425512313843 0.28609320521354675 -0.05566010624170303
0.418011337518692 0.2917662560939789 0.03984836861491203
0.33538302779197693 0.2273964136838913 -0.03266366571187973
0.4154913127422333 0.298056423664093 -0.0720536857843399
0.4741331934928894 0.34856170415878296 -0.07261937111616135
0.3572421073913574 0.35207071900367737 0.03212675452232361
0.2838156819343567 0.2925623059272766 -0.04448940232396126
0.38024917244911194 0.3513411283493042 -0.06617872416973114
0.4544229507446289 0.40961599349975586 -0.049149516969919205
0.29767102003097534 0.4238646924495697 0.02138735167682171
0.19084076583385468 0.3427566885948181 -0.011732694692909718
0.1247711181640625 0.28348302841186523 -0.02597622200846672
0.06513908505439758 0.22822539508342743 -0.024337543174624443
