0.8679406149259145 1.0 -8.302600349452405e-07
1.0 0.6991812871294585 -0.03437769412994385
0.9837280746242636 0.32725922933445156 -0.04504584148526192
0.7710899497385352 0.15984866675925846 -0.05494706332683563
0.5886793459830149 0.2544512930805622 -0.060018714517354965
0.7336458769169939 0.19543622886669462 -0.012066839262843132
0.6273995094539927 0.0 -0.04920998215675354
0.7129458575293064 0.17319923347725097 -0.0685901865363121
0.7858612581979162 0.32437804865377606 -0.07255413383245468
0.611014188403728 0.3162490678463 -0.012260828167200089
0.4871444909344688 0.11741071032804852 -0.060663945972919464
0.6284854747714798 0.3208683940532431 -0.08236745744943619
0.7251652678250816 0.48550206086635983 -0.08278705924749374
0.5059063078502862 0.4586148541569694 -0.01881798356771469
0.4003357842701796 0.29485445438159186 -0.06918549537658691
0.5592890558380262 0.4524305869000793 -0.08061637729406357
0.6720519230441175 0.599865630693549 -0.07175275683403015
0.4067602650514177 0.6183095719733233 -0.026880936697125435
0.22297390703239345 0.44302397285312956 -0.05004686489701271
0.11083365427895604 0.321510690014414 -0.05711984634399414
0.0 0.2062341981895795 -0.057429131120443344
