0.9206709936617321 1.0 -8.371288231501239e-07
1.0 0.6973919473884092 -0.04901096224784851
0.9715310795669234 0.3082824413375887 -0.0697421208024025
0.7720551843500882 0.12426099475472377 -0.08704491704702377
0.6016075559463654 0.2374177452467387 -0.09583158046007156
0.7089172273729821 0.19734418085706132 -0.02772223949432373
0.6060622417870859 0.0 -0.06769799441099167
0.7068154169499131 0.17319495585428968 -0.08182528614997864
0.7862250283653892 0.3237867104467566 -0.07999589294195175
0.5980855104907838 0.3249049976765416 -0.021817313507199287
0.48662850963260407 0.13817756726431837 -0.06403251737356186
0.6460628417002835 0.3329981813335472 -0.0745762512087822
0.7265762141156272 0.42507318304370695 -0.06884821504354477
0.5133131507910232 0.46960495702584737 -0.024201860651373863
0.41738478412671964 0.31594454679193684 -0.0686904639005661
0.5894018330255254 0.47060608848327307 -0.06761883944272995
0.6976297416349604 0.6065252620082701 -0.05256994813680649
0.4345006776442413 0.6470163412645432 -0.03035048581659794
0.23100483544572592 0.5052429173831646 -0.051414526998996735
0.11480059195840144 0.40601217476496115 -0.0540592186152935
0.0 0.30153281423104533 -0.05117473751306534
