0.8626544835519524 1.0 -7.440814897563541e-07
0.9928836438103344 0.6775607135198156 -0.022719377651810646
1.0 0.34477295361276156 -0.03368162736296654
0.8479730156790535 0.1321555622577035 -0.045549873262643814
0.661770561639622 0.1846353612783561 -0.05438347905874252
0.7243644035063325 0.21948424440794573 -0.01700623147189617
0.629576217503852 0.0 -0.04638686403632164
0.7282676633392746 0.1617801442888585 -0.061913423240184784
0.8037235469521847 0.29707479850185353 -0.06633216887712479
0.6118263224943783 0.32649428160193267 -0.020947977900505066
0.5190534981157887 0.1047196190881526 -0.05989323928952217
0.6673394487681346 0.303996887425664 -0.0766146257519722
0.758962468871538 0.4509552229642143 -0.0796031504869461
0.5049361348598043 0.4510462191101369 -0.029014164581894875
0.4312261137774257 0.2539639714679219 -0.07154438644647598
0.6025539735578375 0.41074130830011385 -0.08186256885528564
0.714606078354535 0.5562775952414407 -0.0778985321521759
0.39794745276830873 0.5841117428270665 -0.03761417046189308
0.21810324606829792 0.3915029405399053 -0.058502648025751114
0.11013444756723959 0.2714434838562164 -0.06558522582054138
0.0 0.15276085277582807 -0.06885098665952682
