0.5055700540542603 0.41631022095680237 -2.0600127754732966e-06
0.37990617752075195 0.4328771233558655 -0.13324223458766937
0.2346264272928238 0.4600169062614441 -0.2323417365550995
0.21640881896018982 0.5664510130882263 -0.31314006447792053
0.2416604906320572 0.6668814420700073 -0.3827800154685974
0.18170306086540222 0.2097369134426117 -0.21612097322940826
0.2264682799577713 0.4041594862937927 -0.3426585793495178
0.2581988573074341 0.5647947788238525 -0.41873446106910706
0.27586689591407776 0.649164617061615 -0.4571964740753174
0.3684336245059967 0.1716606169939041 -0.20435792207717896
0.420116662979126 0.4115382134914398 -0.2997412085533142
0.40159544348716736 0.4998628497123718 -0.3141421377658844
0.3650694191455841 0.5010181069374084 -0.31657448410987854
0.5494048595428467 0.18334782123565674 -0.20358872413635254
0.5924651622772217 0.4218480885028839 -0.2659941017627716
0.5349037051200867 0.47682666778564453 -0.22814390063285828
0.47679001092910767 0.4445202350616455 -0.19634611904621124
0.6981563568115234 0.21583819389343262 -0.22078852355480194
0.7191750407218933 0.38737809658050537 -0.261308491230011
0.6684561967849731 0.4430868625640869 -0.22954437136650085
0.6210126876831055 0.43134433031082153 -0.19404463469982147
