0.541991114616394 0.374493807554245 -1.4972714552641264e-06
0.34661975502967834 0.43163183331489563 -0.07232867926359177
0.20881780982017517 0.46948254108428955 -0.14138036966323853
0.14740395545959473 0.5489353537559509 -0.20504547655582428
0.1346852034330368 0.6337136030197144 -0.27072596549987793
0.18022623658180237 0.21102510392665863 -0.1653163880109787
0.15913136303424835 0.4778345227241516 -0.28743797540664673
0.1901414692401886 0.717056930065155 -0.36662110686302185
0.21754410862922668 0.8759878873825073 -0.407095342874527
0.3127782940864563 0.17279931902885437 -0.18158133327960968
0.31475991010665894 0.4512481391429901 -0.2785593867301941
0.3141912519931793 0.6323707103729248 -0.3040466010570526
0.29587486386299133 0.7095144391059875 -0.3164786696434021
0.45060035586357117 0.18730495870113373 -0.2051028311252594
0.44183242321014404 0.4569404125213623 -0.2858200669288635
0.4290829598903656 0.5652012825012207 -0.2628164291381836
0.4119691252708435 0.5681543350219727 -0.23828881978988647
0.5761369466781616 0.228323295712471 -0.23661580681800842
0.5601394176483154 0.4465975761413574 -0.2909984886646271
0.5317318439483643 0.5132548213005066 -0.26552245020866394
0.5034250617027283 0.490399569272995 -0.2367003858089447
