0.5327799320220947 0.41332679986953735 -1.2795383099728497e-06
0.3652271032333374 0.47073060274124146 -0.045274246484041214
0.2560492753982544 0.5111796855926514 -0.10387048870325089
0.1921132653951645 0.5730899572372437 -0.1630757600069046
0.1673104465007782 0.6278820037841797 -0.22159744799137115
0.19733865559101105 0.20999041199684143 -0.10479748994112015
0.11234542727470398 0.3865753710269928 -0.18914636969566345
0.11206340789794922 0.5406070947647095 -0.24164921045303345
0.13017919659614563 0.6404074430465698 -0.2699033319950104
0.2898447513580322 0.18653208017349243 -0.1259128898382187
0.2340957224369049 0.4174671173095703 -0.19094689190387726
0.26915442943573 0.5316783785820007 -0.20219533145427704
0.29521751403808594 0.549540102481842 -0.20686626434326172
0.39192235469818115 0.21513207256793976 -0.15281081199645996
0.34061986207962036 0.46067312359809875 -0.202544704079628
0.36499786376953125 0.5411120653152466 -0.17787516117095947
0.3779776692390442 0.5246644616127014 -0.1590944081544876
0.48409217596054077 0.2761386036872864 -0.18620339035987854
0.4315662682056427 0.4649401605129242 -0.21389758586883545
0.4321747422218323 0.5268114805221558 -0.1862356960773468
0.4333302974700928 0.5117260217666626 -0.16127923130989075
