0.5503250956535339 0.3701147139072418 -1.1773794312830432e-06
0.37293851375579834 0.429238498210907 -0.028509456664323807
0.24120202660560608 0.4898551106452942 -0.08661995828151703
0.18284474313259125 0.6276168823242188 -0.146402969956398
0.16497871279716492 0.7636586427688599 -0.21005544066429138
0.16926684975624084 0.21220621466636658 -0.11776353418827057
0.10272196680307388 0.4444403350353241 -0.202972874045372
0.11431954056024551 0.6206986904144287 -0.26278483867645264
0.14093104004859924 0.7342786192893982 -0.2992291748523712
0.2656274139881134 0.18870621919631958 -0.14682723581790924
0.21839112043380737 0.4469919502735138 -0.20865803956985474
0.26423782110214233 0.5276769399642944 -0.2228582352399826
0.2932372987270355 0.5171502828598022 -0.23732532560825348
0.37555450201034546 0.2097356915473938 -0.1776660531759262
0.32684093713760376 0.4761422872543335 -0.2206989824771881
0.366546630859375 0.530819833278656 -0.19477851688861847
0.383181631565094 0.4887019395828247 -0.18202869594097137
0.48034679889678955 0.25778523087501526 -0.21270687878131866
0.42431092262268066 0.46781066060066223 -0.23590858280658722
0.4377255439758301 0.5092299580574036 -0.2049209177494049
0.4494737386703491 0.4679300785064697 -0.18370279669761658
