0.5523926615715027 0.4160299301147461 -1.250207446901186e-06
0.37713032960891724 0.48196277022361755 -0.024337362498044968
0.2565067410469055 0.5150901079177856 -0.07535552233457565
0.1833324283361435 0.5813028216362 -0.12893345952033997
0.1370989978313446 0.6562416553497314 -0.18242594599723816
0.17127834260463715 0.20674481987953186 -0.09610484540462494
0.0828092098236084 0.40826451778411865 -0.17747192084789276
0.07947634160518646 0.566336989402771 -0.23337118327617645
0.09756387025117874 0.6768940091133118 -0.26701822876930237
0.2569604218006134 0.18459925055503845 -0.12771189212799072
0.18208807706832886 0.4337086081504822 -0.18871165812015533
0.24654267728328705 0.48724687099456787 -0.20115795731544495
0.29519784450531006 0.45961281657218933 -0.2120102196931839
0.35834795236587524 0.21055419743061066 -0.16249968111515045
0.29105687141418457 0.45654627680778503 -0.2081880420446396
0.3462165594100952 0.4934566617012024 -0.18069304525852203
0.3760027289390564 0.4481072723865509 -0.16464273631572723
0.4628955125808716 0.26636722683906555 -0.2018343061208725
0.3901897668838501 0.45006245374679565 -0.22987692058086395
0.41197967529296875 0.4886552095413208 -0.20076137781143188
0.42921531200408936 0.46010199189186096 -0.17784811556339264
