0.6068277359008789 0.48813891410827637 -1.0149346962862182e-06
0.4573726952075958 0.4511989951133728 -0.012899409979581833
0.30422088503837585 0.4509523808956146 -0.055373068898916245
0.19501207768917084 0.5051210522651672 -0.09909173846244812
0.08711293339729309 0.5570723414421082 -0.1465696394443512
0.3022827208042145 0.20432065427303314 -0.09783325344324112
0.17691092193126678 0.37050196528434753 -0.1599479615688324
0.12481558322906494 0.5102699995040894 -0.19542378187179565
0.09938770532608032 0.606294572353363 -0.2195495069026947
0.3778194785118103 0.22660920023918152 -0.12543490529060364
0.25439760088920593 0.4669397175312042 -0.1752108931541443
0.2986812889575958 0.5236444473266602 -0.1758652776479721
0.339059442281723 0.49432939291000366 -0.1824108511209488
0.45736613869667053 0.2978678047657013 -0.1526632308959961
0.33089855313301086 0.5345598459243774 -0.19732773303985596
0.37809717655181885 0.5582309365272522 -0.16720102727413177
0.41876330971717834 0.5061275959014893 -0.15110644698143005
0.5287883281707764 0.3908688426017761 -0.18011431396007538
0.4215931296348572 0.5785331726074219 -0.22245876491069794
0.4495742917060852 0.5882844924926758 -0.20472592115402222
0.4861595928668976 0.5304830074310303 -0.19069521129131317
