0.5755673050880432 0.35229942202568054 -1.2264229098946089e-06
0.4068189263343811 0.40697142481803894 -0.013173307292163372
0.27658551931381226 0.4731314182281494 -0.06293123960494995
0.21152667701244354 0.604642927646637 -0.11384083330631256
0.1656581461429596 0.7316292524337769 -0.16785551607608795
0.2061183750629425 0.21024057269096375 -0.11538874357938766
0.10899553447961807 0.41892462968826294 -0.1921604573726654
0.11415133625268936 0.5787750482559204 -0.24331000447273254
0.13466055691242218 0.6833632588386536 -0.2767578065395355
0.2928313612937927 0.18563565611839294 -0.1468033343553543
0.21363648772239685 0.45372214913368225 -0.20139679312705994
0.27332282066345215 0.5060802698135376 -0.20721305906772614
0.31395989656448364 0.47503340244293213 -0.21900102496147156
0.3912082314491272 0.2102811336517334 -0.17766651511192322
0.32250067591667175 0.4814501702785492 -0.21453627943992615
0.3743164539337158 0.5017183423042297 -0.18221813440322876
0.39756661653518677 0.4420069456100464 -0.16960713267326355
0.4871695637702942 0.26144567131996155 -0.21025308966636658
0.42134153842926025 0.485944926738739 -0.2351512908935547
0.4481993019580841 0.5036332011222839 -0.20512628555297852
0.4658109247684479 0.4468708634376526 -0.18687236309051514
