0.6333638429641724 0.42257773876190186 -1.2303834182603168e-06
0.478044331073761 0.4103670120239258 -0.0867893397808075
0.3354966640472412 0.40711072087287903 -0.1613122820854187
0.2678425908088684 0.4934113621711731 -0.2308863401412964
0.24147148430347443 0.5837550759315491 -0.29712724685668945
0.3097873330116272 0.17412230372428894 -0.14859981834888458
0.26001399755477905 0.3508240878582001 -0.27822262048721313
0.24487896263599396 0.4881434440612793 -0.3769807815551758
0.21805474162101746 0.5758900046348572 -0.42609721422195435
0.4747810959815979 0.16191573441028595 -0.15504144132137299
0.4554348886013031 0.3876004219055176 -0.21289098262786865
0.44769781827926636 0.39899465441703796 -0.21922941505908966
0.4351472854614258 0.3744344413280487 -0.21823464334011078
0.6401302218437195 0.19991649687290192 -0.17327360808849335
0.6050851345062256 0.41704946756362915 -0.19275492429733276
0.5851290822029114 0.41350603103637695 -0.12221939116716385
0.5726873874664307 0.3685217499732971 -0.06647215038537979
0.7821545600891113 0.2577093839645386 -0.2100255936384201
0.7517833709716797 0.41396865248680115 -0.2227395921945572
0.7261096239089966 0.41725945472717285 -0.16197583079338074
0.7271410226821899 0.3815152645111084 -0.09814711660146713
