0.44626104831695557 0.4539221227169037 -1.3280674693305627e-06
0.3167751133441925 0.497050940990448 -0.05543365329504013
0.2171446979045868 0.5301986932754517 -0.11055607348680496
0.17172649502754211 0.5947962999343872 -0.1636705994606018
0.1622939109802246 0.6686927080154419 -0.21272781491279602
0.13118940591812134 0.2375839501619339 -0.08356200158596039
0.12143494933843613 0.3665059804916382 -0.16759996116161346
0.1485079526901245 0.5062612891197205 -0.2288970947265625
0.17200422286987305 0.5866231918334961 -0.26449844241142273
0.22034475207328796 0.18563850224018097 -0.09822720289230347
0.23158523440361023 0.3868643045425415 -0.16009202599525452
0.2559390068054199 0.49644994735717773 -0.18230310082435608
0.263388067483902 0.5141966342926025 -0.1957784742116928
0.3259011507034302 0.18863828480243683 -0.12153040617704391
0.33389198780059814 0.40485021471977234 -0.16898925602436066
0.3486047387123108 0.4839705228805542 -0.15678539872169495
0.34380775690078735 0.4754093289375305 -0.14627720415592194
0.42675215005874634 0.21923336386680603 -0.15261122584342957
0.42177215218544006 0.3871835172176361 -0.1756410151720047
0.4240337908267975 0.4382212162017822 -0.15554732084274292
0.4175107479095459 0.41819149255752563 -0.13727866113185883
