0.5463783144950867 0.38363760709762573 -1.2360447954051779e-06
0.4334598779678345 0.46941471099853516 0.008656882680952549
0.3132334351539612 0.478546142578125 -0.004713546950370073
0.22289173305034637 0.5016236305236816 -0.026988085359334946
0.13817542791366577 0.5283801555633545 -0.05122114345431328
0.2443023920059204 0.19270777702331543 0.0054145194590091705
0.1305316537618637 0.33807286620140076 -0.05218984931707382
0.09013277292251587 0.46030229330062866 -0.10304862260818481
0.08115319907665253 0.56174236536026 -0.13183525204658508
0.25527477264404297 0.17603719234466553 -0.02628462016582489
0.1126701682806015 0.3365703821182251 -0.06715238839387894
0.08322364091873169 0.46162497997283936 -0.09459765255451202
0.07159377634525299 0.5386607646942139 -0.11226708441972733
0.27588513493537903 0.19015191495418549 -0.060825373977422714
0.16924305260181427 0.385658860206604 -0.0997324287891388
0.24102087318897247 0.4383728504180908 -0.09211481362581253
0.30067288875579834 0.4243292808532715 -0.08195651322603226
0.3020041882991791 0.23577775061130524 -0.09681062400341034
0.22589167952537537 0.38756781816482544 -0.12626509368419647
0.2808576822280884 0.4272807836532593 -0.11094042658805847
0.33281615376472473 0.40961402654647827 -0.09328334778547287
