0.5642678737640381 0.4191244840621948 -8.028960678529984e-07
0.4279363751411438 0.4306412935256958 -0.024683892726898193
0.3039056062698364 0.4370579123497009 -0.06584631651639938
0.218290776014328 0.49741512537002563 -0.10503719002008438
0.14196158945560455 0.564252495765686 -0.14712588489055634
0.284536212682724 0.20599350333213806 -0.0923384577035904
0.1613168865442276 0.3823695480823517 -0.15940038859844208
0.09885163605213165 0.5188984870910645 -0.2050081491470337
0.05656185746192932 0.6204797625541687 -0.23501814901828766
0.35553622245788574 0.20557714998722076 -0.11221202462911606
0.22487589716911316 0.4361315369606018 -0.1659436672925949
0.26658934354782104 0.5060155391693115 -0.17238834500312805
0.3075498044490814 0.49836796522140503 -0.17789310216903687
0.43243247270584106 0.25438743829727173 -0.13358791172504425
0.31311216950416565 0.49778711795806885 -0.1774788647890091
0.3570181727409363 0.5374759435653687 -0.15089748799800873
0.39229634404182434 0.4949358105659485 -0.1342601329088211
0.5069503784179688 0.32464975118637085 -0.15720510482788086
0.40301334857940674 0.5195204615592957 -0.1945255845785141
0.4212082624435425 0.5425804853439331 -0.17500758171081543
0.44578975439071655 0.49669957160949707 -0.15805719792842865
