0.6107885837554932 0.33952605724334717 -1.3002257901462144e-06
0.4200921058654785 0.4364088475704193 -0.01423799991607666
0.27660059928894043 0.485347181558609 -0.06063215434551239
0.19761614501476288 0.5856422185897827 -0.11131080240011215
0.1456267237663269 0.6874443292617798 -0.16523921489715576
0.18877044320106506 0.21843336522579193 -0.0968092754483223
0.08148002624511719 0.42756760120391846 -0.18477575480937958
0.08407184481620789 0.6036807894706726 -0.2518344223499298
0.10955317318439484 0.7334038615226746 -0.2911142110824585
0.2739059031009674 0.18480868637561798 -0.12727482616901398
0.20770612359046936 0.44071996212005615 -0.18793387711048126
0.2707462012767792 0.5157580375671387 -0.2026493102312088
0.32475462555885315 0.5146126747131348 -0.21337808668613434
0.37602224946022034 0.20361070334911346 -0.1589915156364441
0.3135318160057068 0.4606788158416748 -0.19394971430301666
0.37162941694259644 0.49181053042411804 -0.16320297122001648
0.40836334228515625 0.4424471855163574 -0.1457812637090683
0.4774923324584961 0.25051480531692505 -0.19453707337379456
0.40931588411331177 0.4494221806526184 -0.21148358285427094
0.43376266956329346 0.4800351560115814 -0.17502856254577637
0.4564927816390991 0.43757593631744385 -0.14690665900707245
