0.6067759990692139 0.37603315711021423 -1.109957793232752e-06
0.4392041563987732 0.455980122089386 -0.008078299462795258
0.31078848242759705 0.4793355464935303 -0.037963613867759705
0.23178832232952118 0.5362417697906494 -0.07481757551431656
0.1733601689338684 0.6127306818962097 -0.11066541075706482
0.20671507716178894 0.20889121294021606 -0.027978455647826195
0.11078980565071106 0.3822137117385864 -0.0889098197221756
0.10870933532714844 0.5111281871795654 -0.1351107954978943
0.12060481309890747 0.5912725329399109 -0.1632513552904129
0.2711927890777588 0.18247918784618378 -0.05735236778855324
0.19684621691703796 0.40935659408569336 -0.1035788431763649
0.2620205283164978 0.45396578311920166 -0.11700057983398438
0.30605992674827576 0.42800816893577576 -0.12680770456790924
0.35481080412864685 0.1978127360343933 -0.09126674383878708
0.2872817814350128 0.4272356927394867 -0.12633123993873596
0.3536533713340759 0.4601723551750183 -0.10733816772699356
0.3879068195819855 0.4215526580810547 -0.09597617387771606
0.4474954605102539 0.23898914456367493 -0.12892001867294312
0.3847028911113739 0.41391003131866455 -0.15043070912361145
0.4233628213405609 0.4481775462627411 -0.12922704219818115
0.4526463747024536 0.42102017998695374 -0.11131454259157181
