0.5982705950737 0.6214896440505981 -1.1595443538681138e-06
0.45562756061553955 0.6426650285720825 -0.019669944420456886
0.31807810068130493 0.656278133392334 -0.05882181227207184
0.2274639904499054 0.7129055261611938 -0.09737580269575119
0.146368607878685 0.7928968667984009 -0.13419240713119507
0.25257986783981323 0.2779673635959625 -0.07349883764982224
0.1502123475074768 0.5100167989730835 -0.1403818130493164
0.10635882616043091 0.6940708160400391 -0.18747535347938538
0.07809615135192871 0.8333661556243896 -0.21970956027507782
0.32971060276031494 0.2594003677368164 -0.09617085009813309
0.23540446162223816 0.5972983241081238 -0.14771710336208344
0.299044668674469 0.6450196504592896 -0.1562284529209137
0.343657523393631 0.6033254265785217 -0.1667509227991104
0.41693317890167236 0.3119845390319824 -0.1218952015042305
0.3315000534057617 0.6494556069374084 -0.16991525888442993
0.3895159959793091 0.6867548823356628 -0.15034997463226318
0.4215381443500519 0.6362396478652954 -0.13950330018997192
0.5071374177932739 0.3910633623600006 -0.149916872382164
0.4286043643951416 0.6715942025184631 -0.1950080841779709
0.4498404860496521 0.7460358738899231 -0.18712444603443146
0.46640169620513916 0.7458375692367554 -0.1786636859178543
