0.5809497833251953 0.3767459988594055 -1.307377146986255e-06
0.418233186006546 0.4623580276966095 -0.027614593505859375
0.3017439842224121 0.5196048617362976 -0.09804166853427887
0.2314521223306656 0.6304749250411987 -0.17186515033245087
0.1583656668663025 0.7399728894233704 -0.24739153683185577
0.20655472576618195 0.22199508547782898 -0.1494663804769516
0.09407169371843338 0.41900354623794556 -0.25612759590148926
0.1071409061551094 0.5902852416038513 -0.31681811809539795
0.1479077786207199 0.7103497982025146 -0.3481725752353668
0.30224859714508057 0.18318405747413635 -0.184292733669281
0.22351543605327606 0.42241665720939636 -0.2689283788204193
0.29696545004844666 0.5132431983947754 -0.2693575322628021
0.34466975927352905 0.4967426061630249 -0.2669351398944855
0.40820127725601196 0.19094285368919373 -0.22215425968170166
0.34204402565956116 0.4460090398788452 -0.28325679898262024
0.39999228715896606 0.5114546418190002 -0.2352238893508911
0.42993709444999695 0.46480438113212585 -0.20278577506542206
0.505476176738739 0.23133370280265808 -0.2639600336551666
0.438873291015625 0.44025832414627075 -0.2985263764858246
0.4642569124698639 0.5013635754585266 -0.2568626403808594
0.485903263092041 0.4592668116092682 -0.223857581615448
