1.0 0.41054650965014156 3.4950582517012663e-07
0.920561866978087 0.5945801877892534 -0.1579241007566452
0.756142331979762 0.7281515291375288 -0.23040080070495605
0.5925925985990951 0.8824179637331376 -0.2688755989074707
0.43773774600073706 1.0 -0.2987021803855896
0.6426721970696929 0.06176466906298849 -0.1989680379629135
0.3133780624355386 0.13605789192893913 -0.2464921772480011
0.13195560865543968 0.2730830131286962 -0.2771761417388916
0.0 0.41260015710448 -0.2953333258628845
0.602572450447391 0.0 -0.12806683778762817
0.28217802433509237 0.0709552586560573 -0.17445239424705505
0.13908344100439438 0.2605588820589727 -0.19544732570648193
0.06107218266850271 0.4260556108480501 -0.20663514733314514
0.5742484338300177 0.012467684999745505 -0.06264076381921768
0.2924483326216529 0.08961679415257695 -0.10131741315126419
0.2997164468349844 0.23407540550279468 -0.10730177164077759
0.35724428251394397 0.33956269063198385 -0.1037575751543045
0.5331861752249686 0.06878017344160683 -0.009242330677807331
0.34605935809505556 0.11413147976333429 -0.04869382083415985
0.3271939610576463 0.22396728616665743 -0.05996491014957428
0.36322153328239937 0.3152016762608744 -0.05869578942656517
