0.8070520162582397 0.34666115045547485 -3.3082457662203524e-07
0.7798711061477661 0.39843159914016724 -0.12682978808879852
0.694698691368103 0.43387359380722046 -0.17719873785972595
0.5905924439430237 0.47060805559158325 -0.19951079785823822
0.4984442889690399 0.5063997507095337 -0.21336033940315247
0.6567713618278503 0.2031038999557495 -0.1439981311559677
0.4943505525588989 0.23966971039772034 -0.18341265618801117
0.40144044160842896 0.29557546973228455 -0.20620626211166382
0.3351430892944336 0.3516295850276947 -0.22093389928340912
0.6218379735946655 0.20743505656719208 -0.08921990543603897
0.45949581265449524 0.26185840368270874 -0.13868626952171326
0.48509010672569275 0.3173251152038574 -0.15641863644123077
0.5419350266456604 0.34097856283187866 -0.1584378331899643
0.5945961475372314 0.22626706957817078 -0.04035518690943718
0.45844408869743347 0.2807953953742981 -0.08016263693571091
0.5031648278236389 0.3244389295578003 -0.08419184386730194
0.5604312419891357 0.3346622884273529 -0.07738693058490753
0.5676631927490234 0.2456798255443573 -0.0010011526755988598
0.4758395850658417 0.28719863295555115 -0.034740742295980453
0.499027818441391 0.31961020827293396 -0.04286433383822441
0.5445797443389893 0.32288408279418945 -0.04049418494105339
