1.0 0.4704048565403067 -3.8997583828859206e-07
0.8524169422480803 0.6289410157055381 -0.09858378022909164
0.647768659993436 0.7400513871668918 -0.1411365419626236
0.47171337023180937 0.8772277557269694 -0.16122229397296906
0.3387014678830873 1.0 -0.17464733123779297
0.5543457015715858 0.12611527626380717 -0.11523879319429398
0.2543960836019466 0.25174774614850504 -0.1463785469532013
0.10547955264893795 0.3862549036467507 -0.163459911942482
0.0 0.49645125292046083 -0.17117154598236084
0.5394978375517997 0.009864893726198302 -0.06725668907165527
0.23734955900194835 0.1588730696297036 -0.1055389940738678
0.2541814263250854 0.39118984682778085 -0.1129826083779335
0.332464362335934 0.5324760792645662 -0.10872937738895416
0.5326890272831354 0.0 -0.023108722642064095
0.26081467670574104 0.12741705983674081 -0.06391922384500504
0.29292082182837487 0.3301208495247288 -0.06987163424491882
0.37317275279007955 0.4469997494436447 -0.06138809025287628
0.5213454874503215 0.038435714728183336 0.015930064022541046
0.32525076797203706 0.14019728308152882 -0.01448254194110632
0.3225090951089072 0.2895815708866459 -0.020021282136440277
0.37548883165745844 0.39041099563329273 -0.01490490697324276
