1.0 0.45524290629024333 -4.752861926249352e-08
0.934572251248641 0.6151988602783359 -0.09531335532665253
0.7725546140973717 0.7600577326257769 -0.14313435554504395
0.5957984608780572 0.9200437971643824 -0.17178983986377716
0.43078166496328213 1.0 -0.19563955068588257
0.6441243607368303 0.023740800418063843 -0.12172476202249527
0.33991495097397534 0.10876528079332591 -0.1642821729183197
0.1812266113943499 0.2649606509851251 -0.19509881734848022
0.09103120709121694 0.413963083469681 -0.21358275413513184
0.5908144351506116 0.0 -0.0852561667561531
0.28255189230460437 0.11419264531140157 -0.12469077855348587
0.10892193131038103 0.3090549393123099 -0.14933092892169952
0.0 0.506763053607978 -0.16479668021202087
0.5457164860124056 0.0521343030091887 -0.05383194983005524
0.2546301350374753 0.13655607467914221 -0.08864305168390274
0.10930163210417962 0.3221925955418966 -0.10572343319654465
0.011581038868616774 0.5057425299083619 -0.11369910091161728
0.5094366185355569 0.14967880005723494 -0.02901328168809414
0.299146759955167 0.1897258322394411 -0.06322714686393738
0.1718457295104412 0.2954892653398946 -0.07998595386743546
0.08679151676635871 0.4135116740595119 -0.08664853870868683
