0.778860330581665 0.6472481489181519 -3.511708825953974e-07
0.7367230653762817 0.7034435868263245 -0.0944017544388771
0.65581214427948 0.7484424710273743 -0.14004631340503693
0.575801432132721 0.7912912368774414 -0.16350027918815613
0.5092461109161377 0.8227932453155518 -0.18098333477973938
0.6068519949913025 0.5644919276237488 -0.12564325332641602
0.4775138199329376 0.6043702960014343 -0.16076216101646423
0.4009189009666443 0.6468508839607239 -0.18122106790542603
0.3471647799015045 0.6788794994354248 -0.1926661729812622
0.5910364389419556 0.5284940600395203 -0.08257962018251419
0.462716668844223 0.5775925517082214 -0.11573398113250732
0.4771241247653961 0.6379033923149109 -0.1165103167295456
0.5164170265197754 0.6658657789230347 -0.11076752841472626
0.579348087310791 0.5247252583503723 -0.04303069785237312
0.4628610610961914 0.5701600909233093 -0.07600661367177963
0.4840700328350067 0.6228904128074646 -0.07041268050670624
0.5185225009918213 0.6453325748443604 -0.059123825281858444
0.5694761276245117 0.5360159277915955 -0.009094836190342903
0.48483705520629883 0.5681836009025574 -0.03587790206074715
0.48860061168670654 0.6075625419616699 -0.03392169997096062
0.509745717048645 0.6280646920204163 -0.025630660355091095
