1.0 0.444679547365344 -2.300546384503832e-07
0.8829753009402371 0.6149723418652593 -0.08269691467285156
0.6809288291906169 0.7498656708347938 -0.1251581907272339
0.460369132006621 0.8934789386978256 -0.1505049467086792
0.28499954709563863 1.0 -0.171780064702034
0.6145974886043185 0.055399308193873044 -0.09752213954925537
0.29342298942538253 0.15897942550447267 -0.12756888568401337
0.1175516887351833 0.2899385925600061 -0.1523689180612564
0.0 0.40641730661626235 -0.16875651478767395
0.551994144173301 0.0 -0.0635736957192421
0.19873308325038125 0.1012067085789479 -0.09655750542879105
0.14109007857770087 0.3075355571142137 -0.11614673584699631
0.15454022875962953 0.48336484850180056 -0.12552045285701752
0.5000254185940826 0.02005341199825731 -0.03236228600144386
0.1843590853434843 0.11298172286722559 -0.05922362208366394
0.21804947837861588 0.29083041584413594 -0.06534282118082047
0.28976435178678245 0.41536026376591423 -0.06440819799900055
0.45388020385423056 0.08075745790655285 -0.007080186624079943
0.22551010102130656 0.16371375594335535 -0.03327959403395653
0.23223768420884072 0.288249847377344 -0.03920311853289604
0.29345858510362344 0.3752581848386795 -0.03718895837664604
