1.0 0.41141998296621635 -2.72119024202766e-07
0.8956289146474402 0.6335930707013354 -0.08149563521146774
0.6782859834931438 0.8007272200976381 -0.12600494921207428
0.46118145095847696 0.904143440044978 -0.15138675272464752
0.284367727410437 1.0 -0.1722339689731598
0.6264428524997199 0.17482217509170966 -0.12327205389738083
0.3358547027436457 0.3084899495109745 -0.16353130340576172
0.1402045188670449 0.4437429791308317 -0.18758292496204376
0.0 0.5630900174234454 -0.20154185593128204
0.569057929252622 0.0356234309157607 -0.092284195125103
0.2140169310529982 0.15634664306429974 -0.13412262499332428
0.19028027617928628 0.3648280200174791 -0.14309513568878174
0.251656043222603 0.5017351079641289 -0.14188766479492188
0.5274900332833319 0.0 -0.06267799437046051
0.20104859760103116 0.156490817899946 -0.10196545720100403
0.21571083384286444 0.3418196088909671 -0.09874226897954941
0.28138435109041066 0.43239547324415645 -0.087893046438694
0.49706417614485 0.02471212348936502 -0.03726798668503761
0.24182769956106656 0.16206810173510797 -0.0647396370768547
0.2384177509066995 0.3136993926843796 -0.059027381241321564
0.29598291538774857 0.3942345652210217 -0.04809148609638214
