0.7506895661354065 0.7116383910179138 -7.483666308871761e-08
0.6870211958885193 0.6685212850570679 -0.06254645437002182
0.6039401292800903 0.6556086540222168 -0.07836776971817017
0.5219886302947998 0.6748296618461609 -0.08137647062540054
0.46826931834220886 0.7052080035209656 -0.07748084515333176
0.5703709125518799 0.6400971412658691 -0.029357148334383965
0.48692408204078674 0.6941027045249939 -0.0578133724629879
0.4407535195350647 0.7443026304244995 -0.08482051640748978
0.4138402044773102 0.789775550365448 -0.10004744678735733
0.5786924362182617 0.6900148987770081 -0.0007420002366416156
0.5108815431594849 0.7328010201454163 -0.03501696512103081
0.5360726118087769 0.7333470582962036 -0.05893101915717125
0.5712888240814209 0.7211228609085083 -0.06598956137895584
0.5904838442802429 0.7329418659210205 0.02127833291888237
0.530518114566803 0.7688151001930237 -0.011731100268661976
0.5537195801734924 0.7603983879089355 -0.025373321026563644
0.5836209058761597 0.742730975151062 -0.02374107763171196
0.6054379940032959 0.7692776322364807 0.038629546761512756
0.5674962401390076 0.8059437274932861 0.01088359672576189
0.571780264377594 0.8214930891990662 -0.0004959924262948334
0.5816466808319092 0.8272550106048584 -0.00018611698760651052
