1.0 0.3095810004070854 -1.9555731967102474e-07
0.8816752365176013 0.35945185659266765 -0.07283473014831543
0.6893266788875259 0.5167792570949934 -0.09768372774124146
0.5335149794185269 0.7688835720481816 -0.10620012879371643
0.4218099071235977 1.0 -0.10828382521867752
0.4909987307470931 0.0 -0.06132182106375694
0.2289265539127496 0.3032828987891873 -0.08901117742061615
0.08602743699927193 0.5658916616910091 -0.11234816163778305
0.0 0.7886161014005018 -0.12504319846630096
0.4950616522133551 0.12326071461302679 -0.027415821328759193
0.2815282031967867 0.4292269670187737 -0.0590689554810524
0.3602472401108034 0.5189200331392497 -0.07688432931900024
0.45565665130725247 0.4894600805097428 -0.0808219388127327
0.5095734792459949 0.2627202013931029 0.001108675030991435
0.32341656355538345 0.5202776949770166 -0.029448557645082474
0.409778425112128 0.5786970404555216 -0.04011918604373932
0.4919787755663673 0.5262755825173102 -0.03710752725601196
0.5229905357495597 0.38696163562475433 0.02474745362997055
0.3870544005555065 0.5699000981328572 0.0013926352839916945
0.4391934232910568 0.6093779448610871 -0.004553035367280245
0.510802657948222 0.5606208646348121 -0.0007607511943206191
