0.8240089416503906 0.38003191351890564 -3.5038465284742415e-07
0.772864580154419 0.4601961374282837 -0.14423567056655884
0.6699697375297546 0.5384230613708496 -0.19905905425548553
0.5888915061950684 0.6313603520393372 -0.22053244709968567
0.5207301378250122 0.7064887285232544 -0.23294378817081451
0.5507932305335999 0.3004474937915802 -0.15618273615837097
0.39566582441329956 0.39678770303726196 -0.18675130605697632
0.3179585933685303 0.4744223952293396 -0.20350587368011475
0.2576845586299896 0.5368366837501526 -0.21321631968021393
0.5283329486846924 0.27447301149368286 -0.08506263792514801
0.3858731687068939 0.3704126179218292 -0.13312290608882904
0.43718421459198 0.4323737323284149 -0.14511866867542267
0.5026214718818665 0.45142465829849243 -0.13975217938423157
0.5189806818962097 0.2837943434715271 -0.019337140023708344
0.39257168769836426 0.3770279288291931 -0.06677557528018951
0.448782742023468 0.4196150302886963 -0.07477805018424988
0.505186140537262 0.424953430891037 -0.06442676484584808
0.505914032459259 0.30658236145973206 0.0376330204308033
0.4095602333545685 0.3646624684333801 -0.0032005351968109608
0.4341779351234436 0.39628592133522034 -0.014072719030082226
0.4744223356246948 0.39870864152908325 -0.009300203062593937
