0.8321270942687988 0.29857784509658813 2.579007514214027e-07
0.8027724027633667 0.44206538796424866 -0.2028149664402008
0.6882741451263428 0.5704001188278198 -0.29255998134613037
0.5721011161804199 0.6799558401107788 -0.329306423664093
0.47096675634384155 0.7738256454467773 -0.35575008392333984
0.5625040531158447 0.2534393072128296 -0.3231993019580841
0.31763818860054016 0.32383131980895996 -0.398892343044281
0.18420559167861938 0.40051934123039246 -0.43348321318626404
0.0823969841003418 0.4775317907333374 -0.45075181126594543
0.5212805271148682 0.1834789216518402 -0.22374506294727325
0.29432734847068787 0.29069268703460693 -0.2875707149505615
0.30153244733810425 0.3896072804927826 -0.28128117322921753
0.3400568962097168 0.4384077191352844 -0.26849818229675293
0.5008760690689087 0.17055784165859222 -0.1282513588666916
0.2903171479701996 0.2849085032939911 -0.19255688786506653
0.34833014011383057 0.36279523372650146 -0.18178433179855347
0.4193101227283478 0.38611215353012085 -0.15844157338142395
0.4773661494255066 0.18630829453468323 -0.043603766709566116
0.3322070837020874 0.2740989327430725 -0.09338279813528061
0.35072553157806396 0.3390880227088928 -0.09299308806657791
0.40008750557899475 0.3586687445640564 -0.0808286964893341
