0.7316015362739563 0.464540034532547 5.853406150890805e-07
0.7171661853790283 0.5663255453109741 -0.10260184854269028
0.6422498822212219 0.6572421789169312 -0.15763545036315918
0.5535295605659485 0.7216517329216003 -0.1884077936410904
0.4755033850669861 0.7650247812271118 -0.2150755226612091
0.5663230419158936 0.4756523072719574 -0.1816161870956421
0.45678815245628357 0.4590216279029846 -0.24824824929237366
0.37555599212646484 0.46854516863822937 -0.2852384150028229
0.3118756413459778 0.48781371116638184 -0.30415743589401245
0.5288310050964355 0.4285407066345215 -0.14610572159290314
0.37812376022338867 0.4622536897659302 -0.20543870329856873
0.294782817363739 0.5280292630195618 -0.2253318727016449
0.24310711026191711 0.5951425433158875 -0.23497147858142853
0.5048819780349731 0.41190123558044434 -0.11196699738502502
0.37102067470550537 0.4574359357357025 -0.16278499364852905
0.302131712436676 0.5176990032196045 -0.1706276386976242
0.2614831328392029 0.5754948258399963 -0.16634197533130646
0.4923989772796631 0.4196731448173523 -0.08342872560024261
0.3818782567977905 0.45804768800735474 -0.11665042489767075
0.32438594102859497 0.4993900656700134 -0.120358906686306
0.28868556022644043 0.5392943620681763 -0.1172746941447258
