1.0 0.2017090807765367 6.549297495439532e-07
0.9308342837497305 0.5047731589874983 -0.07631940394639969
0.7512147327539314 0.7377280558377877 -0.11638833582401276
0.5613952985981087 0.8810648665731053 -0.13795244693756104
0.416850717083929 1.0 -0.15564782917499542
0.6443541132662123 0.25475871700857344 -0.14594171941280365
0.36342259558226725 0.1863275236933407 -0.19533881545066833
0.15441786952618053 0.2785470349767739 -0.21657881140708923
0.02544427243104773 0.39366438879846133 -0.22500665485858917
0.6166882887283462 0.09467685647391438 -0.12133696675300598
0.3226250080463489 0.11121903894576952 -0.16997961699962616
0.11878143356730708 0.2810298660124167 -0.18284718692302704
0.0 0.4520211974269491 -0.18740788102149963
0.5948361374340101 0.020438118668891298 -0.09710432589054108
0.32726237953954646 0.07740153118957731 -0.13950563967227936
0.15176894156122936 0.2428213170405157 -0.14925676584243774
0.05767647215969354 0.4030946612251555 -0.14734137058258057
0.579419849581447 0.0 -0.07651621848344803
0.35315238474938637 0.046196492468083224 -0.11148038506507874
0.20677703471421344 0.1491254107468712 -0.12200187891721725
0.12097143851577367 0.2642701193756987 -0.12218840420246124
