0.9334551692008972 0.3415526747703552 -9.399295208822878e-08
0.9024116396903992 0.3814810514450073 -0.11592933535575867
0.8436453342437744 0.4141779839992523 -0.17024356126785278
0.7747514843940735 0.44991815090179443 -0.19977164268493652
0.7083308696746826 0.47752296924591064 -0.22237065434455872
0.7708462476730347 0.24866648018360138 -0.12519526481628418
0.6560017466545105 0.28367146849632263 -0.1586032211780548
0.5942182540893555 0.3261432349681854 -0.17757423222064972
0.5556895732879639 0.36005908250808716 -0.18619489669799805
0.7577549815177917 0.240012064576149 -0.0668012872338295
0.6593382358551025 0.29978707432746887 -0.10308837890625
0.6830152273178101 0.34759584069252014 -0.10941290855407715
0.7187768816947937 0.3590555787086487 -0.10563313215970993
0.7465949654579163 0.25073063373565674 -0.014676361344754696
0.6617040634155273 0.30286547541618347 -0.0513826385140419
0.688672661781311 0.3384547829627991 -0.054950471967458725
0.7218334078788757 0.3449852466583252 -0.04759708046913147
0.7300645112991333 0.26341474056243896 0.030070200562477112
0.6662003993988037 0.29906854033470154 0.00033584958873689175
0.6796546578407288 0.3235238790512085 -0.006433719303458929
0.7065391540527344 0.32734018564224243 -0.0028832782991230488
