0.903756320476532 0.4026135802268982 -7.545673952336074e-08
0.8699820041656494 0.43459033966064453 -0.12208252400159836
0.8092503547668457 0.46712902188301086 -0.1779114007949829
0.744159460067749 0.5061638951301575 -0.20789197087287903
0.6798853874206543 0.5364226698875427 -0.23101554811000824
0.7327755689620972 0.30465999245643616 -0.1287565380334854
0.6192120313644409 0.3411708176136017 -0.161638081073761
0.5589261054992676 0.3839992880821228 -0.18166647851467133
0.5211690664291382 0.4201909899711609 -0.19141067564487457
0.7198805212974548 0.3016853928565979 -0.06848294287919998
0.618690013885498 0.36053550243377686 -0.10477161407470703
0.6418815851211548 0.4081701934337616 -0.11363282054662704
0.6816917657852173 0.4233604669570923 -0.11215613782405853
0.710280179977417 0.3153727650642395 -0.015127724036574364
0.6219031810760498 0.3631646931171417 -0.05126482993364334
0.6490206122398376 0.40108728408813477 -0.05716563016176224
0.6868695616722107 0.41443145275115967 -0.051804449409246445
0.6975513100624084 0.33027297258377075 0.02990458346903324
0.6331608891487122 0.3600441515445709 4.0870450902730227e-05
0.6438875198364258 0.3857768774032593 -0.009690201841294765
0.6712300181388855 0.39596331119537354 -0.00886822771281004
