1.0 0.4310944904213525 -5.104161360236503e-08
0.923425384950239 0.6042964183013595 -0.12828579545021057
0.7520387986435872 0.7392644354740722 -0.18890203535556793
0.5635068041295839 0.8878719066841274 -0.22143149375915527
0.38590875299197236 1.0 -0.2480790913105011
0.5851443152209556 0.08462615598547339 -0.15423545241355896
0.29574820429737386 0.25548265853032903 -0.18479198217391968
0.13368070660205764 0.4008967612155904 -0.2022237330675125
0.02333877527225085 0.5292421595496213 -0.21323077380657196
0.5339408397378287 0.0019965708576905944 -0.09434594959020615
0.21033928341895283 0.23993087713140096 -0.12856334447860718
0.07703521803024063 0.47000494120506003 -0.14292111992835999
0.0 0.6299954368106276 -0.15137556195259094
0.5022437892212523 0.0 -0.03854256868362427
0.2312754319042996 0.2135548865277909 -0.07278995960950851
0.2966021370049844 0.37442389059145953 -0.07707537710666656
0.39032186357740767 0.450092586842354 -0.07412606477737427
0.4624910076724886 0.03962101227200929 0.008167804218828678
0.2667719748972117 0.18867605405624333 -0.029263576492667198
0.30059254607902625 0.3147239810452134 -0.04007058963179588
0.3716223467951786 0.3689180380985811 -0.03991677612066269
