0.7100095748901367 0.7116003036499023 -1.5725456137261062e-07
0.6553134918212891 0.7688818573951721 -0.12528564035892487
0.5577347874641418 0.8076938390731812 -0.17784374952316284
0.4686157703399658 0.8530244827270508 -0.20034907758235931
0.3920817971229553 0.8774011731147766 -0.21697679162025452
0.5069011449813843 0.6072946786880493 -0.1480150818824768
0.3657706677913666 0.6453953385353088 -0.17413389682769775
0.2892005443572998 0.6895662546157837 -0.1910325139760971
0.23337334394454956 0.7290109395980835 -0.20042487978935242
0.49490898847579956 0.5771807432174683 -0.08119228482246399
0.347129762172699 0.6366515755653381 -0.11060672253370285
0.29942357540130615 0.7098958492279053 -0.12459414452314377
0.2817542850971222 0.7626439332962036 -0.13109885156154633
0.485641747713089 0.575607180595398 -0.01703779213130474
0.36427703499794006 0.6366422176361084 -0.04613853245973587
0.3932797908782959 0.6880542635917664 -0.051962267607450485
0.4367489814758301 0.7111292481422424 -0.04881145432591438
0.4704401195049286 0.5875144600868225 0.03944126516580582
0.38024795055389404 0.6332948803901672 0.009943036362528801
0.3989011347293854 0.6737629771232605 0.003799967933446169
0.43604299426078796 0.6900573372840881 0.007756740320473909
