1.0 0.5084555736957419 3.0447046128756483e-07
0.8863365088819466 0.6824177107174816 -0.12447455525398254
0.6921783727643871 0.7935885540430783 -0.1776740849018097
0.504413029415292 0.9166962430574802 -0.20234322547912598
0.33921053652290645 1.0 -0.2197081744670868
0.6240417004673361 0.06953096417751424 -0.1475893259048462
0.34440137674263854 0.08619569508838844 -0.18171153962612152
0.14839037905514887 0.14766483551256906 -0.20302212238311768
0.0 0.24485064488008118 -0.2145250141620636
0.5939842249460054 0.0 -0.08636987209320068
0.29671636779518706 0.0859225459384215 -0.12015751749277115
0.16650851445683584 0.284039573666579 -0.12980100512504578
0.10927934499445549 0.44025729384175494 -0.13007479906082153
0.5783524728396747 0.01062036298307022 -0.02981199510395527
0.3274611828621896 0.095118938607716 -0.06478354334831238
0.32352082676400323 0.2527209857631321 -0.06675714254379272
0.36778206699789995 0.3468409933738421 -0.05679962784051895
0.5536895172885449 0.06159920903701938 0.018609272316098213
0.38570524814186813 0.12910340145877341 -0.009054130874574184
0.365507197289569 0.2307495668345593 -0.01197910401970148
0.39277289726929654 0.28373169229846984 -0.004595177248120308
