0.6118643283843994 0.4041216969490051 1.0890769885918417e-07
0.5609013438224792 0.4652866721153259 -0.14735421538352966
0.46699461340904236 0.5059616565704346 -0.21844956278800964
0.3727760314941406 0.5477864742279053 -0.2558872699737549
0.284673273563385 0.5736725926399231 -0.2863997519016266
0.4333450198173523 0.2779111862182617 -0.1916792094707489
0.29429882764816284 0.2929779589176178 -0.2261320799589157
0.21597136557102203 0.3231605887413025 -0.2453787475824356
0.16084197163581848 0.35635384917259216 -0.25661277770996094
0.4160844683647156 0.24347656965255737 -0.1170162558555603
0.24984872341156006 0.2944134771823883 -0.1504780352115631
0.17454999685287476 0.3643026351928711 -0.1597994863986969
0.13220292329788208 0.41508105397224426 -0.1657898873090744
0.4029158055782318 0.23873908817768097 -0.04564152657985687
0.2626330256462097 0.28341013193130493 -0.074057437479496
0.27292752265930176 0.33931222558021545 -0.07312969118356705
0.3047493100166321 0.37255361676216125 -0.06873959302902222
0.38376283645629883 0.24847736954689026 0.01564759574830532
0.28594303131103516 0.28311434388160706 -0.01310964860022068
0.2790490984916687 0.3272364139556885 -0.01929507404565811
0.2954065501689911 0.35215234756469727 -0.017823338508605957
