1.0 0.3708855889956892 -1.7220484949120873e-07
0.9175109747764488 0.6432421048812704 -0.09890981763601303
0.7638687312345853 0.8139599241939413 -0.14863930642604828
0.5981531492063548 0.9449120812975074 -0.17556148767471313
0.43087965641814413 1.0 -0.20134171843528748
0.6537321758381704 0.19517538280754512 -0.1511145383119583
0.3819219312483499 0.24560052543057898 -0.17833253741264343
0.2042365340844849 0.32147936404140887 -0.19460520148277283
0.05955513297979242 0.40547614049206687 -0.2051045298576355
0.6019820673266135 0.04527303830143814 -0.10294058918952942
0.2856644449630251 0.23692910691180566 -0.12534648180007935
0.111963973873945 0.4634584401711056 -0.1358880251646042
0.0 0.6374310001829451 -0.14422398805618286
0.562900845739508 0.0 -0.05419255048036575
0.3115838870242155 0.21451380306042517 -0.07439669221639633
0.3313856195655663 0.3792853551268747 -0.08027859777212143
0.37422057471653253 0.46732992912483023 -0.08192798495292664
0.5261713103251241 0.009833020055600253 -0.011558176949620247
0.3319250687577227 0.1809954821199416 -0.03404539078474045
0.3242756184869571 0.31032237041926714 -0.03803279250860214
0.35306190551788136 0.38316370175487885 -0.035589609295129776
