1.0 0.30277749036119195 3.1659951105211803e-07
0.9432642148565725 0.5194311865030697 -0.14399513602256775
0.7935282655964387 0.6999653628959953 -0.22358067333698273
0.6309455090705852 0.8484374154607021 -0.2720682919025421
0.47627221819106974 1.0 -0.3149792551994324
0.5852669947524483 0.14329855401941607 -0.1993137151002884
0.28478000856753183 0.2708353459305162 -0.24811343848705292
0.11691282327238871 0.4113052303661644 -0.2780463397502899
0.01395502562508904 0.547070255129487 -0.2939379811286926
0.5572150329918869 0.029068196518407113 -0.13229772448539734
0.25326274223515144 0.20712007436761132 -0.17420993745326996
0.09640921504234186 0.40589733065455624 -0.18815740942955017
0.0 0.5685045581546188 -0.19570308923721313
0.5436835244296452 0.0 -0.06887374818325043
0.27665644689545077 0.14086937986833978 -0.10319271683692932
0.1911606852647557 0.2940351768478339 -0.10451938211917877
0.15131428078621498 0.4067793590321357 -0.10142844170331955
0.5224630743561864 0.022442195348362795 -0.014781218022108078
0.33016667441730574 0.12993866829734033 -0.04432012513279915
0.2442668338344183 0.23207578905660395 -0.0483781062066555
0.19614010178188424 0.3017758095054086 -0.04569718614220619
