1.0 0.34622726851342095 1.3293572465045145e-07
0.9324995408356465 0.5263370148605363 -0.14954344928264618
0.7807666542450458 0.6824899488986041 -0.22632983326911926
0.6119898174739214 0.8477073649397369 -0.27101612091064453
0.4635513190076618 1.0 -0.3105631172657013
0.578645420633946 0.10043621428650316 -0.19420966506004333
0.2933054766151615 0.25222215268437115 -0.23309330642223358
0.13584057890519202 0.38895394582495674 -0.25736090540885925
0.040389742931383386 0.5032493513178297 -0.2713911831378937
0.5357375928410464 0.011415902577693766 -0.12091638892889023
0.2178014960910331 0.2468753984714093 -0.15530841052532196
0.07526771988431172 0.48041336273557295 -0.1673823595046997
0.0 0.6498282619601664 -0.17585232853889465
0.5116141515254539 0.0 -0.05123439058661461
0.22703359840265258 0.17872469737926713 -0.08364246040582657
0.23382224807764365 0.3556438277217961 -0.0880408063530922
0.2910665098685262 0.468776909893336 -0.08687938749790192
0.4809513898217917 0.03250556144767989 0.008576600812375546
0.27387880456984964 0.16675641511776682 -0.024976706132292747
0.2672915658090623 0.29965250783053843 -0.03346020728349686
0.31027178365700336 0.38077133020591497 -0.0329381600022316
