1.0 0.3177718172824901 9.371857601081501e-08
0.9028453629260801 0.5582656318521616 -0.0898316502571106
0.760118294500151 0.7319257952331902 -0.14252318441867828
0.6128419774600278 0.8840998235648068 -0.1749284714460373
0.47112002171336315 1.0 -0.20727013051509857
0.6144883300589871 0.1626489755540371 -0.14637067914009094
0.3819821804567831 0.15765494171519484 -0.17703740298748016
0.2203280835470164 0.18128134784249333 -0.19693489372730255
0.09339690706628694 0.22098966885255933 -0.2100527137517929
0.5733638427038324 0.03671504186511376 -0.10552917420864105
0.2813541986263155 0.18739967160617219 -0.12911997735500336
0.1066485884711989 0.37448849091817693 -0.13844497501850128
0.0 0.5291305722415428 -0.14600948989391327
0.5412457019914139 0.0 -0.06484375149011612
0.2718906081007993 0.18419793377051186 -0.08398029208183289
0.14546732781151972 0.35450297288201277 -0.09322275221347809
0.05866437490397802 0.48509336787247714 -0.10032399743795395
0.5216923851729708 0.02150551232496711 -0.0294291153550148
0.32995188488377963 0.18960684527755398 -0.04627463221549988
0.25001323520414787 0.3155350677694716 -0.05132795497775078
0.20159100122069012 0.41093041518362516 -0.05267651006579399
