0.0 1.0 8.096417332126293e-07
0.27375435213092364 0.9271105805456396 0.010347808711230755
0.5409343915998471 0.778753882742548 0.0016543999081477523
0.7778685933963695 0.7116803159557782 -0.01872388832271099
1.0 0.6636012497493249 -0.037233445793390274
0.2658597200909361 0.1895380551850792 0.05206957086920738
0.5747014198813899 0.07249629265903881 0.03659703582525253
0.8084498067649634 0.08627353103419805 0.013970781117677689
0.9863661899270358 0.14072178155368026 -0.0015427948674187064
0.2138952133126696 0.1494720719959839 0.02620268613100052
0.5702130796521515 0.0 0.01267862506210804
0.8089722743098657 0.03414086551143694 -0.004141385667026043
0.9978653904652639 0.1217420516333036 -0.015771029517054558
0.2060725201221181 0.15288731368848185 -0.005054619628936052
0.5644201804995725 0.001265921303817515 -0.015627529472112656
0.8099201046629763 0.029458566310510706 -0.021115347743034363
0.9911968540098918 0.11480343944285071 -0.024427883327007294
0.24503634648935874 0.20155682755765814 -0.03894081711769104
0.5451342985623245 0.05753153109820425 -0.043391987681388855
0.7489505316611434 0.045495905023899115 -0.04050381854176521
0.9017561044223328 0.08898640890981357 -0.03795121982693672
