0.5010753870010376 0.8556467294692993 8.809564064904407e-07
0.6096171736717224 0.838401734828949 0.0014703513588756323
0.6988229155540466 0.7944402694702148 -0.006813203915953636
0.7761809825897217 0.7726800441741943 -0.02467830665409565
0.8499555587768555 0.7487757205963135 -0.04187271371483803
0.6224307417869568 0.6322412490844727 0.04140090569853783
0.7072287797927856 0.5843885540962219 0.019517341628670692
0.7822380661964417 0.5839310884475708 -0.006113059818744659
0.8417191505432129 0.5923002362251282 -0.023219501599669456
0.5999833345413208 0.6194283366203308 0.01816198229789734
0.7032940983772278 0.570737361907959 -0.0010823996271938086
0.7846758961677551 0.5748912692070007 -0.023793499916791916
0.8492915034294128 0.5952901840209961 -0.039422955363988876
0.58686363697052 0.6207593083381653 -0.011512496508657932
0.6896335482597351 0.566607654094696 -0.028635332360863686
0.7713411450386047 0.5639346837997437 -0.03808195888996124
0.8329195380210876 0.5797252058982849 -0.04303625226020813
0.5834866166114807 0.6343346834182739 -0.04411403089761734
0.6674577593803406 0.5727726221084595 -0.05602210387587547
0.7312381267547607 0.5542857646942139 -0.05814872309565544
0.7822933197021484 0.5552091002464294 -0.05869249254465103
