0.32282865047454834 0.7907499670982361 1.0353990091971355e-06
0.42928364872932434 0.7363886833190918 0.024129508063197136
0.5109081864356995 0.6688017249107361 0.0045476858504116535
0.5923348665237427 0.6434479355812073 -0.029866205528378487
0.6714182496070862 0.6246626973152161 -0.0646577849984169
0.3662918210029602 0.48224717378616333 0.015513837337493896
0.4804549217224121 0.4024949371814728 -0.021973401308059692
0.5721195936203003 0.38188016414642334 -0.05519092082977295
0.6524602174758911 0.3822210431098938 -0.07720128446817398
0.3439139723777771 0.4860347509384155 -0.030380377545952797
0.4750196039676666 0.3879736661911011 -0.06279503554105759
0.5770750045776367 0.365322470664978 -0.08642270416021347
0.6629924178123474 0.37824004888534546 -0.10310341417789459
0.3466654419898987 0.5073769092559814 -0.07844140380620956
0.46809184551239014 0.406059592962265 -0.09566093981266022
0.5663105249404907 0.3788987100124359 -0.09947017580270767
0.6447818279266357 0.38202375173568726 -0.10496723651885986
0.37751340866088867 0.5436265468597412 -0.1279313862323761
0.4569408893585205 0.4519157409667969 -0.1352592557668686
0.523300290107727 0.4090159237384796 -0.13167116045951843
0.5792240500450134 0.3918784558773041 -0.13094462454319
