0.0 1.0 1.089142187993275e-06
0.2974234794369305 0.9167410637539571 -0.00019030817202292383
0.5399571575580437 0.7403678903121659 -0.014855410903692245
0.7773183002986573 0.6332137780666262 -0.038520440459251404
1.0 0.5441348455942473 -0.0601690337061882
0.1568753405318338 0.27573609509633323 0.020042989403009415
0.44438212870969146 0.06515625065515 -0.010497893206775188
0.7149107239510272 0.0394617916518166 -0.039204467087984085
0.9220307083915579 0.06838919054906811 -0.05622582510113716
0.0802259536800346 0.24866936413761295 -0.0037780809216201305
0.4303689040590721 0.0243255414159626 -0.03162894397974014
0.7206533539774792 0.00473619992033376 -0.05450224503874779
0.9388531718813797 0.05992259795802847 -0.06842084228992462
0.06863908993274483 0.2649388876077067 -0.03256796672940254
0.411205962187435 0.037937734543701127 -0.05190630629658699
0.6935460093599372 0.0 -0.05820285156369209
0.8971400491488781 0.03450437116082098 -0.06110098958015442
0.11901107534169969 0.31663355625904105 -0.06422729790210724
0.3827123694637328 0.09841380322438625 -0.07598847150802612
0.5942099369491133 0.020017526572884126 -0.07538602501153946
0.757477461452807 0.011511520157655298 -0.0731518566608429
