0.0 1.0 7.75019714183145e-07
0.2882203835165821 0.9866365626926765 -0.02002612315118313
0.5042571499559838 0.9195150457767197 -0.03166675195097923
0.7139866784466602 0.8606551845933121 -0.04396044462919235
0.903587619258543 0.7984361827528661 -0.05426960438489914
0.3155667970880237 0.4108169232854626 0.013558507896959782
0.557818415051085 0.3013394999486241 -0.00811341404914856
0.7756302177473064 0.29300014856269224 -0.03256247937679291
0.9441059548502377 0.30470267325203193 -0.0478057935833931
0.30843926595716814 0.34820992709566817 0.01047965046018362
0.5863176248230818 0.21991692856016404 -0.006276288069784641
0.8148915708748392 0.19732357024270455 -0.026310257613658905
1.0 0.2137473291110988 -0.04004329815506935
0.2962550297159069 0.3177662429753317 0.0015425982419401407
0.5407255174187525 0.1506032919621454 -0.013386201113462448
0.7592505495081218 0.10534632662747256 -0.023941628634929657
0.938199486728853 0.10363489839263555 -0.029826369136571884
0.26800824837687726 0.3072398530417633 -0.010718041099607944
0.44810720349780075 0.11344140718065918 -0.021011989563703537
0.6149777775660977 0.030784523391472803 -0.023628881201148033
0.7650905368708241 0.0 -0.02430202066898346
