0.0 0.9159187937669118 6.452676757362497e-07
0.23867448849439685 1.0 -0.023052774369716644
0.48919884985602846 0.9526066774331846 -0.03922875225543976
0.7016285317715337 0.8709709754126909 -0.05466926470398903
0.8980413911938379 0.8438980456077704 -0.0687326192855835
0.3573639949572489 0.416795023182916 -0.009872633963823318
0.6082784238090683 0.2853463519029698 -0.03374606370925903
0.8015052386174957 0.2676860914102702 -0.05554812401533127
0.9520329862386484 0.2826418468526131 -0.06911149621009827
0.32754400148181234 0.34508499090145167 -0.012117905542254448
0.6036344371860887 0.16986358189645862 -0.03271504491567612
0.822814988287798 0.1445793965791246 -0.049205005168914795
1.0 0.16104403940005022 -0.059730421751737595
0.29689520711047884 0.3158719522842565 -0.01880689710378647
0.5491334228810851 0.10562147804350724 -0.037252429872751236
0.7622668176358617 0.06331389337316455 -0.04668843001127243
0.937760364961059 0.061425336730351714 -0.05163320526480675
0.26251560593783385 0.31627056244787927 -0.028318148106336594
0.45179104447231994 0.11461957576003286 -0.04075659438967705
0.6167411119477043 0.03519368080519679 -0.0444001667201519
0.7657132156457033 0.0 -0.04594922810792923
