0.3599632978439331 0.523101270198822 8.085289664450102e-07
0.4658321738243103 0.5286399126052856 0.005583306774497032
0.5438907146453857 0.5045304298400879 0.00020031468011438847
0.6169102191925049 0.4950730800628662 -0.014091714285314083
0.687873125076294 0.49022743105888367 -0.026338040828704834
0.5019568800926208 0.33018043637275696 0.04510792717337608
0.5917588472366333 0.29419440031051636 0.030810769647359848
0.6647928357124329 0.2979719042778015 0.010346920229494572
0.722358226776123 0.3054283559322357 -0.0038384487852454185
0.488164484500885 0.3133264183998108 0.02394721284508705
0.5912308096885681 0.2748635411262512 0.012688198126852512
0.6742671728134155 0.28385376930236816 -0.004647425841540098
0.7364399433135986 0.3073722720146179 -0.01792454533278942
0.48105067014694214 0.31153541803359985 -0.0024879456032067537
0.5819070339202881 0.27139830589294434 -0.01140064001083374
0.6635205149650574 0.27679064869880676 -0.01848064549267292
0.7218530178070068 0.29646873474121094 -0.023982567712664604
0.48605024814605713 0.3230189085006714 -0.03134571760892868
0.5676849484443665 0.2740952670574188 -0.036478787660598755
0.6295071244239807 0.2655303180217743 -0.036158692091703415
0.6769996285438538 0.27412641048431396 -0.03601723536849022
