0.0 0.9679076554992834 8.884553608368151e-07
0.22884332939682844 1.0 -0.020952777937054634
0.4589090268113341 0.8934131476237989 -0.038847580552101135
0.6793492698138218 0.8449861495348336 -0.05823435261845589
0.8754032832886132 0.8156594168038866 -0.07397796213626862
0.3101722605375918 0.18280171730979894 -0.0010505284881219268
0.596549140030925 0.05566715146468977 -0.026052728295326233
0.8153318927553261 0.09039649547269152 -0.05119937285780907
0.9718311142484607 0.15396545886905905 -0.06675156205892563
0.2671936453098368 0.11561166894128133 -0.006722345948219299
0.5938138254900468 0.0 -0.02893599309027195
0.8297267940799848 0.060536044258750844 -0.04832109063863754
1.0 0.1624484906768433 -0.06077216565608978
0.26803464974728863 0.12534049200240105 -0.01731543056666851
0.585515274464569 0.0023773102873901504 -0.03401445969939232
0.8133619560340143 0.037630065872332835 -0.04195864871144295
0.9732692624847494 0.1233541719554912 -0.0458456389605999
0.3092974601964188 0.1919457354840112 -0.03168809786438942
0.5641892308855794 0.03359423996314609 -0.04083957523107529
0.7417264024451005 0.01783251591352685 -0.04107328876852989
0.8733051209325946 0.06216498354143948 -0.03955063223838806
