0.3600824475288391 0.8133856654167175 9.530103852739558e-07
0.4346463680267334 0.8317722082138062 -0.053489867597818375
0.5204081535339355 0.8103278875350952 -0.08432181924581528
0.5959055423736572 0.7948300242424011 -0.10734899342060089
0.6618801355361938 0.7803903818130493 -0.12656131386756897
0.47034987807273865 0.6325381994247437 -0.05379646271467209
0.5601608157157898 0.5782800316810608 -0.08852512389421463
0.6371747255325317 0.5815081596374512 -0.1164500042796135
0.6928702592849731 0.5997772216796875 -0.13146039843559265
0.45438846945762634 0.6180914640426636 -0.039301835000514984
0.5557540655136108 0.5671657919883728 -0.0707911029458046
0.6371908187866211 0.5738782286643982 -0.0925043448805809
0.6966708302497864 0.597831130027771 -0.10467546433210373
0.45361724495887756 0.6195259094238281 -0.029536360874772072
0.5534820556640625 0.572927713394165 -0.053474247455596924
0.6297891139984131 0.57429438829422 -0.06627219915390015
0.6858974099159241 0.5945994257926941 -0.07175290584564209
0.46232911944389343 0.6333645582199097 -0.024773970246315002
0.546695351600647 0.5916777849197388 -0.04049353674054146
0.6075647473335266 0.5839271545410156 -0.04624359309673309
0.6534233093261719 0.5932694673538208 -0.04719361662864685
