0.0 1.0 8.533702384738717e-07
0.2739197936133311 0.9988391800134577 -0.029052743688225746
0.5418502849507273 0.8900423522977111 -0.04635688662528992
0.7751695180564804 0.7836308549262883 -0.06456438452005386
0.9973723501126042 0.7195282954369627 -0.08004748076200485
0.35465103254517016 0.4403972372052521 0.007772751152515411
0.6041211444866699 0.2638850406790761 -0.016441676765680313
0.8165417318731597 0.21087468109835306 -0.04100051149725914
0.9849441949137147 0.19501074100328528 -0.056616444140672684
0.3074337190470355 0.3853538234013537 0.003577806055545807
0.5672000091867971 0.17525323219638225 -0.018713952973484993
0.8061405079206946 0.11567457818622777 -0.04014633595943451
1.0 0.1092149532037696 -0.05358156934380531
0.2585224956988658 0.3624846621351747 -0.008203797973692417
0.4912624711241835 0.13742681904378085 -0.030171293765306473
0.7346807804485378 0.07614777605457941 -0.04322293773293495
0.9400864575503142 0.06782592737858348 -0.0494568794965744
0.2102434294163127 0.3616371663901953 -0.024283846840262413
0.3976619977782258 0.14722164249191277 -0.040653254836797714
0.5796693920204007 0.048229623579110995 -0.04725819453597069
0.7434733736309931 0.0 -0.05014992877840996
