0.4090230166912079 0.9142740964889526 8.8573517587065e-07
0.5213415622711182 0.8877887725830078 0.020108655095100403
0.6124873757362366 0.8297187089920044 0.012660891748964787
0.6970852613449097 0.8140860199928284 -0.008868380449712276
0.7768419981002808 0.8186625242233276 -0.028561025857925415
0.49666568636894226 0.6291616559028625 0.03783320263028145
0.6257413029670715 0.5855574011802673 0.007682100869715214
0.7264467477798462 0.5980897545814514 -0.022625355049967766
0.8035595417022705 0.6268366575241089 -0.04242991283535957
0.48649469017982483 0.6264057755470276 0.0016982585657387972
0.6341032981872559 0.5776049494743347 -0.027571605518460274
0.7398273944854736 0.5988271236419678 -0.05324826017022133
0.8173582553863525 0.6412848830223083 -0.069158636033535
0.5005925893783569 0.6470056772232056 -0.03754271939396858
0.6359122395515442 0.588549017906189 -0.05531173199415207
0.7340041995048523 0.6004716753959656 -0.06281857192516327
0.8016657829284668 0.6332667469978333 -0.06748183071613312
0.5370417833328247 0.6865993738174438 -0.07858365029096603
0.6293987035751343 0.6206284761428833 -0.08739325404167175
0.6985950469970703 0.6096232533454895 -0.08572446554899216
0.7522626519203186 0.6204550862312317 -0.08400604128837585
