0.0 0.9606478602690446 1.1272909432591405e-06
0.2758258128726818 1.0 -0.0497470386326313
0.5461883755978687 0.8898918805535749 -0.07325881719589233
0.7743872419174951 0.76715503999248 -0.09153620898723602
1.0 0.6903708388383596 -0.10732919722795486
0.3308622490148182 0.5081543502345272 -0.020436137914657593
0.5314013367863668 0.2940191105527558 -0.04911421239376068
0.744053639744701 0.19849757089073103 -0.07306867837905884
0.9167248058537139 0.1531014747330717 -0.08621525764465332
0.25070621019154377 0.45125351921817763 -0.009562050923705101
0.4748522203186664 0.22580613437524086 -0.03310447558760643
0.6946425679977597 0.12381603946826722 -0.05327479913830757
0.8932346443551143 0.07331430847616352 -0.06440118700265884
0.1807189805484132 0.4237367949542155 -0.006276080384850502
0.3877892460741815 0.18469782246204786 -0.029206207022070885
0.6064478819098061 0.07672712084589657 -0.043049681931734085
0.8050288611609194 0.030766859804083828 -0.047916002571582794
0.10381757824087127 0.4197224880802343 -0.008081920444965363
0.26789215388270377 0.2051388422154814 -0.025722196325659752
0.4253212033277423 0.08021225679352988 -0.03398146480321884
0.5710740705787537 0.0 -0.0366540290415287
