0.0 1.0 9.033287255988398e-07
0.2759304651825903 0.9827346368381245 -0.02642917074263096
0.5179354851042206 0.8051217938101735 -0.043664827942848206
0.7421413057849455 0.6947697894666751 -0.06073848530650139
0.9533036843732682 0.6211650785466354 -0.07338064908981323
0.25602945473796035 0.2173437305255394 -0.011887325905263424
0.5651396868150861 0.06995226249481393 -0.04494048282504082
0.8103006979429154 0.09485332156400086 -0.07255308330059052
0.9915159395166878 0.1588595243664451 -0.08807425945997238
0.2018762669496693 0.16015454931936493 -0.013874074444174767
0.5564316396304423 0.0 -0.04185722395777702
0.8084686265517783 0.029279131232040814 -0.05982876196503639
1.0 0.10749368707348264 -0.07041972875595093
0.19885107477332742 0.1745583939300294 -0.021633606404066086
0.5456360293096023 0.020602805517472168 -0.047535255551338196
0.7946405672748615 0.04329092560563972 -0.05677638575434685
0.9721697187325273 0.12394827241793195 -0.05921480432152748
0.24215431489008013 0.24093290456084399 -0.03291799873113632
0.5319086799758367 0.10489659434901306 -0.05079462751746178
0.7298233646714122 0.10219812772002192 -0.05463576689362526
0.8767814730519484 0.1469710331003939 -0.054135605692863464
