0.23784776031970978 0.6230974197387695 1.249404135705845e-06
0.34334123134613037 0.6306830644607544 -0.009326075203716755
0.43649011850357056 0.5956864356994629 -0.01880705915391445
0.5183258056640625 0.5687656402587891 -0.035523757338523865
0.6028856635093689 0.5530396103858948 -0.05062347650527954
0.37593090534210205 0.4116736650466919 0.06264479458332062
0.4630943536758423 0.35767340660095215 0.05202692002058029
0.5409261584281921 0.3464290499687195 0.031040553003549576
0.6029340028762817 0.34372007846832275 0.0161134023219347
0.35976746678352356 0.39387810230255127 0.047775592654943466
0.4600997567176819 0.33195045590400696 0.0409945510327816
0.5482717752456665 0.3181193768978119 0.018469268456101418
0.6198997497558594 0.32254302501678467 0.0018964719492942095
0.3429775536060333 0.386113703250885 0.024272389709949493
0.437902569770813 0.315859317779541 0.01755881868302822
0.5281314253807068 0.2977682948112488 0.003853733418509364
0.6011660099029541 0.30137476325035095 -0.005941704381257296
0.32609328627586365 0.387346088886261 -0.0032550059258937836
0.39923161268234253 0.3134442865848541 -0.008385955356061459
0.47021323442459106 0.2871668338775635 -0.013165443204343319
0.5311245322227478 0.2809639573097229 -0.016998540610074997
