0.0 0.9960049994837011 1.2819806443076232e-06
0.31798970915293556 1.0 -0.017458755522966385
0.5709834454974909 0.8729072889098605 -0.026829252019524574
0.7893338970643898 0.7873070016999644 -0.04367078095674515
1.0 0.7476788250202729 -0.05860096588730812
0.3707208807319632 0.3902599205508605 0.04968347027897835
0.5478732274656879 0.16551066238235737 0.029859092086553574
0.7469019761652801 0.09131183586436406 0.0008946088491939008
0.9191726489043166 0.06968370504911836 -0.018826507031917572
0.2761600932828868 0.3401604633708269 0.03268827125430107
0.4845287028585587 0.08154970520433194 0.016552114859223366
0.7127655258345393 0.014397030886076474 -0.011533197946846485
0.8979747355633636 0.035756906518283525 -0.030257007107138634
0.1882651638246948 0.3271822504076948 0.005794983357191086
0.37782510436842665 0.05845643855842087 -0.013119871728122234
0.6068495252060591 0.00017581370846822208 -0.033819686621427536
0.799239968752327 0.019642938812294834 -0.04532990604639053
0.11170216539816846 0.3455051612400865 -0.02597375400364399
0.26426484448730747 0.11619012341552268 -0.04331327602267265
0.4263694845160286 0.028334899072955173 -0.053569305688142776
0.5807177252432416 0.0 -0.05900966376066208
