0.0 0.973572739294904 1.4115588555796421e-06
0.3591952219414082 1.0 0.021678296849131584
0.5877295819467818 0.881714199309051 0.03278408572077751
0.7955912489622516 0.8193852706900263 0.0297074057161808
1.0 0.8005901001568475 0.028409866616129875
0.3549717772150734 0.4338990435379868 0.10110782831907272
0.528264459674283 0.16421968384471075 0.10002939403057098
0.7583480843104027 0.07426785293243257 0.08585110306739807
0.9501428747584025 0.056004669543912165 0.07542253285646439
0.29424248729424735 0.3713128030590382 0.0693185031414032
0.48805946162415004 0.08110052077460096 0.0679604709148407
0.755328800977483 0.009081647821050365 0.046817388385534286
0.9726239625291883 0.03621754128778948 0.03202488645911217
0.24329112243112516 0.3416312136713584 0.02971384860575199
0.43685851917613566 0.0672181102442925 0.02516406774520874
0.7038189474055266 0.0 0.010168843902647495
0.9144848977643432 0.014629101868842712 0.0007574515766464174
0.2102662898650579 0.35449366715532 -0.011548882350325584
0.3797084812719604 0.11735913200816017 -0.01750822551548481
0.57539291483545 0.041882374650168634 -0.022301532328128815
0.7480950873107827 0.026374529713881514 -0.02475563995540142
