0.0 1.0 1.1011451306330855e-06
0.3180046307936998 0.9710349334616801 -0.050787195563316345
0.5824352942098685 0.8644228094611563 -0.07825091481208801
0.7824081647253912 0.7588344854350857 -0.10444747656583786
1.0 0.6756895333970224 -0.1287565529346466
0.3991562483623528 0.4244296313657958 -0.0010213004425168037
0.5774120819475962 0.2218380275927143 -0.034081026911735535
0.7399355999040083 0.1305063399935188 -0.06757712364196777
0.8918272885608238 0.0669433142281004 -0.09077856689691544
0.30030083168303595 0.38101893104251394 -0.0013621350517496467
0.47913204271847304 0.16076468845360498 -0.030547304078936577
0.6783413244878533 0.07262345625640076 -0.06174279749393463
0.8639747225465075 0.029919567481474563 -0.08312365412712097
0.18641835455657757 0.37094505043240217 -0.012407730333507061
0.3451146176949098 0.13213968859021022 -0.044141918420791626
0.5480773818209137 0.03871951589933846 -0.06793783605098724
0.742729562770039 0.0 -0.08144742995500565
0.054311851155981444 0.3892953439215139 -0.029495811089873314
0.15023706068230613 0.18087381449960732 -0.05812784656882286
0.2993296932287186 0.0789495963974275 -0.07398764789104462
0.4594944819671097 0.019669803615673744 -0.08302638679742813
