0.0 1.0 1.0912385732808616e-06
0.31379187885516474 0.9712548397872887 -0.049538128077983856
0.5769242457494211 0.8616760782087373 -0.07648304104804993
0.7842715411935082 0.7513297043068835 -0.10238589346408844
1.0 0.665542267065951 -0.1263391226530075
0.4043927158569526 0.42559413297327703 -0.00045396279892884195
0.5792907767752812 0.2260030259425278 -0.03229190409183502
0.740609308371405 0.13717062729439491 -0.06443292647600174
0.8905332264115254 0.07443937648091734 -0.08663685619831085
0.30456013064752296 0.3803443374585757 -0.0008751403074711561
0.4940860378438091 0.15993538497446425 -0.02748987078666687
0.6912643220470742 0.07160504592865306 -0.055764466524124146
0.8807540665581037 0.021387506174666802 -0.07515056431293488
0.18903735012030307 0.3686525136877711 -0.011878686025738716
0.3561350957737848 0.13222041406299934 -0.042000316083431244
0.559665664348219 0.04143243471931368 -0.0636778175830841
0.7572465490895623 0.0 -0.07573460787534714
0.05373815120797401 0.38725136049677833 -0.028951101005077362
0.1496589922926974 0.1751685370289819 -0.05606457591056824
0.29903132915348285 0.0732797423575803 -0.07030189037322998
0.46112611564089057 0.01394200302697757 -0.07816009223461151
