0.2155979722738266 0.9120680689811707 1.5714008441136684e-06
0.3984510898590088 0.8661152124404907 0.11678162217140198
0.49621817469596863 0.795428454875946 0.14424145221710205
0.5972102880477905 0.7749584317207336 0.13126839697360992
0.7057925462722778 0.7425754070281982 0.10898896306753159
0.30450159311294556 0.5465641617774963 0.1923656016588211
0.40080001950263977 0.4210827350616455 0.2043810337781906
0.5024698376655579 0.3484427332878113 0.18410111963748932
0.591626763343811 0.29569482803344727 0.15791428089141846
0.2867741584777832 0.5289126634597778 0.08997241407632828
0.4001711308956146 0.38314682245254517 0.08937018364667892
0.5226491689682007 0.30287134647369385 0.044341061264276505
0.6262455582618713 0.26091498136520386 0.0038058683276176453
0.2884202003479004 0.5356729626655579 -0.013080147095024586
0.3904096782207489 0.38884401321411133 -0.01773664355278015
0.5101037621498108 0.31169599294662476 -0.045076869428157806
0.6064049005508423 0.26076963543891907 -0.07292460650205612
0.3170110583305359 0.566841185092926 -0.11107999086380005
0.39016565680503845 0.4301074743270874 -0.11591073870658875
0.46783122420310974 0.35523170232772827 -0.12077409029006958
0.5376498103141785 0.30048519372940063 -0.13252043724060059
