0.0 1.0 9.223920187650947e-07
0.2997144358713194 0.9155238762371037 -0.014094642363488674
0.5541999428299327 0.7619232011541983 -0.03836823254823685
0.7668454036231799 0.6955908726253662 -0.07012451440095901
1.0 0.6466872463944258 -0.10374701768159866
0.3633763289446899 0.3066230262123801 0.002906134119257331
0.562338985585487 0.11510075602941586 -0.03463251143693924
0.7620380019955859 0.06536065635293495 -0.07119330763816833
0.9397403162384814 0.05052632504569827 -0.09725967049598694
0.2607141106673693 0.28863735539349505 -0.022184638306498528
0.47242653306472704 0.04151472512025385 -0.057186536490917206
0.7052484125289026 0.00755511232564899 -0.09091943502426147
0.8986583637697756 0.04266815400972583 -0.11477965116500854
0.15564032085358703 0.311207770613763 -0.05351158604025841
0.3279204227007383 0.04347871829091218 -0.08631354570388794
0.5526934149598826 0.0 -0.10668372362852097
0.7491278702647317 0.024970467478267314 -0.12014719843864441
0.05308274741169496 0.3813292751730693 -0.0880548432469368
0.168439546946893 0.17027353639523127 -0.11672414839267731
0.35315843156531856 0.09221236470116605 -0.1305321604013443
0.5304443130272266 0.06806635823769319 -0.14014680683612823
