0.19375784695148468 0.5589083433151245 9.58095483838406e-07
0.29277122020721436 0.5805463194847107 -0.012048903852701187
0.38065779209136963 0.5608052611351013 -0.020485298708081245
0.45493149757385254 0.5476706027984619 -0.03386295959353447
0.5314998626708984 0.5507447719573975 -0.045970939099788666
0.35393449664115906 0.41434788703918457 0.0376940481364727
0.4351584315299988 0.36826086044311523 0.020479269325733185
0.5030258893966675 0.3606691360473633 -0.0010929848067462444
0.5591211915016174 0.3583950996398926 -0.01590193249285221
0.34477201104164124 0.39636701345443726 0.025896873325109482
0.4350707530975342 0.3452836275100708 0.012548861093819141
0.5126242637634277 0.33516818284988403 -0.009022315964102745
0.5743971467018127 0.3366517722606659 -0.024685190990567207
0.33330968022346497 0.38322070240974426 0.0067336647771298885
0.422623872756958 0.32920366525650024 -0.004236307460814714
0.4986817240715027 0.3170209527015686 -0.016484050080180168
0.5583316087722778 0.3177981972694397 -0.0249528456479311
0.3211743235588074 0.37505245208740234 -0.015912365168333054
0.389808714389801 0.3224223256111145 -0.022511355578899384
0.4489589333534241 0.30150699615478516 -0.026787355542182922
0.4994618892669678 0.2894735336303711 -0.030445072799921036
