0.0 0.9350784269943133 9.92190848592145e-07
0.27077239365670647 1.0 -0.02132556401193142
0.5061539999354503 0.9366726307334062 -0.03525558486580849
0.7233726971656724 0.8712856285324047 -0.0528050921857357
0.9296246810508065 0.861028605771322 -0.0685308426618576
0.40149886928339484 0.47486990456526595 0.026085106655955315
0.6289847302339238 0.3041356863848186 0.003257438074797392
0.8214111694182286 0.27386837995841584 -0.021690884605050087
0.9748834266745088 0.27587164666239417 -0.03678451478481293
0.36688596855426514 0.4044824383850042 0.018594838678836823
0.6112041058627742 0.20139626946175507 0.0020890929736196995
0.8270378045077631 0.14829257444692223 -0.018375549465417862
1.0 0.15043974721829934 -0.031507838517427444
0.32103953857612744 0.3608489950499213 0.003027839818969369
0.547758950083335 0.14118163918072862 -0.01081162691116333
0.7598736768484953 0.07623251740647193 -0.02038468047976494
0.9362299022447944 0.07023476988078634 -0.0250351931899786
0.26817520796129773 0.34036847927897623 -0.016898514702916145
0.45252713672850176 0.1409095044701502 -0.025141125544905663
0.6232391795418788 0.049365580858535624 -0.0266135074198246
0.7720450569494497 0.0 -0.026495128870010376
