0.0 0.9473718109202091 9.029159855344915e-07
0.27638675404032903 1.0 -0.012184178456664085
0.5110675510702116 0.9252504129264933 -0.02150455117225647
0.7269772022463792 0.8561156325480292 -0.036645084619522095
0.9274680356709292 0.8339085353401026 -0.05130334198474884
0.39232285546042495 0.48645251562679925 0.035049792379140854
0.6143183883770248 0.30997707412946546 0.014794345945119858
0.807097409767613 0.26150165960165656 -0.010132045485079288
0.9630474898160359 0.23677885575047938 -0.026441194117069244
0.3669495364695529 0.42755852519991605 0.021040178835392
0.6097063402754113 0.2211642105177244 0.0063020107336342335
0.8271532374571424 0.15308496766584617 -0.015862643718719482
1.0 0.1374293358523816 -0.03150924667716026
0.3229398035239911 0.38705065355853124 -0.0005984884919598699
0.5498120420239491 0.16648811185113674 -0.01297259982675314
0.7632107805364655 0.09642412487883675 -0.02427944540977478
0.9417310118722214 0.0753111564585536 -0.03157079592347145
0.26513935371480185 0.36408033653708816 -0.026033705100417137
0.45092316932838394 0.1553184701678906 -0.03414365276694298
0.614096057487264 0.0577307522315064 -0.036607347428798676
0.756644732292833 0.0 -0.03833519667387009
