0.39214247465133667 0.4629436731338501 7.858179174036195e-07
0.3001258075237274 0.44789260625839233 -0.019189322367310524
0.21087726950645447 0.39371365308761597 -0.04077957570552826
0.17480745911598206 0.3340381979942322 -0.057124681770801544
0.18071936070919037 0.2896612584590912 -0.07332661747932434
0.19705119729042053 0.38373062014579773 -0.06895624101161957
0.149868905544281 0.3006962537765503 -0.09561551362276077
0.13881681859493256 0.24075886607170105 -0.10897106677293777
0.13695606589317322 0.19370001554489136 -0.11599652469158173
0.2704230844974518 0.36706364154815674 -0.0751495361328125
0.23467789590358734 0.27861741185188293 -0.09085715562105179
0.22389861941337585 0.22322803735733032 -0.09178102761507034
0.21939145028591156 0.17960721254348755 -0.0933103933930397
0.3543480932712555 0.3562779128551483 -0.07945189625024796
0.319877564907074 0.2653772830963135 -0.09440318495035172
0.31000274419784546 0.21518220007419586 -0.0837630182504654
0.3062809705734253 0.17964717745780945 -0.07599436491727829
0.4366452395915985 0.3478526473045349 -0.0841386690735817
0.4057183563709259 0.2717115581035614 -0.09721818566322327
0.39866483211517334 0.2311752587556839 -0.08316515386104584
0.39726197719573975 0.20185105502605438 -0.06984871625900269
