0.6102041006088257 0.7615323662757874 1.550725869492453e-06
0.4297625720500946 0.7716003656387329 -0.11460386961698532
0.2588532269001007 0.7301609516143799 -0.188614621758461
0.16398996114730835 0.6725989580154419 -0.24734334647655487
0.18025901913642883 0.6221503615379333 -0.30316925048828125
0.2821636199951172 0.48075002431869507 -0.11460220068693161
0.2521360516548157 0.3518308103084564 -0.17914600670337677
0.2529585361480713 0.27224671840667725 -0.23582547903060913
0.2613614797592163 0.21106941998004913 -0.27672287821769714
0.4257134795188904 0.4482388496398926 -0.10296208411455154
0.40031707286834717 0.31435227394104004 -0.15423713624477386
0.39756277203559875 0.23611730337142944 -0.19984972476959229
0.3990914225578308 0.17636242508888245 -0.2327609360218048
0.5679510831832886 0.44478681683540344 -0.10367435961961746
0.5455469489097595 0.3138032853603363 -0.14807172119617462
0.5262802839279175 0.2377587854862213 -0.1806987076997757
0.5142906904220581 0.17727798223495483 -0.20197725296020508
0.7099801301956177 0.46345213055610657 -0.11519494652748108
0.6817639470100403 0.3468095064163208 -0.15797436237335205
0.6552309989929199 0.2736095190048218 -0.1797265261411667
0.6303635835647583 0.20670610666275024 -0.19074945151805878
