0.46827802062034607 0.7849949598312378 3.32298526473096e-07
0.3429097831249237 0.7536609172821045 -0.053713101893663406
0.25875863432884216 0.6664959192276001 -0.08172847330570221
0.2326889932155609 0.5849871635437012 -0.10637102276086807
0.17718355357646942 0.5293063521385193 -0.12791720032691956
0.22931355237960815 0.43976595997810364 -0.0099053755402565
0.19074894487857819 0.3267178535461426 -0.046882376074790955
0.1669345498085022 0.2580568790435791 -0.09164953976869583
0.14316247403621674 0.20041023194789886 -0.1276463121175766
0.3231871426105499 0.4127933382987976 -0.020947657525539398
0.28355303406715393 0.2873048782348633 -0.053209323436021805
0.25645798444747925 0.22123856842517853 -0.0922875851392746
0.22273136675357819 0.17239663004875183 -0.12105855345726013
0.4172258973121643 0.417185515165329 -0.04250717908143997
0.3816313147544861 0.29365044832229614 -0.07416697591543198
0.3509206175804138 0.2276679426431656 -0.09513069689273834
0.3216695189476013 0.17362093925476074 -0.10937416553497314
0.5226802825927734 0.4470151960849762 -0.07188255339860916
0.4875708818435669 0.330562949180603 -0.10265170782804489
0.454885333776474 0.26017534732818604 -0.11407040804624557
0.42123347520828247 0.19694207608699799 -0.12006929516792297
