0.5363136529922485 0.7323302030563354 9.250190373677469e-07
0.3723199963569641 0.7571072578430176 -0.07409105449914932
0.23439492285251617 0.7273789048194885 -0.1239204928278923
0.16306328773498535 0.6741710901260376 -0.16525253653526306
0.12348219752311707 0.6164830327033997 -0.20491035282611847
0.24240681529045105 0.5020889639854431 -0.08641628175973892
0.18710832297801971 0.3744080662727356 -0.13849098980426788
0.158281609416008 0.2933065593242645 -0.18241378664970398
0.13170605897903442 0.22756437957286835 -0.21289169788360596
0.34478774666786194 0.4572926163673401 -0.0856625884771347
0.28516536951065063 0.3262555003166199 -0.124039426445961
0.24369098246097565 0.24688412249088287 -0.16041713953018188
0.20124559104442596 0.1831849217414856 -0.18772022426128387
0.4486273527145386 0.4364195466041565 -0.09274552017450333
0.39055871963500977 0.3094201683998108 -0.12500663101673126
0.34414809942245483 0.2348906397819519 -0.151022270321846
0.3016678988933563 0.17589005827903748 -0.16895554959774017
0.557442307472229 0.43428677320480347 -0.10687058418989182
0.503423810005188 0.3222944140434265 -0.1394656002521515
0.4582253396511078 0.2526172995567322 -0.1552470624446869
0.4107229709625244 0.19493216276168823 -0.16256611049175262
