0.4532824754714966 0.764099657535553 3.4137073612328095e-07
0.33936378359794617 0.7393577098846436 -0.03065497800707817
0.24574093520641327 0.6615536212921143 -0.04748990759253502
0.20049279928207397 0.5910190343856812 -0.06425885856151581
0.14725196361541748 0.5581306219100952 -0.08090546727180481
0.20325356721878052 0.4469899833202362 -0.0029316386207938194
0.1575160026550293 0.335662305355072 -0.029902271926403046
0.12482857704162598 0.2683725953102112 -0.061823803931474686
0.0917464941740036 0.21320299804210663 -0.08768370747566223
0.2740635275840759 0.4129866361618042 -0.01732775755226612
0.22586527466773987 0.2950730323791504 -0.04033738374710083
0.19154298305511475 0.22840715944766998 -0.06744833290576935
0.15614432096481323 0.17747968435287476 -0.0878724604845047
0.35477569699287415 0.4051278829574585 -0.0389879047870636
0.3035499155521393 0.28439533710479736 -0.06383371353149414
0.26544979214668274 0.22097888588905334 -0.07901446521282196
0.2288794070482254 0.16790655255317688 -0.08902519941329956
0.44662076234817505 0.41842877864837646 -0.06549323350191116
0.39912885427474976 0.3056373596191406 -0.09004077315330505
0.36048609018325806 0.23879636824131012 -0.09777285903692245
0.3221847414970398 0.17968231439590454 -0.10126940160989761
