0.39664599299430847 0.6942777633666992 5.109565677230421e-07
0.28802385926246643 0.6816278696060181 -0.06999660283327103
0.20348194241523743 0.6171718239784241 -0.11615637689828873
0.19101516902446747 0.5486908555030823 -0.1556015908718109
0.18102067708969116 0.48380982875823975 -0.19036568701267242
0.19046013057231903 0.3899049758911133 -0.050081171095371246
0.17152436077594757 0.28006240725517273 -0.10046935826539993
0.16129976511001587 0.22469669580459595 -0.14589233696460724
0.15324097871780396 0.191389799118042 -0.17644557356834412
0.2865212559700012 0.3699144423007965 -0.05013599991798401
0.26672255992889404 0.25438305735588074 -0.09080668538808823
0.26096633076667786 0.19712717831134796 -0.1270647495985031
0.2544362246990204 0.16210201382637024 -0.15100938081741333
0.3845052719116211 0.374794602394104 -0.060738954693078995
0.36677128076553345 0.263813853263855 -0.09545610845088959
0.355435311794281 0.2085687220096588 -0.11389510333538055
0.3468661904335022 0.1723649948835373 -0.1245538741350174
0.48888522386550903 0.40179362893104553 -0.07944429665803909
0.47152042388916016 0.3015800714492798 -0.10949461162090302
0.4442398250102997 0.24080206453800201 -0.12087389826774597
0.41596874594688416 0.19222761690616608 -0.12538549304008484
