0.4141993522644043 0.5911159515380859 6.679423449895694e-07
0.3471739590167999 0.6332972645759583 -0.059361785650253296
0.2648950517177582 0.6110821962356567 -0.10181289911270142
0.2085878551006317 0.5702858567237854 -0.13572244346141815
0.1452256143093109 0.5590461492538452 -0.16889914870262146
0.19549459218978882 0.4327542185783386 -0.07702549546957016
0.13968124985694885 0.33513933420181274 -0.11657263338565826
0.11663210391998291 0.27413058280944824 -0.14618663489818573
0.10694465041160583 0.22862698137760162 -0.1658930778503418
0.25249752402305603 0.3801236152648926 -0.07107873260974884
0.20209838449954987 0.2797018587589264 -0.10396937280893326
0.1802913248538971 0.2189311981201172 -0.12745656073093414
0.16974681615829468 0.17376776039600372 -0.14374230802059174
0.3203771114349365 0.34543588757514954 -0.0697336196899414
0.2697886824607849 0.2439286708831787 -0.09650406986474991
0.24122639000415802 0.18899185955524445 -0.106471948325634
0.22577029466629028 0.14487913250923157 -0.11268838495016098
0.39520394802093506 0.32569342851638794 -0.07343251258134842
0.3496287763118744 0.24037103354930878 -0.09500502049922943
0.3120630383491516 0.18610283732414246 -0.10115738213062286
0.2832168638706207 0.13893771171569824 -0.10332291573286057
