0.6443793773651123 0.8215994834899902 1.3323278835741803e-06
0.4658139944076538 0.7552471160888672 -0.13214480876922607
0.38196903467178345 0.6575067639350891 -0.20271702110767365
0.4388037919998169 0.5627179145812988 -0.26227647066116333
0.49068307876586914 0.4929834008216858 -0.3092591464519501
0.37361258268356323 0.43260329961776733 -0.04645666480064392
0.38076162338256836 0.30498403310775757 -0.14075028896331787
0.4451425075531006 0.22839874029159546 -0.2385842204093933
0.5271898508071899 0.16692006587982178 -0.312161386013031
0.537352442741394 0.41983655095100403 -0.04656073823571205
0.5503016710281372 0.2925223112106323 -0.11643705517053604
0.6110429763793945 0.22311782836914062 -0.19124019145965576
0.6821975708007812 0.15810248255729675 -0.2505000829696655
0.6851568222045898 0.43718159198760986 -0.07067210972309113
0.7178686857223511 0.3174925446510315 -0.1393275409936905
0.7663263082504272 0.24912402033805847 -0.1784529685974121
0.8233642578125 0.19126251339912415 -0.2067626416683197
0.8451888561248779 0.4846111238002777 -0.11236532777547836
0.8789992332458496 0.36800044775009155 -0.17146332561969757
0.9147791862487793 0.2993163466453552 -0.19145527482032776
0.9528203010559082 0.23399890959262848 -0.20459632575511932
