0.56317138671875 0.7612779140472412 8.312240993291198e-07
0.3918529450893402 0.713943600654602 -0.12485356628894806
0.2828160524368286 0.6371816396713257 -0.21346576511859894
0.2303396314382553 0.5840768218040466 -0.2922457158565521
0.15731504559516907 0.5418026447296143 -0.36044517159461975
0.2650315761566162 0.3633311092853546 -0.04336809739470482
0.26265254616737366 0.2501317262649536 -0.14106933772563934
0.2789899706840515 0.20281530916690826 -0.24960580468177795
0.2914033532142639 0.19876623153686523 -0.3224847614765167
0.43732893466949463 0.36003577709198 -0.04492105171084404
0.42490994930267334 0.23402813076972961 -0.11514891684055328
0.44604334235191345 0.18944527208805084 -0.1953231692314148
0.44740042090415955 0.18610022962093353 -0.2530166208744049
0.5865163207054138 0.3846055865287781 -0.06938707828521729
0.5945284366607666 0.26655417680740356 -0.1214856207370758
0.5969310402870178 0.22580894827842712 -0.1515810638666153
0.5912319421768188 0.2214856594800949 -0.17125649750232697
0.7584532499313354 0.4405038356781006 -0.11088872700929642
0.7577406167984009 0.32868871092796326 -0.1448020040988922
0.7366654872894287 0.2729860544204712 -0.15293848514556885
0.7004491090774536 0.2364562302827835 -0.15679462254047394
