0.4070131182670593 0.6957522630691528 5.335206765266776e-07
0.3179005980491638 0.6933002471923828 -0.05008795112371445
0.23025275766849518 0.6316773891448975 -0.07763103395700455
0.17822137475013733 0.5714247822761536 -0.10034407675266266
0.12083782255649567 0.5281699895858765 -0.12159627676010132
0.1764649748802185 0.4384929835796356 -0.031899917870759964
0.12610019743442535 0.3476158082485199 -0.06767123192548752
0.09415875375270844 0.2908499836921692 -0.1030188724398613
0.06890659034252167 0.24392560124397278 -0.12886843085289001
0.2377745360136032 0.39776861667633057 -0.03432745486497879
0.18740302324295044 0.29701822996139526 -0.06365828961133957
0.1593858301639557 0.23931241035461426 -0.09137080609798431
0.13845248520374298 0.19482412934303284 -0.11100424826145172
0.30925875902175903 0.38475215435028076 -0.044624894857406616
0.26079726219177246 0.2815534770488739 -0.07247580587863922
0.23196396231651306 0.22633422911167145 -0.08578218519687653
0.2082897126674652 0.180107980966568 -0.09380846470594406
0.3894495368003845 0.39473143219947815 -0.0608724020421505
0.34658125042915344 0.2990533709526062 -0.08641792088747025
0.3127785921096802 0.24299104511737823 -0.0944787859916687
0.2813330590724945 0.19493886828422546 -0.09770436584949493
