0.355998694896698 0.6460968255996704 6.558896075148368e-07
0.27617529034614563 0.6549278497695923 -0.07162349671125412
0.20212551951408386 0.6135872602462769 -0.11750579625368118
0.1646100878715515 0.5669289231300354 -0.15371468663215637
0.11820349097251892 0.5297120213508606 -0.1874016523361206
0.1456148624420166 0.38647836446762085 -0.06946234405040741
0.11643126606941223 0.28168433904647827 -0.1147380992770195
0.0996614322066307 0.22445718944072723 -0.1552896946668625
0.08919621258974075 0.18788783252239227 -0.18272645771503448
0.2210576832294464 0.350652813911438 -0.06277911365032196
0.19071778655052185 0.23900438845157623 -0.10094987601041794
0.17353753745555878 0.17915605008602142 -0.13249482214450836
0.1608736664056778 0.14501585066318512 -0.1536598950624466
0.30204734206199646 0.3442312479019165 -0.06452499330043793
0.27214109897613525 0.23454739153385162 -0.09893999993801117
0.2543618679046631 0.17852944135665894 -0.11726409196853638
0.24257652461528778 0.1421743780374527 -0.12760372459888458
0.3871219754219055 0.35849180817604065 -0.07303113490343094
0.35843342542648315 0.2618597149848938 -0.10237089544534683
0.3312221169471741 0.2018461972475052 -0.11502711474895477
0.3068029582500458 0.15000447630882263 -0.1212766021490097
