0.33394941687583923 0.5620993375778198 2.8449264277696784e-07
0.24083435535430908 0.5421396493911743 -0.0014536782400682569
0.16955110430717468 0.47733011841773987 -0.010663261637091637
0.14185164868831635 0.41169270873069763 -0.021363573148846626
0.13457077741622925 0.35941439867019653 -0.03141973167657852
0.16250765323638916 0.38655802607536316 -0.015256707556545734
0.1328727900981903 0.2885856628417969 -0.03312355652451515
0.1260942816734314 0.23599080741405487 -0.046890873461961746
0.12522312998771667 0.20668017864227295 -0.0551697202026844
0.22543799877166748 0.35584598779678345 -0.030167583376169205
0.19907422363758087 0.2495102882385254 -0.04203439876437187
0.1993994116783142 0.20557378232479095 -0.04865330830216408
0.20446382462978363 0.18598738312721252 -0.052117593586444855
0.2962495982646942 0.3435303866863251 -0.04524251073598862
0.27456432580947876 0.23420384526252747 -0.05577682703733444
0.27597203850746155 0.2026854008436203 -0.046245332807302475
0.28063899278640747 0.1953459531068802 -0.037705592811107635
0.3708670735359192 0.3464876413345337 -0.06062204763293266
0.35076022148132324 0.25098809599876404 -0.06567373871803284
0.3428021967411041 0.21919012069702148 -0.049874093383550644
0.3390931487083435 0.20951537787914276 -0.03529053181409836
