0.6746639013290405 0.7661199569702148 9.023104325933673e-07
0.4765646457672119 0.7151032090187073 -0.08298879116773605
0.35602903366088867 0.5969715118408203 -0.11425413936376572
0.3406085968017578 0.4850303530693054 -0.1407155990600586
0.31606799364089966 0.3978477120399475 -0.16196703910827637
0.3652713894844055 0.44067591428756714 -0.010613481514155865
0.3086388111114502 0.30431419610977173 -0.06747198849916458
0.2870263159275055 0.2244740128517151 -0.12417221814393997
0.2754700779914856 0.1548595279455185 -0.1668938398361206
0.5042591691017151 0.4281241297721863 -0.018796350806951523
0.45513734221458435 0.29375675320625305 -0.06066102534532547
0.4410352408885956 0.21711458265781403 -0.1095961481332779
0.43548160791397095 0.1484321504831314 -0.14551150798797607
0.6378979086875916 0.44033047556877136 -0.04354869946837425
0.6026503443717957 0.3082900643348694 -0.09290693700313568
0.5887751579284668 0.23183104395866394 -0.11584077775478363
0.5888474583625793 0.1688201129436493 -0.12913572788238525
0.7955881357192993 0.47510460019111633 -0.07968279719352722
0.7586376070976257 0.3492327332496643 -0.12853974103927612
0.7345384359359741 0.27917200326919556 -0.136904776096344
0.7119615077972412 0.2190944403409958 -0.13778899610042572
