0.5020288228988647 0.646872878074646 8.736233212403022e-07
0.37087205052375793 0.6461327075958252 -0.15960952639579773
0.2692966163158417 0.6157097816467285 -0.2769823372364044
0.2552422285079956 0.5720013380050659 -0.38114267587661743
0.25932711362838745 0.5284231305122375 -0.47864556312561035
0.2471875548362732 0.33792248368263245 -0.16736957430839539
0.23160061240196228 0.20452532172203064 -0.2925030589103699
0.2738727033138275 0.1743185818195343 -0.39487791061401367
0.3280945122241974 0.20732612907886505 -0.45331481099128723
0.3919350802898407 0.3080805838108063 -0.1483643651008606
0.3901304304599762 0.15060773491859436 -0.26671886444091797
0.4295394718647003 0.12995466589927673 -0.3647814095020294
0.4629841446876526 0.18240201473236084 -0.4202260673046112
0.5220491886138916 0.31506770849227905 -0.14575006067752838
0.5348939299583435 0.18362748622894287 -0.22991502285003662
0.5540837645530701 0.1549929678440094 -0.2968064248561859
0.5639207363128662 0.18524394929409027 -0.3350420296192169
0.6437490582466125 0.3541669249534607 -0.1571391522884369
0.6700387001037598 0.2566189765930176 -0.21402662992477417
0.6805790662765503 0.20282676815986633 -0.25622671842575073
0.6854453682899475 0.18246889114379883 -0.2827233672142029
