0.5772886276245117 0.6152606010437012 1.2659607762088854e-07
0.4891890287399292 0.6598712205886841 -0.039265226572752
0.36690154671669006 0.6309612989425659 -0.06499114632606506
0.2760075330734253 0.6199777126312256 -0.09109771996736526
0.19386999309062958 0.6265753507614136 -0.1173136755824089
0.32322725653648376 0.4034176468849182 -0.020614253357052803
0.2340732365846634 0.30652379989624023 -0.06842115521430969
0.16334925591945648 0.2810911536216736 -0.11357542127370834
0.10240793228149414 0.2941531538963318 -0.14308756589889526
0.35927098989486694 0.35643014311790466 -0.030217701569199562
0.2681991755962372 0.2624889314174652 -0.07548368722200394
0.18957482278347015 0.23908181488513947 -0.11829115450382233
0.11855386197566986 0.2546195983886719 -0.1451651155948639
0.41055625677108765 0.3238729238510132 -0.047087859362363815
0.31695041060447693 0.22760342061519623 -0.0852941945195198
0.23953546583652496 0.19927051663398743 -0.11190477758646011
0.170779287815094 0.20315957069396973 -0.1264701634645462
0.47549378871917725 0.30570340156555176 -0.06858218461275101
0.39222049713134766 0.22727248072624207 -0.09997226297855377
0.32748574018478394 0.19704467058181763 -0.11494839191436768
0.2725834250450134 0.19169177114963531 -0.1218256950378418
