0.3499299883842468 0.642448365688324 7.758500828458637e-07
0.27789735794067383 0.6548433303833008 -0.07634859532117844
0.20541507005691528 0.6237620115280151 -0.12359930574893951
0.16668061912059784 0.5885055065155029 -0.16047005355358124
0.1220807284116745 0.5537427663803101 -0.1945922076702118
0.14824138581752777 0.39471733570098877 -0.06894965469837189
0.12050014734268188 0.29946303367614746 -0.11383678764104843
0.104718878865242 0.24566330015659332 -0.15463341772556305
0.0953705757856369 0.21153524518013 -0.18296337127685547
0.22192665934562683 0.3581724166870117 -0.060694560408592224
0.19382469356060028 0.2559623122215271 -0.09781260043382645
0.1780237853527069 0.198007732629776 -0.13013885915279388
0.1675887554883957 0.16073596477508545 -0.1525147408246994
0.3022580146789551 0.35107529163360596 -0.06155470013618469
0.27593040466308594 0.2507386803627014 -0.09640688449144363
0.26159724593162537 0.19809739291667938 -0.1145600751042366
0.2521449327468872 0.15992113947868347 -0.12523654103279114
0.38555118441581726 0.3678799867630005 -0.0694868192076683
0.3663542866706848 0.2810629606246948 -0.10017996281385422
0.34732580184936523 0.22806672751903534 -0.11191519349813461
0.32872840762138367 0.18264368176460266 -0.1173258051276207
