0.5019617080688477 0.6408343315124512 -7.916906952232239e-07
0.2885732650756836 0.5740951299667358 -0.03728492558002472
0.1750098168849945 0.42993292212486267 -0.055962152779102325
0.19070182740688324 0.2956359088420868 -0.09111444652080536
0.26121312379837036 0.20000974833965302 -0.11844808608293533
0.23884306848049164 0.3216579854488373 0.03753921389579773
0.19091038405895233 0.18140172958374023 -0.09067908674478531
0.16928225755691528 0.18514591455459595 -0.17309974133968353
0.1723726987838745 0.2502651810646057 -0.20015427470207214
0.382768452167511 0.3165530264377594 0.003078560112044215
0.3543940484523773 0.15479601919651031 -0.14478453993797302
0.3072572350502014 0.19012024998664856 -0.21246390044689178
0.2932012677192688 0.2758367955684662 -0.20934635400772095
0.5311453342437744 0.33480703830718994 -0.04805458337068558
0.46392858028411865 0.2563531994819641 -0.1954205185174942
0.420026034116745 0.37951406836509705 -0.18862468004226685
0.4133550226688385 0.48080942034721375 -0.12861767411231995
0.6829842925071716 0.36875998973846436 -0.10272760689258575
0.5835449695587158 0.32703638076782227 -0.1949828565120697
0.5357740521430969 0.4193998873233795 -0.16824552416801453
0.5284100770950317 0.490314245223999 -0.11315687745809555
