0.4575250744819641 0.7051630020141602 -2.2032240849512164e-06
0.24586379528045654 0.5679434537887573 0.008205640129745007
0.20760959386825562 0.4088943898677826 -0.013330447487533092
0.26537275314331055 0.2874242067337036 -0.07500264048576355
0.3599490821361542 0.2015792280435562 -0.13303260505199432
0.38873201608657837 0.3129000961780548 0.09857177734375
0.3648940920829773 0.15555335581302643 -0.07413036376237869
0.23155128955841064 0.1643647402524948 -0.18982169032096863
0.13893863558769226 0.2248108983039856 -0.23014865815639496
0.5438697934150696 0.32461977005004883 0.01574099063873291
0.5354719161987305 0.1424732357263565 -0.1679137796163559
0.3585887551307678 0.1622057855129242 -0.2544131577014923
0.2535344660282135 0.228528693318367 -0.254752516746521
0.7031893730163574 0.36067554354667664 -0.08754726499319077
0.5480613112449646 0.26944613456726074 -0.26743054389953613
0.4275093674659729 0.3846735656261444 -0.26155954599380493
0.4215370714664459 0.4775705933570862 -0.19004517793655396
0.8588939905166626 0.41740381717681885 -0.1920488476753235
0.6580214500427246 0.34020093083381653 -0.28146159648895264
0.5557329654693604 0.4227869212627411 -0.22743643820285797
0.5642942190170288 0.49132442474365234 -0.15047068893909454
