0.6421718597412109 0.6747299432754517 -1.895444711408345e-06
0.4234964847564697 0.5897451043128967 -0.07449526339769363
0.35332784056663513 0.42265862226486206 -0.12103276699781418
0.49081748723983765 0.3091943562030792 -0.17052879929542542
0.654553234577179 0.23339703679084778 -0.20883408188819885
0.3826392889022827 0.3075372576713562 -0.05756280943751335
0.30703842639923096 0.1960144191980362 -0.2107996940612793
0.28330928087234497 0.27907896041870117 -0.3057578206062317
0.29023176431655884 0.3741762638092041 -0.3428746461868286
0.5561766028404236 0.2998710572719574 -0.08455684781074524
0.47570428252220154 0.15145501494407654 -0.2260202318429947
0.41524869203567505 0.2367722988128662 -0.2713446617126465
0.3965323269367218 0.33773133158683777 -0.26168540120124817
0.7295557260513306 0.3237821161746979 -0.13044200837612152
0.6749973893165588 0.2590799033641815 -0.25915926694869995
0.5993841290473938 0.38372230529785156 -0.23416668176651
0.5635601878166199 0.4700030982494354 -0.1801292598247528
0.8925018310546875 0.37050166726112366 -0.185398668050766
0.8051319122314453 0.35507985949516296 -0.25676363706588745
0.7339431643486023 0.4504143297672272 -0.2166324257850647
0.7159714698791504 0.5073839426040649 -0.16523636877536774
