0.6414750814437866 0.6848268508911133 -1.148502065007051e-06
0.4309103190898895 0.5961861610412598 -0.0025742994621396065
0.3118932545185089 0.4621793031692505 -0.006159048527479172
0.3066018223762512 0.34581810235977173 -0.039889562875032425
0.31989043951034546 0.2599443197250366 -0.06158525124192238
0.370633989572525 0.3467905521392822 0.08857127279043198
0.2827855944633484 0.22257182002067566 -0.05171673744916916
0.2211276739835739 0.2054104506969452 -0.12069472670555115
0.2179768830537796 0.25370702147483826 -0.13310180604457855
0.5179749727249146 0.3380933701992035 0.025580327957868576
0.4919067621231079 0.1620609313249588 -0.14230336248874664
0.4077136516571045 0.21153759956359863 -0.1831035166978836
0.39966848492622375 0.2701526880264282 -0.14591245353221893
0.6755380630493164 0.36031419038772583 -0.05821001157164574
0.5654336214065552 0.2643716335296631 -0.2041051834821701
0.5149229764938354 0.38705533742904663 -0.13938193023204803
0.5635660886764526 0.43944060802459717 -0.035468921065330505
0.8493372201919556 0.4059588611125946 -0.14700831472873688
0.7161052227020264 0.34298083186149597 -0.22309820353984833
0.6604657769203186 0.42721623182296753 -0.1570688784122467
0.7029038667678833 0.46526461839675903 -0.0733221098780632
