0.37417709827423096 0.45171189308166504 -8.120836696434708e-07
0.29004454612731934 0.4591759145259857 -0.03393707796931267
0.1949750930070877 0.40121036767959595 -0.060789354145526886
0.15210358798503876 0.3389657735824585 -0.09041807055473328
0.14275795221328735 0.29027271270751953 -0.11893399804830551
0.2245064228773117 0.264082133769989 -0.04757325351238251
0.15475165843963623 0.19676122069358826 -0.12382832914590836
0.12197619676589966 0.24655002355575562 -0.16650304198265076
0.1164313554763794 0.3023090958595276 -0.18216568231582642
0.30335649847984314 0.23866741359233856 -0.06262502074241638
0.23058247566223145 0.16670739650726318 -0.13739173114299774
0.19520007073879242 0.24186308681964874 -0.1591884344816208
0.1975063979625702 0.30819523334503174 -0.1519700139760971
0.3875420391559601 0.2399214208126068 -0.0846462994813919
0.3162553906440735 0.25239065289497375 -0.16267815232276917
0.3106314241886139 0.3584713637828827 -0.15682892501354218
0.33587583899497986 0.41994509100914 -0.12716390192508698
0.47140514850616455 0.25959524512290955 -0.10788941383361816
0.39932745695114136 0.27786940336227417 -0.15864676237106323
0.38498201966285706 0.35567355155944824 -0.1420625001192093
0.40297138690948486 0.4011904001235962 -0.11247357726097107
