0.5717964172363281 0.725948691368103 -2.142640369129367e-06
0.34928762912750244 0.6066704392433167 -0.027652105316519737
0.28368496894836426 0.42995983362197876 -0.05845455825328827
0.30986523628234863 0.2952294647693634 -0.1233513206243515
0.3891076445579529 0.18966640532016754 -0.17505069077014923
0.47109049558639526 0.33453020453453064 0.06329786777496338
0.4313368499279022 0.16779735684394836 -0.13685128092765808
0.28258466720581055 0.19334594905376434 -0.22960957884788513
0.24301204085350037 0.2715465724468231 -0.24737617373466492
0.6410864591598511 0.34206193685531616 -0.008761201053857803
0.6366872191429138 0.15447533130645752 -0.2360476404428482
0.44362637400627136 0.22993318736553192 -0.2945200502872467
0.42133137583732605 0.309660404920578 -0.2539464235305786
0.8057095408439636 0.3802926540374756 -0.10826234519481659
0.6237970590591431 0.2902525067329407 -0.3115203380584717
0.4817829430103302 0.41601356863975525 -0.26782748103141785
0.5406961441040039 0.47611159086227417 -0.16432473063468933
0.9564701318740845 0.43819567561149597 -0.21239978075027466
0.7254054546356201 0.3948588967323303 -0.31762561202049255
0.6399194002151489 0.4793705344200134 -0.26096391677856445
0.7255538702011108 0.5132298469543457 -0.17736582458019257
