0.44753485918045044 0.7293220162391663 -1.8193491087004077e-06
0.29479897022247314 0.5929750204086304 -0.04907364025712013
0.2827630341053009 0.4153246283531189 -0.0943160280585289
0.3065284490585327 0.27676746249198914 -0.1719440519809723
0.4041830897331238 0.16747702658176422 -0.23364897072315216
0.5319482088088989 0.3263777792453766 0.07984408736228943
0.5766303539276123 0.17056599259376526 -0.1191251277923584
0.4196416139602661 0.17882651090621948 -0.21031031012535095
0.33530277013778687 0.23624004423618317 -0.22565561532974243
0.6846777200698853 0.3521169424057007 0.017993072047829628
0.7372379302978516 0.17041997611522675 -0.20686626434326172
0.5198758244514465 0.23456913232803345 -0.25837603211402893
0.4764447510242462 0.289489209651947 -0.2114269733428955
0.8302124738693237 0.40337416529655457 -0.07599031925201416
0.6888337135314941 0.30873772501945496 -0.29009488224983215
0.4988613724708557 0.42699241638183594 -0.24410301446914673
0.5344072580337524 0.4840601086616516 -0.13231003284454346
0.9515448808670044 0.470714807510376 -0.17611807584762573
0.7609291672706604 0.4123099744319916 -0.27904659509658813
0.6347943544387817 0.4905897378921509 -0.21481545269489288
0.6983736157417297 0.5249524712562561 -0.12422872334718704
