0.5545350909233093 0.6097351312637329 -2.4220491923188092e-06
0.3390522301197052 0.5165756940841675 -0.11042018234729767
0.2905789911746979 0.3681141138076782 -0.18432873487472534
0.41946738958358765 0.2856636345386505 -0.25441402196884155
0.6064828634262085 0.23643401265144348 -0.3125852644443512
0.4598475694656372 0.1973070502281189 -0.07657608389854431
0.39473941922187805 0.19175660610198975 -0.2608835995197296
0.33070117235183716 0.29939717054367065 -0.39635029435157776
0.28284752368927 0.38960573077201843 -0.4609212279319763
0.6397390365600586 0.22099114954471588 -0.09479878842830658
0.5778219103813171 0.19391894340515137 -0.26988229155540466
0.47481822967529297 0.31913289427757263 -0.3341576159000397
0.411235511302948 0.4211772382259369 -0.33425575494766235
0.8050585389137268 0.2737588584423065 -0.1373116374015808
0.7403163909912109 0.272342324256897 -0.29611510038375854
0.6111226081848145 0.4015873670578003 -0.2631649971008301
0.540600061416626 0.49183425307273865 -0.19671531021595
0.946074366569519 0.3493613004684448 -0.1918705254793167
0.8785958886146545 0.34392815828323364 -0.2866978049278259
0.7439262270927429 0.44005972146987915 -0.23396609723567963
0.6792623400688171 0.5014969706535339 -0.16344228386878967
