0.5071425437927246 0.7278130054473877 1.4933269767425372e-06
0.3122326135635376 0.6628722548484802 -0.031326256692409515
0.1755417287349701 0.5385335087776184 -0.043484676629304886
0.15864399075508118 0.4302968978881836 -0.06592987477779388
0.21549342572689056 0.3512062430381775 -0.09119211882352829
0.270052969455719 0.4009224772453308 0.011161521077156067
0.220346137881279 0.3361262083053589 -0.049213699996471405
0.17162004113197327 0.2733800709247589 -0.11512909829616547
0.13243132829666138 0.21222379803657532 -0.16721215844154358
0.3969873785972595 0.36765334010124207 -0.018958805128932
0.3552059233188629 0.29025956988334656 -0.08632046729326248
0.31252920627593994 0.22584816813468933 -0.1486237496137619
0.2766128182411194 0.16580629348754883 -0.18520571291446686
0.5374709963798523 0.36717355251312256 -0.056059807538986206
0.4171402156352997 0.34307026863098145 -0.1500527560710907
0.3687734305858612 0.4494209885597229 -0.15543535351753235
0.35446882247924805 0.5353415012359619 -0.1322542279958725
0.6725707054138184 0.39474213123321533 -0.09670991450548172
0.5368132591247559 0.3965778946876526 -0.17569680511951447
0.4901672601699829 0.4784561097621918 -0.16399024426937103
0.49006161093711853 0.5436204671859741 -0.13392415642738342
