0.5803046822547913 0.6553307771682739 -1.6722216287234914e-06
0.37825021147727966 0.6004186272621155 -0.03655984252691269
0.24020624160766602 0.45036765933036804 -0.050288837403059006
0.2603805661201477 0.32577866315841675 -0.07525037229061127
0.3585505485534668 0.24816006422042847 -0.08307842910289764
0.2784110903739929 0.3249649405479431 0.03036055713891983
0.21211016178131104 0.21433445811271667 -0.0928473174571991
0.2066686749458313 0.30662107467651367 -0.1424117386341095
0.24733631312847137 0.37052690982818604 -0.15244796872138977
0.4243541657924652 0.29670044779777527 -0.0027757366187870502
0.3491261601448059 0.15884947776794434 -0.15062353014945984
0.3230496346950531 0.2880229353904724 -0.17514930665493011
0.3590564727783203 0.3568740785121918 -0.13751651346683502
0.5708935856819153 0.30726557970046997 -0.05490969493985176
0.47994306683540344 0.270541787147522 -0.18015526235103607
0.4697650074958801 0.4120347499847412 -0.13544203341007233
0.5083458423614502 0.448289155960083 -0.05990837514400482
0.7194195985794067 0.333904892206192 -0.11245983093976974
0.6022278070449829 0.3441813886165619 -0.16729789972305298
0.5980228781700134 0.43774083256721497 -0.12369266152381897
0.6373262405395508 0.4495950937271118 -0.06702005863189697
