0.5533871054649353 0.6438115835189819 -1.6709767578504398e-06
0.35922321677207947 0.589630663394928 -0.03474472090601921
0.22594444453716278 0.458274781703949 -0.04919131472706795
0.21343280375003815 0.33848679065704346 -0.07579844444990158
0.256183922290802 0.2497638463973999 -0.08950179070234299
0.2846774458885193 0.326965868473053 0.03716100752353668
0.19645202159881592 0.22377268970012665 -0.09782969206571579
0.1736735701560974 0.2968827486038208 -0.16342507302761078
0.20156878232955933 0.36166492104530334 -0.17801043391227722
0.42242980003356934 0.30532771348953247 0.003297475865110755
0.32984909415245056 0.18148581683635712 -0.13995039463043213
0.288520872592926 0.29638633131980896 -0.17075976729393005
0.32100293040275574 0.36068129539489746 -0.13715113699436188
0.563849925994873 0.31579628586769104 -0.05131852626800537
0.4547148644924164 0.2973463535308838 -0.18813742697238922
0.4327962398529053 0.4288769066333771 -0.16387686133384705
0.48139017820358276 0.4671076536178589 -0.09726642072200775
0.7055743932723999 0.3470955193042755 -0.10990910977125168
0.5673837661743164 0.35908201336860657 -0.17928440868854523
0.5497003793716431 0.453011691570282 -0.14477775990962982
0.599846601486206 0.4761490523815155 -0.08973883837461472
