0.5350627899169922 0.6461730599403381 -2.4549567569920328e-06
0.34392204880714417 0.5775091648101807 -0.11014611274003983
0.2524639368057251 0.4352254867553711 -0.15425553917884827
0.30147430300712585 0.3127932548522949 -0.19489222764968872
0.36243391036987305 0.2220054268836975 -0.20640546083450317
0.32057949900627136 0.28281736373901367 -0.02442380040884018
0.28068915009498596 0.1775347888469696 -0.20894378423690796
0.26326197385787964 0.28522127866744995 -0.2904406785964966
0.28315040469169617 0.363674521446228 -0.30920982360839844
0.5158187747001648 0.2817031443119049 -0.032213661819696426
0.48621881008148193 0.15879356861114502 -0.23745399713516235
0.4219007194042206 0.30827996134757996 -0.2676936388015747
0.4244258999824524 0.38201117515563965 -0.22107753157615662
0.6825815439224243 0.31775951385498047 -0.07173866778612137
0.6128960251808167 0.29825547337532043 -0.26978209614753723
0.5272253155708313 0.44365066289901733 -0.2272879034280777
0.5389425158500671 0.4845278859138489 -0.134745255112648
0.8364075422286987 0.37684157490730286 -0.12144248187541962
0.7252697944641113 0.3870488405227661 -0.22106632590293884
0.648025631904602 0.4841246008872986 -0.1817959100008011
0.6622275114059448 0.5035430192947388 -0.11852246522903442
