0.4898131489753723 0.670341968536377 -1.0910802075159154e-06
0.2859935164451599 0.5732282400131226 -0.04070032015442848
0.22367405891418457 0.4168657064437866 -0.07936184108257294
0.3234547972679138 0.29619911313056946 -0.13475942611694336
0.45549383759498596 0.2198343127965927 -0.18071512877941132
0.3182399570941925 0.30834755301475525 -0.0075280205346643925
0.33768048882484436 0.15616165101528168 -0.1494501829147339
0.29412519931793213 0.18066208064556122 -0.2357385754585266
0.2607438564300537 0.25508740544319153 -0.26532337069511414
0.4700604975223541 0.31971532106399536 -0.048316217958927155
0.5083910226821899 0.15002216398715973 -0.20097212493419647
0.4371376633644104 0.1917334496974945 -0.2592790126800537
0.3835441470146179 0.2797529399394989 -0.25195708870887756
0.6146787405014038 0.35598692297935486 -0.10507983714342117
0.5515813827514648 0.29367420077323914 -0.24978281557559967
0.45752161741256714 0.4145803451538086 -0.2393912971019745
0.4046570062637329 0.5085265636444092 -0.18152852356433868
0.7493457198143005 0.40944212675094604 -0.16590958833694458
0.6505496501922607 0.36879250407218933 -0.24241980910301208
0.5605249404907227 0.4559836983680725 -0.202496737241745
0.5138240456581116 0.5227965712547302 -0.14434683322906494
