0.5325832366943359 0.6497585773468018 -1.744532710290514e-06
0.3211430311203003 0.5628745555877686 -0.0413675494492054
0.22169257700443268 0.41378891468048096 -0.07912186533212662
0.24775351583957672 0.28892871737480164 -0.1347624808549881
0.32796186208724976 0.19778883457183838 -0.1807861626148224
0.30203452706336975 0.30245792865753174 0.011059407144784927
0.2433512806892395 0.15088637173175812 -0.13717322051525116
0.19686199724674225 0.2052152305841446 -0.22243142127990723
0.19670918583869934 0.28626909852027893 -0.24741120636463165
0.45527201890945435 0.305353045463562 -0.030759530141949654
0.4205668866634369 0.13507810235023499 -0.19061493873596191
0.3440098762512207 0.20931921899318695 -0.2437322735786438
0.3230558931827545 0.3061214089393616 -0.22587689757347107
0.6089727282524109 0.3312408924102783 -0.09076658636331558
0.4989314675331116 0.2590734362602234 -0.25214511156082153
0.44738131761550903 0.39415961503982544 -0.23760676383972168
0.4538081884384155 0.49107229709625244 -0.16949084401130676
0.7573453187942505 0.3731882572174072 -0.1534828096628189
0.6144425272941589 0.3355329632759094 -0.24789154529571533
0.5631780028343201 0.43526381254196167 -0.20899832248687744
0.5721371173858643 0.5026394128799438 -0.14471720159053802
