0.5699798464775085 0.6641601324081421 -1.914396079882863e-06
0.3520204424858093 0.569179117679596 -0.06118876114487648
0.29867732524871826 0.4161093831062317 -0.11218726634979248
0.45442599058151245 0.3081893026828766 -0.17025086283683777
0.6518790125846863 0.2357902228832245 -0.21967940032482147
0.33071091771125793 0.3077711760997772 -0.0543944425880909
0.2926364839076996 0.19506072998046875 -0.20738673210144043
0.2833080291748047 0.27566206455230713 -0.299887478351593
0.28025493025779724 0.36796560883522034 -0.33215510845184326
0.5289509892463684 0.30681297183036804 -0.08913081139326096
0.4984220862388611 0.13227567076683044 -0.21971918642520905
0.4489075243473053 0.20354248583316803 -0.2624022662639618
0.4206845760345459 0.297585129737854 -0.25020137429237366
0.720267653465271 0.33777961134910583 -0.1378292292356491
0.69184809923172 0.26297539472579956 -0.26568254828453064
0.5996857285499573 0.3866897225379944 -0.22890526056289673
0.5447669625282288 0.4720182418823242 -0.16131503880023956
0.9001681804656982 0.39107877016067505 -0.192384272813797
0.8333388566970825 0.34213054180145264 -0.252133309841156
0.7444790005683899 0.4291970729827881 -0.18273691833019257
0.7016834020614624 0.4902610182762146 -0.10713952034711838
