0.4834885001182556 0.6493164896965027 -1.74784463524702e-06
0.282767117023468 0.5743820667266846 -0.046204667538404465
0.20151571929454803 0.41411852836608887 -0.07248729467391968
0.24333247542381287 0.2804359197616577 -0.11257258802652359
0.3055793344974518 0.18134568631649017 -0.14295050501823425
0.28797096014022827 0.3007105588912964 0.011088687926530838
0.24845357239246368 0.15310731530189514 -0.13091400265693665
0.2145669311285019 0.20749905705451965 -0.20605485141277313
0.21171356737613678 0.2868465185165405 -0.22194547951221466
0.43726950883865356 0.30863749980926514 -0.020346496254205704
0.4191914200782776 0.14474566280841827 -0.17603932321071625
0.352206289768219 0.2334613800048828 -0.221837118268013
0.3286397159099579 0.3306388556957245 -0.19523167610168457
0.584086537361145 0.34118717908859253 -0.07030187547206879
0.5052566528320312 0.2770186960697174 -0.2303408831357956
0.4394550025463104 0.41142961382865906 -0.21910451352596283
0.4296107888221741 0.5020489692687988 -0.1500774472951889
0.7258564233779907 0.3890242278575897 -0.12183364480733871
0.6119357347488403 0.3418842554092407 -0.21292729675769806
0.5524420738220215 0.4368846118450165 -0.17735351622104645
0.550218403339386 0.499789834022522 -0.11337796598672867
