0.4564223885536194 0.6416835188865662 -8.83978714227851e-07
0.25644195079803467 0.583832323551178 -0.03427523374557495
0.16397906839847565 0.4266495108604431 -0.050865039229393005
0.23341944813728333 0.30530357360839844 -0.08193588256835938
0.3303665518760681 0.23098650574684143 -0.10882144421339035
0.2836977541446686 0.32563385367393494 0.002788583980873227
0.2603997588157654 0.19107945263385773 -0.11829373985528946
0.21838638186454773 0.18833768367767334 -0.18015529215335846
0.20803570747375488 0.24075402319431305 -0.1931333988904953
0.42460188269615173 0.32952040433883667 -0.03186413645744324
0.4177669286727905 0.1758783608675003 -0.17541387677192688
0.3390759229660034 0.2258244901895523 -0.21574005484580994
0.31049859523773193 0.30789777636528015 -0.1890277862548828
0.5648824572563171 0.35786280035972595 -0.08149724453687668
0.4811781942844391 0.2966791093349457 -0.2285470962524414
0.4062202572822571 0.4150887131690979 -0.21426033973693848
0.395562082529068 0.5039205551147461 -0.1475093811750412
0.7015868425369263 0.4015763998031616 -0.13251909613609314
0.5839023590087891 0.36028197407722473 -0.22542478144168854
0.5237473845481873 0.4467485547065735 -0.19554440677165985
0.5278716087341309 0.5084010362625122 -0.1374034881591797
