0.48311057686805725 0.6302168369293213 -1.2465528698157868e-07
0.2823163568973541 0.5716519355773926 -0.0396738201379776
0.17592766880989075 0.4294758439064026 -0.054101306945085526
0.18895754218101501 0.3017009198665619 -0.08171234279870987
0.25208723545074463 0.21034714579582214 -0.10330349951982498
0.22907397150993347 0.3359161913394928 0.030885163694620132
0.19171923398971558 0.21449066698551178 -0.08232633024454117
0.1699202060699463 0.19461630284786224 -0.15245164930820465
0.1635025292634964 0.23499555885791779 -0.17486967146396637
0.3687363266944885 0.3291970491409302 0.0025997667107731104
0.3472496569156647 0.17468172311782837 -0.12794455885887146
0.30556315183639526 0.17603760957717896 -0.19019074738025665
0.2907830476760864 0.22791479527950287 -0.1903502494096756
0.5123932361602783 0.34973639249801636 -0.04073011502623558
0.458130806684494 0.2651141285896301 -0.18158744275569916
0.42002227902412415 0.3855692744255066 -0.17072023451328278
0.416068434715271 0.4850587844848633 -0.10972891747951508
0.6603548526763916 0.38702261447906494 -0.08657584339380264
0.5726025104522705 0.3311237394809723 -0.18009372055530548
0.5343093872070312 0.4207378923892975 -0.1523999720811844
0.5318664908409119 0.4938861131668091 -0.09679334610700607
