0.47632303329501346 0.4936176421489309 -1.1036049727408681e-06
0.7173940990400278 0.4780634557176451 -0.050465572625398636
0.9218984336695534 0.46156623852218703 -0.09522885829210281
1.0 0.4904297024270367 -0.13600178062915802
0.9025466969124191 0.5658518833293305 -0.1768147498369217
0.7146571128978537 0.0005791132769229931 -0.10798532515764236
0.720647492287599 0.4692663419701456 -0.18517737090587616
0.6605540927660469 0.7843488440174162 -0.24084095656871796
0.6226831939727249 1.0 -0.2690476179122925
0.41514678342651257 0.0 -0.10863294452428818
0.44027508291566925 0.5278747087298697 -0.1640767604112625
0.4732327559524013 0.7851294451497667 -0.17921839654445648
0.5179053411249187 0.9501275307334702 -0.18374261260032654
0.17623353792131471 0.09231598929128665 -0.11226452142000198
0.24530961069797277 0.5937034012389344 -0.1470622420310974
0.32192851231838404 0.7164801104446384 -0.1325884461402893
0.37931084574552326 0.7414815047105532 -0.11703895032405853
0.0 0.23154109291294167 -0.12322044372558594
0.06573390573913532 0.5705589626135811 -0.13756491243839264
0.16225437194300096 0.6586286845471959 -0.11909307539463043
0.22961136638718588 0.6617586002734451 -0.0998266339302063
