0.4973856210708618 0.6956819891929626 -4.981039865015191e-07
0.5642263293266296 0.6807066202163696 -0.04164613410830498
0.617835283279419 0.6710754036903381 -0.0816049724817276
0.6476207971572876 0.6827690005302429 -0.11983727663755417
0.6228804588317871 0.703185498714447 -0.15540608763694763
0.5873566269874573 0.5194541811943054 -0.07500607520341873
0.6025904417037964 0.6454921364784241 -0.15132860839366913
0.6074433326721191 0.737952470779419 -0.2045157253742218
0.6154117584228516 0.8017391562461853 -0.2300993651151657
0.5032769441604614 0.5314890146255493 -0.07971900701522827
0.5295009016990662 0.690194845199585 -0.144323468208313
0.5616393685340881 0.7727798223495483 -0.15975773334503174
0.5836243033409119 0.820009171962738 -0.16066379845142365
0.42998093366622925 0.5691394209861755 -0.09079597145318985
0.47416815161705017 0.7169076204299927 -0.13081443309783936
0.49198368191719055 0.7361489534378052 -0.12014011293649673
0.4941871762275696 0.7219313979148865 -0.10511332750320435
0.37500202655792236 0.6200301051139832 -0.10822689533233643
0.4131135940551758 0.7205460071563721 -0.12586547434329987
0.4380313754081726 0.7241696119308472 -0.11594317108392715
0.44814538955688477 0.6981402039527893 -0.10270170867443085
