0.41904754218855284 0.47737646583907395 -8.174388312909286e-07
0.6871339914495687 0.461215835607236 -0.04753224179148674
0.8867480261805736 0.4451359025994136 -0.09201100468635559
1.0 0.4874204776043055 -0.13336333632469177
0.9443055449728773 0.5374440897276093 -0.17319446802139282
0.7797562233047938 0.0 -0.09643768519163132
0.8388978074518987 0.4695008790026979 -0.16939863562583923
0.8356542151136437 0.794758840486818 -0.2224423885345459
0.8555035580681949 1.0 -0.24938291311264038
0.4665804028456161 0.05360645331270771 -0.09896732121706009
0.565997115898476 0.6270116527561858 -0.15608187019824982
0.658474503349815 0.8610299430997903 -0.17031773924827576
0.7291847744006487 0.9897899715113762 -0.17510566115379333
0.19990309469187184 0.1734911352462363 -0.1056613102555275
0.34524313474732354 0.6398001405171709 -0.13557980954647064
0.3864688705584674 0.6561215874126197 -0.12052570283412933
0.3947807593389268 0.588780235458707 -0.10730699449777603
0.0 0.32182129975301643 -0.11981697380542755
0.12964506937386658 0.6358409690754371 -0.12969669699668884
0.20996139613655326 0.6302345342518308 -0.11289545893669128
0.24188543813807653 0.5556057800012634 -0.09713238477706909
