0.4794642531413581 0.5340977388028881 -7.823771852599748e-07
0.7659027776078019 0.5264434395393721 -0.05481548607349396
0.9934172132216598 0.5270944717900755 -0.10178077220916748
1.0 0.6038702772541665 -0.14377926290035248
0.8652369112069737 0.6950800763642149 -0.1858881413936615
0.8284664092901702 0.022506713205127586 -0.10161707550287247
0.7662219048821228 0.5092884082914311 -0.1755506843328476
0.6531478152544469 0.8027149310359789 -0.22782106697559357
0.5839400889243838 0.9958523560899336 -0.2545231282711029
0.49216733691553116 0.0 -0.09932008385658264
0.4614113001592489 0.5313668583806994 -0.16001132130622864
0.4608690868356036 0.8161939702481676 -0.1808142066001892
0.4620227470844087 1.0 -0.18783500790596008
0.20981511015194212 0.07051316045323576 -0.10051719099283218
0.2324856180013891 0.5821298979078583 -0.14516723155975342
0.3008431930024177 0.7777748316275124 -0.14026159048080444
0.3397429195530027 0.8658160461270712 -0.12817759811878204
0.0 0.19453510552306755 -0.10782869160175323
0.04261468039077123 0.5295166090560374 -0.1293237805366516
0.13095920357581062 0.6649616491584991 -0.11760608106851578
0.18339200123454935 0.713458228678041 -0.10227809846401215
