0.7926877737045288 0.37090805172920227 1.8712765381678764e-07
0.8176892399787903 0.3450564444065094 -0.05014811083674431
0.8150507807731628 0.32868435978889465 -0.10015532374382019
0.7792069315910339 0.3469245433807373 -0.14280785620212555
0.7355411052703857 0.3868120312690735 -0.18621452152729034
0.8116430640220642 0.28906479477882385 -0.13560965657234192
0.7691959738731384 0.2925724387168884 -0.18979665637016296
0.7497305870056152 0.33032602071762085 -0.22285473346710205
0.7317286729812622 0.36430734395980835 -0.2443612962961197
0.766299307346344 0.30372488498687744 -0.13455654680728912
0.7203107476234436 0.33695802092552185 -0.18302620947360992
0.6969168782234192 0.39065226912498474 -0.20074886083602905
0.6786060333251953 0.43387505412101746 -0.21771806478500366
0.736566960811615 0.3337371349334717 -0.13295377790927887
0.6904633045196533 0.36094820499420166 -0.18569844961166382
0.6711264252662659 0.3988898694515228 -0.19447647035121918
0.6619465947151184 0.424092561006546 -0.1986342966556549
0.7148051261901855 0.36071038246154785 -0.1337469518184662
0.6731896996498108 0.3798409402370453 -0.1728448122739792
0.6625271439552307 0.4011116623878479 -0.17733871936798096
0.6633139252662659 0.41524121165275574 -0.18111836910247803
