0.7043832453515138 1.0 9.936319429471041e-07
0.9046088786792992 0.8746641599904765 -0.062057193368673325
0.9950641728191133 0.6872290275415522 -0.09722845256328583
1.0 0.5132779311641099 -0.12298399209976196
0.9841520850278077 0.3809436615784781 -0.1476319581270218
0.9102465715353429 0.5707164908653324 -0.09840282797813416
0.9072294912337449 0.3240293852684317 -0.1549791544675827
0.8659418896045371 0.14782959013954888 -0.191884383559227
0.8208733203113959 0.007462417279918031 -0.21425345540046692
0.6666807327666069 0.559837868613529 -0.08822678029537201
0.5870490081240559 0.31846504318807667 -0.14283129572868347
0.5112951109638642 0.14523754668205172 -0.17525558173656464
0.445275085809752 0.0 -0.1946888118982315
0.4497973696523959 0.5708029078008217 -0.08162239193916321
0.345671102133232 0.35126001209114377 -0.1290891021490097
0.2505397456953809 0.1914504741909937 -0.15286071598529816
0.1659227335391302 0.06473877745228317 -0.1641446352005005
0.2732418421854244 0.5926529704943984 -0.07911944389343262
0.1766759398248319 0.4171548354534305 -0.11850935220718384
0.08701152033212221 0.28966001750123627 -0.13650041818618774
0.0 0.18647220825676133 -0.14428074657917023
