0.6688626408576965 0.49051228165626526 -8.035465270950226e-07
0.759854793548584 0.5615323185920715 -0.06213799864053726
0.8307601809501648 0.6161327958106995 -0.12975600361824036
0.851671576499939 0.6493163108825684 -0.18191120028495789
0.8419213891029358 0.6503880620002747 -0.24055267870426178
0.8685954809188843 0.4309000074863434 -0.25105050206184387
0.8421725034713745 0.6011446714401245 -0.3247315287590027
0.8155215382575989 0.6978185176849365 -0.3499241769313812
0.7908071279525757 0.7574784755706787 -0.36253154277801514
0.7791449427604675 0.39787328243255615 -0.24639226496219635
0.7593166828155518 0.6381898522377014 -0.31757596135139465
0.7460172176361084 0.7922578454017639 -0.3351419270038605
0.7291499972343445 0.8992282152175903 -0.3536510765552521
0.6765997409820557 0.4044830799102783 -0.23273707926273346
0.7002737522125244 0.6427500247955322 -0.30114755034446716
0.7188768982887268 0.7493105530738831 -0.3072635233402252
0.72739577293396 0.8072224259376526 -0.31094595789909363
0.5738226175308228 0.4320584237575531 -0.21896013617515564
0.6215617656707764 0.6138031482696533 -0.2645242512226105
0.6598690152168274 0.682152509689331 -0.2604745328426361
0.6801922917366028 0.7138732075691223 -0.2597522437572479
