0.3541330350177562 1.0 -9.910806966217933e-07
0.5568508198355963 0.8137779363528395 -0.048633817583322525
0.7554927257879827 0.588192985545304 -0.08103952556848526
0.8996200777766843 0.41946650998139906 -0.10888417065143585
1.0 0.32110421279112095 -0.12937024235725403
0.5908479770176219 0.0 -0.05644025653600693
0.5887836427825205 0.3479220485078523 -0.12002917379140854
0.5524777550471098 0.6857981458719495 -0.15951986610889435
0.547689705310178 0.9093541207636726 -0.1735832840204239
0.34506658333295315 0.00482297553758689 -0.049626853317022324
0.36677451604641054 0.41337289556329115 -0.1105501726269722
0.37795923208721627 0.744792240855935 -0.131936177611351
0.4126662791084162 0.968835142534958 -0.13250616192817688
0.1476461701793478 0.0841174597715319 -0.048298776149749756
0.16843142532584546 0.42997384140143013 -0.10450129956007004
0.20042632493761375 0.6849365940739981 -0.10500391572713852
0.23500400484100228 0.8770527007377112 -0.08794558793306351
0.0 0.20129176190171658 -0.051353439688682556
0.004175103770676743 0.3806368419437363 -0.08472349494695663
0.03334527073572416 0.5462120096377213 -0.07730842381715775
0.06101337792860108 0.668538820152391 -0.05622875317931175
