0.5326102660012731 0.14121994829474818 -1.4565836181645864e-06
0.8665735898066785 0.18509084959884 -0.08302334696054459
1.0 0.26693961547437034 -0.14878395199775696
0.9172192026618371 0.39744862070884196 -0.1977323591709137
0.7998486740861892 0.5461170817509361 -0.2474818229675293
0.8743095046381466 0.012251636654754915 -0.20563796162605286
0.9083997469519095 0.44820248261612294 -0.2760779857635498
0.8609201937011143 0.7230320903089609 -0.3155635893344879
0.8117658979731006 0.9193060899418918 -0.3351716995239258
0.5596738874784093 0.0 -0.1872335523366928
0.6169595473141253 0.5045055654151162 -0.24362803995609283
0.5919182889373311 0.7931768334561049 -0.2594043016433716
0.5981098806601143 1.0 -0.2723413109779358
0.262841623551026 0.0453443265818643 -0.16511951386928558
0.3551085192692768 0.5380771061004058 -0.2064790278673172
0.42170917910745814 0.7551195756614926 -0.20308871567249298
0.4742050705275402 0.8996876590874928 -0.2012125700712204
0.0 0.14183615929469584 -0.14911919832229614
0.05515062820717006 0.4398892813335404 -0.17013990879058838
0.1329459048071741 0.5416951449715273 -0.15870952606201172
0.18272468495956506 0.6153835166048933 -0.15021076798439026
