0.7943423986434937 0.6367746591567993 -1.130066948462627e-06
0.8621639013290405 0.6425951719284058 -0.07337179780006409
0.883794903755188 0.6675480604171753 -0.1336154341697693
0.8716440200805664 0.7196909189224243 -0.17787010967731476
0.8511419296264648 0.7703310251235962 -0.22652582824230194
0.8412653803825378 0.5800366997718811 -0.1822468787431717
0.8526178598403931 0.7118996381759644 -0.23723381757736206
0.848296046257019 0.8020588755607605 -0.26871010661125183
0.8367680907249451 0.8698171377182007 -0.2864774167537689
0.7743587493896484 0.578249990940094 -0.16614210605621338
0.7917308211326599 0.7240400314331055 -0.21251346170902252
0.795440137386322 0.8222299814224243 -0.23268699645996094
0.7971105575561523 0.8916022777557373 -0.2501402199268341
0.7115809321403503 0.5956504344940186 -0.14534536004066467
0.732458770275116 0.7324636578559875 -0.18165695667266846
0.753971517086029 0.809316873550415 -0.18901327252388
0.7681021690368652 0.8628867864608765 -0.19640661776065826
0.6615923643112183 0.627190351486206 -0.12815742194652557
0.6787112355232239 0.723152756690979 -0.15191620588302612
0.7055758237838745 0.7822524309158325 -0.14628686010837555
0.7239969372749329 0.8239196538925171 -0.1419895738363266
