0.7031989680505123 0.21468511828643377 -9.35489083531138e-07
0.9643261213819002 0.3079342687297675 -0.07326032966375351
1.0 0.42712516164869613 -0.13378672301769257
0.8246121292582884 0.5972200256263623 -0.18152660131454468
0.6260721038838083 0.7505137829273494 -0.23070891201496124
0.8452851712247087 0.04454238709299622 -0.15547315776348114
0.646332890794138 0.4721491887621365 -0.21784132719039917
0.5093021850494881 0.7464225662741925 -0.25620847940444946
0.4110318280720573 0.9470436028737922 -0.27640098333358765
0.5432835012707476 0.0 -0.1424320787191391
0.40977957193857706 0.49718226463874154 -0.19414471089839935
0.3156894030772872 0.7927885441070708 -0.21501809358596802
0.2538138826122568 1.0 -0.2287030667066574
0.28720877508751347 0.0350171329709418 -0.1280764490365982
0.16349220504399783 0.49854075910705664 -0.17223688960075378
0.16447385774018636 0.7416676926055604 -0.17285571992397308
0.16489685878115132 0.9021872540450807 -0.17020756006240845
0.08472148430800114 0.12885920040843513 -0.11839262396097183
0.0 0.45245788438896933 -0.14734099805355072
0.06220557571474406 0.6500972797464144 -0.13471488654613495
0.11399466357182303 0.781858608897898 -0.12040485441684723
