0.5079965265597624 0.23658683880801012 -9.473530440118338e-07
0.787522082903912 0.27446975697230624 -0.07503499835729599
0.9976969423392604 0.3613580255296306 -0.1459018588066101
1.0 0.4933144384723441 -0.20429560542106628
0.8748937890501428 0.6154605549140552 -0.2645997107028961
0.8345697946663838 0.02134898283685728 -0.20418885350227356
0.7610001187423463 0.5168340936145036 -0.2904125452041626
0.6583692053055168 0.7513431234595169 -0.34344059228897095
0.6030550320921586 0.9225545021280017 -0.3716661334037781
0.488595477457536 0.0 -0.19521960616111755
0.5175354346196483 0.5418597991196156 -0.27224159240722656
0.47010992278121766 0.8052910669991374 -0.2959142029285431
0.42563330006734773 1.0 -0.3083430528640747
0.21412073105402415 0.045209869156549225 -0.1827465295791626
0.2923817267312589 0.5611299744629137 -0.23444388806819916
0.35310601878667075 0.7310336775068476 -0.22354023158550262
0.39943937296789694 0.8247337884236224 -0.2117735892534256
0.0 0.15442235206669866 -0.17721027135849
0.08998929506022775 0.4795252639548973 -0.20505911111831665
0.2170339068316732 0.5714281529967167 -0.18949973583221436
0.3106306125020281 0.6005527598918764 -0.17376461625099182
