0.6774258613586426 0.5997251272201538 -1.2715203183688573e-06
0.7674197554588318 0.5875968933105469 -0.05459265038371086
0.839207112789154 0.5666355490684509 -0.09970904886722565
0.8590712547302246 0.5474163293838501 -0.1417590230703354
0.8167345523834229 0.5443686842918396 -0.18344604969024658
0.7541236281394958 0.38461819291114807 -0.10611876100301743
0.7709786295890808 0.539705753326416 -0.18531353771686554
0.7750428915023804 0.6456345319747925 -0.24529026448726654
0.7799717783927917 0.710648775100708 -0.276915580034256
0.6574576497077942 0.39368924498558044 -0.10582210123538971
0.6942877173423767 0.5698570609092712 -0.16252382099628448
0.714651346206665 0.6598020792007446 -0.18380773067474365
0.7295006513595581 0.7180302143096924 -0.19766464829444885
0.5776250958442688 0.43120792508125305 -0.1094115823507309
0.6211702823638916 0.585448145866394 -0.15039461851119995
0.6462123990058899 0.6481373906135559 -0.14877291023731232
0.6626140475273132 0.6847152709960938 -0.14423581957817078
0.5146483182907104 0.48026514053344727 -0.11997292190790176
0.5496370792388916 0.5853321552276611 -0.13742278516292572
0.5823660492897034 0.6237419843673706 -0.13003341853618622
0.6030867099761963 0.6391242742538452 -0.12245865166187286
