0.4721217954894873 0.8801661656669507 -1.2206950259496807e-06
0.7254630084014916 0.7794908892950473 -0.0581577904522419
0.9290718772763565 0.6486783563555719 -0.10763433575630188
1.0 0.590355778303287 -0.154587984085083
0.8880823805184169 0.6415017751922478 -0.19896866381168365
0.7062738116851193 0.0 -0.09495939314365387
0.796464108573763 0.478875212251247 -0.18606126308441162
0.8235015086225834 0.8054907194027097 -0.2542263865470886
0.8499159195538307 1.0 -0.29074615240097046
0.4301645284025996 0.006198878162532163 -0.09890616685152054
0.5468383413983343 0.526287185642088 -0.1671801656484604
0.62793594605507 0.8232114949520968 -0.19089673459529877
0.7002040240956642 0.9932729028115355 -0.20182031393051147
0.19158903628513213 0.12716909585307418 -0.10992638766765594
0.3250391732518885 0.6393941968065721 -0.15510211884975433
0.3879424574306904 0.8338522356826886 -0.1531400978565216
0.4366913931141756 0.8847958232060146 -0.14730507135391235
0.0 0.3028828720208328 -0.13023534417152405
0.10420777543439082 0.6987295524067625 -0.14681358635425568
0.19605570294186989 0.8507145068874902 -0.13935144245624542
0.26010264799417016 0.8723385132228303 -0.1314995288848877
