0.44735273718833923 0.47783470153808594 -8.253897476606653e-07
0.5274558067321777 0.4430490732192993 -0.059774093329906464
0.5948699116706848 0.39694109559059143 -0.10412859171628952
0.5948451161384583 0.3827568590641022 -0.14149397611618042
0.5401332974433899 0.4026906490325928 -0.17571668326854706
0.4982307255268097 0.21271111071109772 -0.09829676896333694
0.5012104511260986 0.3578387498855591 -0.17145121097564697
0.49604853987693787 0.43706512451171875 -0.2202354222536087
0.4887009561061859 0.4621517062187195 -0.2478998750448227
0.39929771423339844 0.22009821236133575 -0.09891653805971146
0.4197315573692322 0.35909104347229004 -0.15984660387039185
0.437377393245697 0.43530482053756714 -0.17632508277893066
0.45005401968955994 0.46453994512557983 -0.18324920535087585
0.3192104697227478 0.25610172748565674 -0.10498670488595963
0.3478321135044098 0.390466570854187 -0.15488840639591217
0.38124892115592957 0.4475947618484497 -0.15006700158119202
0.4065420925617218 0.4562845826148987 -0.14121823012828827
0.25761985778808594 0.30815696716308594 -0.11841938644647598
0.28275740146636963 0.4076696038246155 -0.1493091881275177
0.32905715703964233 0.4530555307865143 -0.14476348459720612
0.3645428717136383 0.45540696382522583 -0.13615891337394714
