0.5610354542732239 0.5781916379928589 2.861155223854439e-07
0.3664633333683014 0.4676455855369568 -0.05913449823856354
0.23766359686851501 0.38291749358177185 -0.11027058959007263
0.2536267936229706 0.32314348220825195 -0.1690666675567627
0.3839859366416931 0.28011083602905273 -0.21901921927928925
0.26577669382095337 0.23189352452754974 -0.04166015610098839
0.27890148758888245 0.193339005112648 -0.16797928512096405
0.33564284443855286 0.21887406706809998 -0.2670465409755707
0.3902283310890198 0.2710682153701782 -0.31278863549232483
0.43761029839515686 0.20220664143562317 -0.057516880333423615
0.4549553394317627 0.2362505942583084 -0.19772955775260925
0.4537762403488159 0.2927544116973877 -0.2814640998840332
0.45822563767433167 0.3622788190841675 -0.3018345236778259
0.6069263219833374 0.22030524909496307 -0.08578858524560928
0.5577713847160339 0.35498741269111633 -0.20449517667293549
0.4548185467720032 0.48073500394821167 -0.2340705692768097
0.37966102361679077 0.5882737040519714 -0.21136827766895294
0.749620795249939 0.2676296830177307 -0.12091557681560516
0.703044056892395 0.3761444687843323 -0.184085413813591
0.6380321979522705 0.44787856936454773 -0.18050475418567657
0.592070996761322 0.5022098422050476 -0.15006723999977112
