0.47359684109687805 0.4461436867713928 -1.496547156421002e-06
0.3179475665092468 0.41753214597702026 -0.05671657621860504
0.19086086750030518 0.4015539288520813 -0.10859692096710205
0.12581583857536316 0.3909534513950348 -0.1600625365972519
0.14215593039989471 0.37864065170288086 -0.2043110579252243
0.17696329951286316 0.19215954840183258 -0.09830255806446075
0.1381877064704895 0.2019656002521515 -0.1647750288248062
0.14025147259235382 0.2532252073287964 -0.19644884765148163
0.1498599499464035 0.31923386454582214 -0.21079367399215698
0.2961663007736206 0.17052994668483734 -0.11084579676389694
0.24295060336589813 0.3763760030269623 -0.19878152012825012
0.2131652534008026 0.5211145877838135 -0.22513963282108307
0.20026269555091858 0.6250499486923218 -0.22823084890842438
0.4143129289150238 0.20541216433048248 -0.12829098105430603
0.34920376539230347 0.412860631942749 -0.19915412366390228
0.31890878081321716 0.49224019050598145 -0.1966642290353775
0.30395516753196716 0.5352509021759033 -0.1828068345785141
0.513678789138794 0.26546332240104675 -0.151405930519104
0.4604805111885071 0.4096044898033142 -0.19454795122146606
0.43146994709968567 0.45963138341903687 -0.18456299602985382
0.41587284207344055 0.48027893900871277 -0.16514042019844055
