0.6767436265945435 0.3924214839935303 -8.604414460933185e-07
0.5612202882766724 0.36813944578170776 -0.00854573491960764
0.43366363644599915 0.3552212119102478 -0.02667347714304924
0.34010350704193115 0.37409305572509766 -0.04627768322825432
0.26281416416168213 0.39387232065200806 -0.0690135732293129
0.35490792989730835 0.20707452297210693 -0.039955947548151016
0.23611871898174286 0.2922433614730835 -0.08577708154916763
0.1559605896472931 0.3555727005004883 -0.11924842745065689
0.09561380743980408 0.4169122874736786 -0.1411038637161255
0.40143072605133057 0.22157736122608185 -0.05900454893708229
0.30415022373199463 0.4442741870880127 -0.10500569641590118
0.2643401622772217 0.5795938968658447 -0.12500156462192535
0.22821304202079773 0.6712190508842468 -0.13756108283996582
0.46101734042167664 0.2734253704547882 -0.07828333228826523
0.39924436807632446 0.4962684214115143 -0.11895737051963806
0.45345452427864075 0.4991077780723572 -0.11086928844451904
0.4860866367816925 0.4483575224876404 -0.10122095048427582
0.5234335064888 0.33934059739112854 -0.09789629280567169
0.46794643998146057 0.5101640224456787 -0.1273013949394226
0.5088353753089905 0.5071913003921509 -0.11226311326026917
0.5366708636283875 0.4521394371986389 -0.09516916424036026
