0.6663117408752441 0.43216875195503235 -4.910193069918023e-07
0.5522037148475647 0.4377909302711487 -0.004564422648400068
0.43078359961509705 0.4014655649662018 -0.018643584102392197
0.3408454358577728 0.3858843147754669 -0.03388816490769386
0.2696995735168457 0.397627055644989 -0.053040362894535065
0.3682256042957306 0.22287680208683014 -0.04336826503276825
0.24436204135417938 0.3184208869934082 -0.08765852451324463
0.15364724397659302 0.374112606048584 -0.11993821710348129
0.0795954167842865 0.4259754419326782 -0.1409684419631958
0.39736101031303406 0.23292815685272217 -0.06302997469902039
0.294158399105072 0.4611726999282837 -0.11520073562860489
0.23868201673030853 0.6201114058494568 -0.13928622007369995
0.1959875226020813 0.7403972148895264 -0.15169017016887665
0.4379894435405731 0.28523528575897217 -0.08084896951913834
0.3899421691894531 0.5402793884277344 -0.12872950732707977
0.4577157497406006 0.5675640106201172 -0.12117841839790344
0.5070316791534424 0.5355409383773804 -0.10587730258703232
0.4870646893978119 0.35846221446990967 -0.09873083233833313
0.44697386026382446 0.5615856051445007 -0.1323239505290985
0.496670126914978 0.5812708735466003 -0.11768456548452377
0.5320745706558228 0.5453351736068726 -0.09791944175958633
