0.3747301697731018 0.467735230922699 2.1106504277668137e-07
0.25562387704849243 0.45177751779556274 -0.0523122102022171
0.16390734910964966 0.41402286291122437 -0.10002492368221283
0.14587216079235077 0.35141485929489136 -0.14393842220306396
0.1845322847366333 0.2937670946121216 -0.18083956837654114
0.1492583155632019 0.25351712107658386 -0.10740377008914948
0.14254450798034668 0.19966602325439453 -0.19471639394760132
0.18391701579093933 0.2106184959411621 -0.252346396446228
0.22956863045692444 0.24251993000507355 -0.27995631098747253
0.23642820119857788 0.1980179250240326 -0.1134873628616333
0.2254621535539627 0.1993861198425293 -0.19947946071624756
0.22949525713920593 0.224248006939888 -0.23439247906208038
0.24178117513656616 0.26421576738357544 -0.2415841668844223
0.33393576741218567 0.18900886178016663 -0.12289687991142273
0.3472139239311218 0.356505811214447 -0.19259995222091675
0.3237488865852356 0.4862455725669861 -0.1852504014968872
0.30845537781715393 0.5909466743469238 -0.15999731421470642
0.4273940920829773 0.21172209084033966 -0.13871343433856964
0.4367494583129883 0.3356711268424988 -0.17313051223754883
0.41898658871650696 0.4102988839149475 -0.1533212810754776
0.4046471118927002 0.4679209887981415 -0.12604567408561707
