0.38878142833709717 0.32476359605789185 -9.633715762902284e-07
0.26832491159439087 0.3390237092971802 -0.06886967271566391
0.1562231183052063 0.341549277305603 -0.13354451954364777
0.1238647997379303 0.35781943798065186 -0.19343256950378418
0.11573854088783264 0.37912091612815857 -0.2522468566894531
0.1716797947883606 0.18386173248291016 -0.13580341637134552
0.21037563681602478 0.26324841380119324 -0.20468124747276306
0.2591172158718109 0.327947199344635 -0.251072496175766
0.30587172508239746 0.3701023757457733 -0.27976009249687195
0.29750576615333557 0.1656418889760971 -0.1376652717590332
0.3261414170265198 0.2693886160850525 -0.19461177289485931
0.34874653816223145 0.3456294536590576 -0.21444684267044067
0.3656870722770691 0.40467724204063416 -0.22600246965885162
0.4108368456363678 0.1779600977897644 -0.14132845401763916
0.43026041984558105 0.32159292697906494 -0.19858874380588531
0.42925137281417847 0.4072010815143585 -0.19439075887203217
0.4272061884403229 0.46547573804855347 -0.1817023605108261
0.5136524438858032 0.2052217572927475 -0.15208357572555542
0.5262686014175415 0.3123176395893097 -0.18644370138645172
0.5113478899002075 0.3793008625507355 -0.17333781719207764
0.49964791536331177 0.42310458421707153 -0.1562540978193283
