0.3560820519924164 0.49580830335617065 -1.141267148341285e-06
0.23360024392604828 0.4589995741844177 -0.04777224734425545
0.12957006692886353 0.407828688621521 -0.09007880091667175
0.08451549708843231 0.34148848056793213 -0.13165950775146484
0.083260178565979 0.2818632423877716 -0.16838832199573517
0.12990537285804749 0.1873311549425125 -0.07577083259820938
0.08864681422710419 0.13828806579113007 -0.14752297103405
0.04846566915512085 0.16411297023296356 -0.19257859885692596
0.009775370359420776 0.21544843912124634 -0.2144375741481781
0.22476410865783691 0.15249262750148773 -0.08698613941669464
0.185530886054039 0.23606474697589874 -0.16756735742092133
0.14616474509239197 0.3423231542110443 -0.19624978303909302
0.10980717837810516 0.43413102626800537 -0.19809940457344055
0.3199233412742615 0.17182746529579163 -0.10347481817007065
0.26713845133781433 0.3411931097507477 -0.18086537718772888
0.24446667730808258 0.4656766653060913 -0.17754268646240234
0.2286221832036972 0.5549003481864929 -0.15512624382972717
0.40410691499710083 0.22397716343402863 -0.12490203231573105
0.3460456430912018 0.3642576336860657 -0.18140482902526855
0.32246431708335876 0.46178674697875977 -0.17174209654331207
0.31443193554878235 0.5278666615486145 -0.14620064198970795
