0.3467874526977539 0.5509965419769287 -9.220721608471649e-07
0.21479004621505737 0.5145211219787598 -0.0371829979121685
0.10716542601585388 0.41905659437179565 -0.06082793325185776
0.07460290193557739 0.3087587356567383 -0.08213015645742416
0.1100732833147049 0.23322361707687378 -0.10085225105285645
0.13600027561187744 0.22027096152305603 -0.05310661718249321
0.12058201432228088 0.16845276951789856 -0.10461879521608353
0.12116730213165283 0.12101919203996658 -0.14686830341815948
0.12677215039730072 0.07600992918014526 -0.17826370894908905
0.23028844594955444 0.17067286372184753 -0.06334730237722397
0.2285195291042328 0.25468525290489197 -0.13928240537643433
0.20961439609527588 0.3856436014175415 -0.16301469504833221
0.1916060447692871 0.487061470746994 -0.16356070339679718
0.32621097564697266 0.17858976125717163 -0.07821029424667358
0.31269311904907227 0.3246403932571411 -0.14143861830234528
0.2872723937034607 0.44258570671081543 -0.13445031642913818
0.267142117023468 0.5185644626617432 -0.11540307104587555
0.4135124683380127 0.22113656997680664 -0.09816289693117142
0.3966643512248993 0.3447962999343872 -0.1393662691116333
0.37315741181373596 0.42114201188087463 -0.13444110751152039
0.3580813705921173 0.4603837728500366 -0.11967684328556061
