0.9987316421108965 0.7161024498057872 5.832169449604407e-07
1.0 0.7716482206397068 -0.1632813960313797
0.8549686977288614 0.8483441714521721 -0.22385752201080322
0.6793400856719735 0.9449691138695968 -0.2550349831581116
0.49995742390428016 1.0 -0.279522180557251
0.6862528494690562 0.2927639985640947 -0.1705435812473297
0.3744424201386673 0.14496781369365594 -0.2346554547548294
0.15965003066769928 0.04931473400335483 -0.2770756483078003
0.0 0.0 -0.30284303426742554
0.614928879957919 0.35219537901688136 -0.11157575249671936
0.34911988726905135 0.40430470216896025 -0.19895988702774048
0.3163065997551187 0.6688542815789532 -0.23881617188453674
0.3851626712775708 0.8632449392812199 -0.24591609835624695
0.568323519501171 0.42802528488977987 -0.06542763113975525
0.3375414906438398 0.4762100682994446 -0.15246041119098663
0.3355673855543601 0.7210742324180233 -0.18593131005764008
0.39616981289139064 0.8715197700206709 -0.1838013231754303
0.5448870767993621 0.4812876686992375 -0.030367404222488403
0.36742569994175184 0.5128581200290112 -0.1004122942686081
0.331342557050144 0.657559660696166 -0.12814666330814362
0.3722942498246297 0.7805180509701285 -0.12966623902320862
