1.0 0.3954832250241827 8.883417734750765e-08
0.9910454832327548 0.5187068519272271 -0.15146404504776
0.8472121844803127 0.6837248941295248 -0.21272572875022888
0.6790311532827787 0.875714372065777 -0.24569803476333618
0.5236349947478821 1.0 -0.2710292935371399
0.6674167187185152 0.06621307590053903 -0.19275328516960144
0.339889416447332 0.009490028885674613 -0.2612673044204712
0.15052337314958064 0.007869800933882816 -0.29365667700767517
0.0 0.0 -0.31113728880882263
0.5935621469158203 0.10835475629028417 -0.13848842680454254
0.3254093322814141 0.2732644065782419 -0.23029682040214539
0.3459397572509115 0.6214315643761498 -0.2570343017578125
0.4410772816644791 0.8183663163821279 -0.2555011808872223
0.5507372331398299 0.20196752728933398 -0.094216488301754
0.32424982803678376 0.3554557862874468 -0.18398812413215637
0.36407040762283527 0.6594110295022928 -0.20813800394535065
0.4474622396524355 0.8183800152022657 -0.20004796981811523
0.5241242331281224 0.2758728331677203 -0.05918046087026596
0.3400912285685507 0.37543294692957213 -0.12716196477413177
0.3252962287849069 0.5501317740879625 -0.15158557891845703
0.37498234208407816 0.6556770736032469 -0.15248647332191467
