0.8307605981826782 0.8370710015296936 -2.2397324528355966e-07
0.7716537117958069 0.8598753213882446 -0.11024995893239975
0.6707088947296143 0.8792431950569153 -0.14124271273612976
0.5807390213012695 0.9075683951377869 -0.1472828984260559
0.5042116641998291 0.9204248189926147 -0.14558877050876617
0.6285495162010193 0.6919766068458557 -0.10784287005662918
0.48190194368362427 0.6910210847854614 -0.13190187513828278
0.39651817083358765 0.6952840089797974 -0.14518748223781586
0.32970666885375977 0.6994842290878296 -0.15199193358421326
0.6209598779678345 0.6912403106689453 -0.053035832941532135
0.4890320599079132 0.7374829053878784 -0.09354324638843536
0.48290103673934937 0.8216742277145386 -0.10855472087860107
0.518482506275177 0.8752500414848328 -0.10622414201498032
0.6164658665657043 0.7090402245521545 -0.00473703071475029
0.49914059042930603 0.7469612956047058 -0.04505928233265877
0.5024595260620117 0.8205621838569641 -0.06501749157905579
0.5319424271583557 0.8616066575050354 -0.06371195614337921
0.6150779724121094 0.7231037020683289 0.036729708313941956
0.531936764717102 0.7480800747871399 0.005259738769382238
0.5113925933837891 0.7925301194190979 -0.01372538786381483
0.5215631127357483 0.8253061175346375 -0.01661899872124195
