0.8514306545257568 0.6630547046661377 -1.2344861488600145e-07
0.7575923204421997 0.7445498704910278 -0.1757390797138214
0.6111153364181519 0.7771747708320618 -0.22608859837055206
0.48335185647010803 0.7976581454277039 -0.2312885820865631
0.3735618591308594 0.8063486814498901 -0.22664402425289154
0.5910739302635193 0.4824627637863159 -0.2023078352212906
0.379707396030426 0.46071308851242065 -0.23134541511535645
0.25806888937950134 0.46140798926353455 -0.2403314709663391
0.16223111748695374 0.4592859447002411 -0.24356843531131744
0.5917667150497437 0.44673770666122437 -0.1040518581867218
0.3781706690788269 0.5346460342407227 -0.14565598964691162
0.3756318688392639 0.6601570844650269 -0.14578501880168915
0.4326414465904236 0.7202062606811523 -0.13248641788959503
0.5903388261795044 0.4539714455604553 -0.013489797711372375
0.4074348211288452 0.5405501127243042 -0.06282723695039749
0.41617435216903687 0.6556609869003296 -0.0780700072646141
0.46918174624443054 0.708125650882721 -0.07025644928216934
0.5852873921394348 0.46907371282577515 0.06703608483076096
0.46675431728363037 0.5402208566665649 0.018972059711813927
0.4490974247455597 0.6153391599655151 -0.007548381574451923
0.4755922555923462 0.6595333814620972 -0.011106436140835285
