1.0 0.4475839405247358 -4.098772308225307e-07
0.8721050863145847 0.6411691426331919 -0.14821897447109222
0.6694852002776449 0.7763591313014542 -0.18663103878498077
0.4933434456806349 0.9119134172207937 -0.18712905049324036
0.34339059379954273 1.0 -0.17469210922718048
0.5392369916046932 0.024155669439735104 -0.14179523289203644
0.2507854213375522 0.05744242924875961 -0.1652035117149353
0.10550371383932952 0.21212751001861416 -0.1765739619731903
0.0 0.3611693255733856 -0.1802956461906433
0.5482848444331327 0.0 -0.05554819479584694
0.29084232064850085 0.2765221063874624 -0.09001073986291885
0.3093057286471824 0.6147895185119645 -0.10146845877170563
0.39245670293505946 0.7811899837429493 -0.098347507417202
0.5645596698224815 0.06216202238976886 0.022793179377913475
0.3493207875425918 0.3047757241177445 -0.015029221773147583
0.3792125670337356 0.5867724037532291 -0.03816411644220352
0.4551304936785344 0.7113483431071477 -0.039244189858436584
0.5787083078073302 0.1188303859440013 0.09257905930280685
0.44212314894986954 0.3178494395169816 0.057570941746234894
0.42985477173495396 0.5252031779526107 0.03269133344292641
0.4719764224690705 0.6418785635958162 0.02757522463798523
