0.7905563712120056 0.36153602600097656 -8.709714904853172e-08
0.7582317590713501 0.38995856046676636 -0.10117325186729431
0.6745373010635376 0.38867247104644775 -0.13617321848869324
0.5744150280952454 0.38223540782928467 -0.15361228585243225
0.4880591928958893 0.37483322620391846 -0.16586817800998688
0.655190110206604 0.17164209485054016 -0.10312288999557495
0.5039018392562866 0.11664935946464539 -0.14868223667144775
0.3999747931957245 0.1011839285492897 -0.18162982165813446
0.3203679919242859 0.1010870561003685 -0.20298704504966736
0.6124770641326904 0.19408167898654938 -0.06983988732099533
0.4951556622982025 0.19596873223781586 -0.12956103682518005
0.4685928225517273 0.28127193450927734 -0.16107340157032013
0.4792664051055908 0.3434387445449829 -0.1701408326625824
0.5798848867416382 0.22275425493717194 -0.0438837893307209
0.47365909814834595 0.23262763023376465 -0.09625563770532608
0.46904829144477844 0.30807623267173767 -0.11247914284467697
0.49220386147499084 0.35445237159729004 -0.10939682275056839
0.5604502558708191 0.24223029613494873 -0.025817854329943657
0.4763373136520386 0.25669583678245544 -0.0679418295621872
0.47049373388290405 0.3071305751800537 -0.07625593990087509
0.5018288493156433 0.3459929823875427 -0.06945952773094177
