1.0 0.7306795717168981 3.570426372334623e-07
0.8453220822449394 0.9182080049298774 -0.20979925990104675
0.6235289430056338 0.9411318462778346 -0.26376017928123474
0.44601079776610997 0.9732239526634777 -0.2554735541343689
0.25731061475388106 1.0 -0.23465341329574585
0.5788585763820213 0.27659238190227564 -0.2628033757209778
0.3027074996358736 0.15531745622227738 -0.2979840934276581
0.13669733422808403 0.07775763909967641 -0.31377431750297546
0.0 0.0 -0.3174610435962677
0.5911650820457663 0.2525683221369741 -0.1293918639421463
0.29350579403266847 0.3465027129554322 -0.15523339807987213
0.21576774569165008 0.6419933772513893 -0.16093970835208893
0.24013653587471337 0.8441430427356088 -0.1601284295320511
0.580088899866506 0.28904851325252007 -0.003354086773470044
0.3214968674723156 0.3755902317341048 -0.0386107861995697
0.2803851518103512 0.6597651241037208 -0.07948359847068787
0.30104027403911887 0.8366824337780582 -0.09700002521276474
0.557958340967309 0.3076644779591869 0.11242664605379105
0.3926422334182243 0.40570958876241064 0.0811910554766655
0.3442347084136811 0.5756986198442647 0.04134982079267502
0.3598951910686028 0.7133720707599454 0.018926260992884636
