0.5322027802467346 0.6785063147544861 -1.246372534069451e-07
0.4878997206687927 0.6743609309196472 -0.01668108068406582
0.4467287063598633 0.6786081194877625 -0.031014220789074898
0.4154660105705261 0.6743844747543335 -0.04536629095673561
0.3975323736667633 0.6606451869010925 -0.059690434485673904
0.45176026225090027 0.7540178894996643 -0.01991075649857521
0.434021919965744 0.7211894989013672 -0.04173067957162857
0.43029823899269104 0.689068615436554 -0.06097766011953354
0.43221673369407654 0.667249858379364 -0.07268212735652924
0.48088476061820984 0.7467320561408997 -0.022913970053195953
0.4577322006225586 0.7085003852844238 -0.03991522639989853
0.45517122745513916 0.6763814091682434 -0.05064833536744118
0.4587554931640625 0.6549922227859497 -0.057571325451135635
0.5107548236846924 0.7341488003730774 -0.027903005480766296
0.4888819456100464 0.6942972540855408 -0.04390702769160271
0.48794499039649963 0.6697786450386047 -0.04523273557424545
0.4939785897731781 0.6540155410766602 -0.04389673098921776
0.5375721454620361 0.7180448174476624 -0.0347118154168129
0.5183534622192383 0.688805878162384 -0.043050188571214676
0.5147363543510437 0.6712632179260254 -0.037929974496364594
0.5172390937805176 0.6601369976997375 -0.032479725778102875
