1.0 0.627042441320703 9.347483569399628e-07
0.9728162887476124 0.7426867989523045 -0.10095485299825668
0.8121457352260958 0.8397441373634341 -0.14274825155735016
0.619934838797303 0.9417772664639191 -0.1636027991771698
0.44935897370153405 1.0 -0.17833830416202545
0.7025372196411929 0.1903087914990816 -0.12857989966869354
0.45018209650755936 0.17808953370457478 -0.16949427127838135
0.2835924724554949 0.173831885682126 -0.19194871187210083
0.14361016857021752 0.1351962041100804 -0.2058236002922058
0.5985519602498203 0.22395292608054376 -0.09220965206623077
0.3287156602996501 0.11962528561373378 -0.13485269248485565
0.1392283362883022 0.08675050167816918 -0.15330080687999725
0.0 0.0 -0.15980233252048492
0.5438956096258777 0.33074716626615297 -0.06039537861943245
0.3191452826404162 0.5121762972544399 -0.11136264353990555
0.37544670675422226 0.7951557744258982 -0.11862768977880478
0.4654034217469983 0.9319273624665702 -0.1087411418557167
0.5323667623069533 0.4414556163458823 -0.035497356206178665
0.3857618215482064 0.6225388472837737 -0.083802230656147
0.4147731643211281 0.8167768664015833 -0.09264563769102097
0.4815192227306139 0.9180728960352469 -0.08639317750930786
