0.4823211431503296 0.8452666997909546 3.565422446172306e-07
0.45526260137557983 0.8613797426223755 -0.12160048633813858
0.37172216176986694 0.8792341351509094 -0.16224880516529083
0.29182183742523193 0.9074779152870178 -0.17719778418540955
0.22226691246032715 0.938849151134491 -0.1822224259376526
0.2903595566749573 0.7241361141204834 -0.1063404232263565
0.18109363317489624 0.800031304359436 -0.14554178714752197
0.17849218845367432 0.8857056498527527 -0.17906400561332703
0.20184017717838287 0.9356523752212524 -0.19546617567539215
0.2681700885295868 0.7452734708786011 -0.04877766594290733
0.1520085632801056 0.7493250370025635 -0.07403279095888138
0.0786978155374527 0.7568525671958923 -0.09560484439134598
0.03200367093086243 0.7443522810935974 -0.10799979418516159
0.26316186785697937 0.7819674611091614 -0.0013593947514891624
0.1800362765789032 0.8318898677825928 -0.037772465497255325
0.1866462528705597 0.8852675557136536 -0.05726916715502739
0.2010415643453598 0.904355525970459 -0.059085436165332794
0.26459169387817383 0.8110685348510742 0.03765540570020676
0.2090688794851303 0.8639472723007202 -0.0030598132871091366
0.2159879356622696 0.9051616191864014 -0.01595366932451725
0.23402360081672668 0.9197243452072144 -0.013700610026717186
