1.0 0.4626255241263722 6.347556222863204e-07
0.9020088227024985 0.7255844098133729 -0.21922165155410767
0.7267577733831825 0.8229944017727859 -0.31368300318717957
0.5597294485406576 0.9085165662082386 -0.35167932510375977
0.36488220935769716 1.0 -0.3849833011627197
0.595323197009434 0.14887997726165614 -0.32437044382095337
0.3121571664596492 0.05346587865001983 -0.3772231638431549
0.12585281129092799 0.017228487656986383 -0.3951331675052643
0.0 0.0 -0.39852795004844666
0.5825360345981617 0.05881584540609156 -0.1948624700307846
0.2831927660119016 0.2428351998282886 -0.2444692850112915
0.24686859710657602 0.5835217435413294 -0.23721367120742798
0.303175383204326 0.813384600808754 -0.21995820105075836
0.5693016002743952 0.05605102377045675 -0.06899422407150269
0.3287858627443238 0.2520348386307023 -0.11218847334384918
0.306916254732819 0.575899367736537 -0.12404146045446396
0.34413021026346796 0.7775509160316224 -0.1201048344373703
0.55905792223596 0.06845339855235898 0.0458395779132843
0.3947311159391402 0.2096829124531839 0.015375788323581219
0.3504805009521535 0.43090511520509367 -0.0015827056486159563
0.36732374694171527 0.6093602828542658 -0.005267350934445858
