0.6852940320968628 0.4789372682571411 -1.2542706429030659e-08
0.6319156885147095 0.5044378042221069 -0.08283572643995285
0.5430970788002014 0.505591094493866 -0.11647626012563705
0.459077924489975 0.5111458897590637 -0.13388368487358093
0.390167236328125 0.5229282379150391 -0.14753426611423492
0.5323250889778137 0.34993696212768555 -0.0885818749666214
0.4254869818687439 0.3239050507545471 -0.11402201652526855
0.3624536395072937 0.31187331676483154 -0.12842141091823578
0.31288790702819824 0.3034249544143677 -0.13595758378505707
0.5247789025306702 0.33699697256088257 -0.051477063447237015
0.4049423635005951 0.34863027930259705 -0.09267472475767136
0.37096184492111206 0.4102849066257477 -0.10863047093153
0.37042152881622314 0.4611906111240387 -0.10820082575082779
0.5177910327911377 0.3419184684753418 -0.018414350226521492
0.41592592000961304 0.35513561964035034 -0.05824470892548561
0.3907490074634552 0.4203345775604248 -0.07213807106018066
0.39320826530456543 0.4698447287082672 -0.06771810352802277
0.5122602581977844 0.3541872203350067 0.00998411700129509
0.43374761939048767 0.35747960209846497 -0.01850714161992073
0.4036867320537567 0.39226046204566956 -0.029736250638961792
0.39816755056381226 0.42439764738082886 -0.027877559885382652
