1.0 0.8716420354329487 1.0339541489656767e-07
0.8964297805072415 0.937630042796963 -0.07961428910493851
0.6836718059120952 0.9314878977414214 -0.11264608055353165
0.47597061683105785 0.9646708710946793 -0.13132059574127197
0.2916870796766018 1.0 -0.14729627966880798
0.6420361538394161 0.3319589090621932 -0.09026242792606354
0.34531924615253917 0.14381500247628481 -0.12138621509075165
0.15004742224609752 0.0526906228405043 -0.13976359367370605
0.0 0.0 -0.1496860831975937
0.6141471279330848 0.3240267241968726 -0.05910911783576012
0.3155416642678457 0.32226658145791237 -0.10868515819311142
0.24218102703667554 0.5978633307758934 -0.12696564197540283
0.265765866510693 0.8077967776255872 -0.1258050501346588
0.5885150488776962 0.3558655908430696 -0.03220014646649361
0.32290880140389916 0.36491229309524 -0.07801765948534012
0.27020951763161066 0.6242143819291508 -0.0888119488954544
0.3006187725083464 0.8015433700533278 -0.08093838393688202
0.572871362788559 0.39678547199149056 -0.010156187228858471
0.3553807730408634 0.4095901225123934 -0.044703077524900436
0.2914346826060066 0.5635882943758942 -0.052673883736133575
0.3107149954899331 0.6922950581024973 -0.04661451652646065
