0.9654789765271522 0.36874420888297016 1.2806076199467498e-07
1.0 0.5073928480149772 -0.11346246302127838
0.9002411736352194 0.7226888744877508 -0.16507750749588013
0.7426825237774215 0.9370721694839882 -0.19416524469852448
0.5712146887457322 1.0 -0.21689236164093018
0.6308706315656906 0.11597307778434533 -0.14424940943717957
0.31948050644551595 0.0 -0.1908266246318817
0.13717276248244428 0.06517959089689813 -0.20962215960025787
0.0 0.15231814804528288 -0.2218221127986908
0.5809400179757044 0.1916267272463995 -0.10603329539299011
0.3642296626843065 0.4564974849440848 -0.17527323961257935
0.43174119382861237 0.7657178136540198 -0.19443364441394806
0.5309016266315724 0.8893555411544174 -0.19277222454547882
0.5781006357453644 0.30298966045756054 -0.07361704111099243
0.3924979035912456 0.580736380835725 -0.14861169457435608
0.4749689153184689 0.8135276141824308 -0.1567564159631729
0.5693958495288726 0.860321422326037 -0.14164434373378754
0.5863191077053447 0.39175942344805975 -0.046763382852077484
0.4371225538213666 0.6029588404393454 -0.10703858733177185
0.4866528841781062 0.7397378043328435 -0.11457768082618713
0.5718863281648603 0.7479068895203234 -0.10371065884828568
