0.6900729537010193 0.9592885375022888 3.3028240977728274e-06
0.5267000794410706 0.905441403388977 -0.06881186366081238
0.4102332592010498 0.7821382284164429 -0.13105641305446625
0.4617810547351837 0.6790756583213806 -0.20276662707328796
0.578435480594635 0.6086586117744446 -0.2765725255012512
0.4790894091129303 0.6045717597007751 -0.12378060072660446
0.37533125281333923 0.44195258617401123 -0.21450752019882202
0.3089098632335663 0.3376731276512146 -0.26382356882095337
0.26245617866516113 0.24876761436462402 -0.2955533564090729
0.6234229803085327 0.5997121334075928 -0.16981132328510284
0.623788058757782 0.3943525552749634 -0.2733757495880127
0.6034181118011475 0.27780506014823914 -0.332080215215683
0.6018037796020508 0.17405259609222412 -0.35580241680145264
0.7657626867294312 0.6357404589653015 -0.21877452731132507
0.6382821202278137 0.5453963279724121 -0.3631219267845154
0.5421905517578125 0.6572668552398682 -0.37225326895713806
0.5287719964981079 0.7291598916053772 -0.3357010781764984
0.8900928497314453 0.6998584866523743 -0.270872563123703
0.7522117495536804 0.6388220191001892 -0.38411229848861694
0.684523344039917 0.7216380834579468 -0.36164653301239014
0.7004454135894775 0.7824562788009644 -0.31672561168670654
