0.49930381774902344 0.8722934126853943 2.480551984263002e-06
0.33544692397117615 0.818123459815979 -0.06006307527422905
0.21364174783229828 0.7137677669525146 -0.11718686670064926
0.25741755962371826 0.6349219679832458 -0.189724862575531
0.3874214291572571 0.5906659364700317 -0.2618957757949829
0.30268752574920654 0.5170599818229675 -0.08597954362630844
0.22452110052108765 0.37384897470474243 -0.17768439650535583
0.17839361727237701 0.28327029943466187 -0.22748766839504242
0.1452159583568573 0.2055882215499878 -0.2592265009880066
0.47331273555755615 0.519335150718689 -0.13875442743301392
0.5013941526412964 0.35107219219207764 -0.2461768537759781
0.5020174980163574 0.2512943148612976 -0.30569782853126526
0.507253110408783 0.16063520312309265 -0.3270518183708191
0.6264994740486145 0.5625801086425781 -0.1982196569442749
0.47228264808654785 0.5249820947647095 -0.3434661626815796
0.3806511163711548 0.6266164183616638 -0.3498417139053345
0.3758040964603424 0.6873147487640381 -0.30732646584510803
0.7423475980758667 0.6327890753746033 -0.26207664608955383
0.565667986869812 0.6186798214912415 -0.3622725307941437
0.4987446665763855 0.6904732584953308 -0.33832070231437683
0.5225590467453003 0.7365850210189819 -0.2926352322101593
