0.6013646721839905 0.9527755975723267 2.8168440167064546e-06
0.39173656702041626 0.8800667524337769 -0.08273573219776154
0.2957581579685211 0.7554551362991333 -0.14583227038383484
0.3840593099594116 0.6467489004135132 -0.22630760073661804
0.5445508360862732 0.5815625786781311 -0.3060632050037384
0.43160611391067505 0.5965608954429626 -0.0751379132270813
0.3467111885547638 0.43750542402267456 -0.18167570233345032
0.30330368876457214 0.3394196629524231 -0.23927876353263855
0.2747504413127899 0.256026953458786 -0.2700293958187103
0.6040934920310974 0.6007963418960571 -0.12412400543689728
0.6746966242790222 0.40805482864379883 -0.24427714943885803
0.6870238780975342 0.3002081513404846 -0.30551138520240784
0.7108405828475952 0.21310004591941833 -0.3198072910308838
0.7618603110313416 0.6420922875404358 -0.18521831929683685
0.6679708957672119 0.5405840873718262 -0.37142157554626465
0.5468268990516663 0.6415227055549622 -0.3763534426689148
0.5272156596183777 0.7163602113723755 -0.3132248818874359
0.8961830139160156 0.7079828977584839 -0.25015461444854736
0.7648608684539795 0.6212190985679626 -0.38368555903434753
0.6611368656158447 0.700879693031311 -0.347229927778244
0.6490190029144287 0.7709141969680786 -0.2794010043144226
