0.5212610363960266 0.8955882787704468 2.813103947119089e-06
0.3439997732639313 0.853387713432312 -0.0827842429280281
0.22311189770698547 0.7382537722587585 -0.14896026253700256
0.281419962644577 0.6339638233184814 -0.2249094396829605
0.41065695881843567 0.564784586429596 -0.29772862792015076
0.2855460047721863 0.5657100677490234 -0.11014195531606674
0.21469473838806152 0.405452162027359 -0.22458414733409882
0.1766742616891861 0.30070728063583374 -0.28722161054611206
0.15270130336284637 0.21221524477005005 -0.322054386138916
0.4463617503643036 0.5624876618385315 -0.1542910933494568
0.4641359746456146 0.3759080767631531 -0.28502538800239563
0.4747507870197296 0.26274654269218445 -0.349128395318985
0.4903544783592224 0.15939995646476746 -0.36826083064079285
0.6049677133560181 0.5982544422149658 -0.20622777938842773
0.5107081532478333 0.5196894407272339 -0.3838961720466614
0.45733505487442017 0.6441423892974854 -0.37099021673202515
0.46309274435043335 0.7239729166030884 -0.3042629361152649
0.7400718927383423 0.6594476103782654 -0.2629774808883667
0.6179119348526001 0.6031752228736877 -0.3891758918762207
0.5551473498344421 0.6905248165130615 -0.3465535640716553
0.5533292889595032 0.751191258430481 -0.2788790464401245
