0.4615215063095093 0.8777762055397034 1.1641819810392917e-06
0.35327404737472534 0.8385711312294006 -0.04380573332309723
0.2637244462966919 0.7379130125045776 -0.08210388571023941
0.2546229064464569 0.6367759704589844 -0.1268671751022339
0.3259858191013336 0.5686139464378357 -0.1685042679309845
0.2935073971748352 0.5458042621612549 -0.04217418283224106
0.21538062393665314 0.4164227247238159 -0.1041889563202858
0.160869300365448 0.3374491333961487 -0.13998129963874817
0.11906315386295319 0.27137666940689087 -0.15851576626300812
0.3811591863632202 0.5278986692428589 -0.06541038304567337
0.3480971157550812 0.3489162027835846 -0.13132818043231964
0.3203663229942322 0.24796146154403687 -0.1644597351551056
0.30288898944854736 0.15930688381195068 -0.1714136004447937
0.469503253698349 0.5505907535552979 -0.09464800357818604
0.3597269654273987 0.5257088541984558 -0.18735377490520477
0.3336140215396881 0.6365340352058411 -0.18941758573055267
0.35363900661468506 0.7087265253067017 -0.15708371996879578
0.5404336452484131 0.6039198637008667 -0.12663161754608154
0.4181353449821472 0.596973180770874 -0.1883283257484436
0.39822426438331604 0.6808280348777771 -0.16942301392555237
0.42550477385520935 0.7387456893920898 -0.1346379965543747
