0.5715301632881165 0.8991767764091492 4.039030045532854e-06
0.4037669599056244 0.8493191003799438 -0.09706846624612808
0.301349401473999 0.7278231978416443 -0.18336498737335205
0.36576148867607117 0.6292626857757568 -0.28194573521614075
0.5548327565193176 0.5818894505500793 -0.3761886656284332
0.49881625175476074 0.5623672008514404 -0.15423467755317688
0.4150163531303406 0.3993123769760132 -0.2858946919441223
0.3727297782897949 0.2899917662143707 -0.35507723689079285
0.3416358530521393 0.203094482421875 -0.3989633321762085
0.6817355155944824 0.5746762752532959 -0.21299748122692108
0.7586618661880493 0.3838055729866028 -0.37973541021347046
0.7777693271636963 0.2651207447052002 -0.46782439947128296
0.7954576015472412 0.1675102412700653 -0.4999142289161682
0.830743670463562 0.6244799494743347 -0.2775353491306305
0.6876174211502075 0.5327578783035278 -0.4921126365661621
0.5544070601463318 0.6348628997802734 -0.48554399609565735
0.5197716355323792 0.7079299688339233 -0.41146042943000793
0.9410616755485535 0.6955474615097046 -0.34738782048225403
0.7533151507377625 0.6341111063957214 -0.5020179152488708
0.6402219533920288 0.7091203331947327 -0.46440455317497253
0.6242150068283081 0.7712439298629761 -0.39317306876182556
