0.44379281997680664 0.8839282393455505 3.038702743651811e-06
0.27957314252853394 0.8122539520263672 -0.08326458185911179
0.21244999766349792 0.680525541305542 -0.1590627133846283
0.3136305510997772 0.5735259056091309 -0.25185006856918335
0.5178053379058838 0.5263240337371826 -0.3407796025276184
0.4502790570259094 0.5330644249916077 -0.1022847518324852
0.39155861735343933 0.3653363287448883 -0.2163151204586029
0.36251696944236755 0.26327478885650635 -0.27463477849960327
0.3490576446056366 0.17679336667060852 -0.3082863390445709
0.6382344961166382 0.550777792930603 -0.15639737248420715
0.7871782779693604 0.3736341595649719 -0.2934705913066864
0.8576350808143616 0.262474000453949 -0.3624788224697113
0.9198392033576965 0.17349699139595032 -0.3811618387699127
0.7829188108444214 0.6009339094161987 -0.2201235592365265
0.6396181583404541 0.5074816346168518 -0.4249365031719208
0.4562070965766907 0.595429539680481 -0.43210482597351074
0.39485323429107666 0.6700154542922974 -0.36658480763435364
0.8825717568397522 0.6704864501953125 -0.28743764758110046
0.7019329071044922 0.5849993228912354 -0.4408428966999054
0.5582459568977356 0.6589229106903076 -0.4118186831474304
0.5206469297409058 0.7328134179115295 -0.34575706720352173
