0.3840993642807007 0.813380241394043 4.0867003008315805e-06
0.25941628217697144 0.7528574466705322 -0.07594162225723267
0.21055683493614197 0.638019859790802 -0.14484210312366486
0.28261226415634155 0.5532022714614868 -0.21605853736400604
0.43042176961898804 0.5291450023651123 -0.2870795726776123
0.46924954652786255 0.5074244141578674 -0.17761707305908203
0.5114645957946777 0.3640724718570709 -0.28928661346435547
0.5450348854064941 0.2659786343574524 -0.3626359701156616
0.5873709321022034 0.18820801377296448 -0.41612154245376587
0.6337151527404785 0.5370826125144958 -0.22049957513809204
0.7723977565765381 0.404518723487854 -0.35035523772239685
0.8428472280502319 0.31334251165390015 -0.4314243197441101
0.9139611124992371 0.23790207505226135 -0.47269877791404724
0.7475093603134155 0.6030938029289246 -0.25936344265937805
0.6116431951522827 0.5530283451080322 -0.4005734622478485
0.3989763855934143 0.6229388117790222 -0.392688125371933
0.2773808240890503 0.6788098812103271 -0.34926727414131165
0.7981706857681274 0.6900999546051025 -0.3044761121273041
0.6401835083961487 0.6587516069412231 -0.4199032485485077
0.4697057008743286 0.6886664628982544 -0.3972533941268921
0.3699893355369568 0.7182704210281372 -0.35158368945121765
