0.5088658332824707 0.7578924298286438 1.3125292070981232e-06
0.42773109674453735 0.7613130807876587 -0.03255527839064598
0.3344743549823761 0.6785421371459961 -0.06035630404949188
0.30597054958343506 0.5832743644714355 -0.09145050495862961
0.32999905943870544 0.49681252241134644 -0.12122809886932373
0.3434107303619385 0.5357956886291504 -0.06165888532996178
0.23775720596313477 0.42960017919540405 -0.09880568832159042
0.16756686568260193 0.36346036195755005 -0.11224701255559921
0.11256183683872223 0.3110903203487396 -0.12072443962097168
0.40117496252059937 0.5008663535118103 -0.07792123407125473
0.3358023166656494 0.335957407951355 -0.1276053637266159
0.28199025988578796 0.24946808815002441 -0.1496383547782898
0.23884403705596924 0.1744760274887085 -0.1559329479932785
0.4690350294113159 0.4986961781978607 -0.0946580320596695
0.3730674386024475 0.4510149657726288 -0.16129450500011444
0.3777305483818054 0.5650915503501892 -0.15590213239192963
0.40908628702163696 0.6419728994369507 -0.13008619844913483
0.539470911026001 0.5116127729415894 -0.1133674904704094
0.45523297786712646 0.47701340913772583 -0.1663908213376999
0.4177924394607544 0.533297061920166 -0.16061128675937653
0.4074888527393341 0.5819208025932312 -0.14249952137470245
