0.5141817927360535 0.9125858545303345 2.882001126636169e-06
0.3633385896682739 0.8319553136825562 -0.20260529220104218
0.3737441599369049 0.6996825933456421 -0.28736427426338196
0.5849083662033081 0.6005911827087402 -0.35624390840530396
0.7701464891433716 0.5163624286651611 -0.4108143448829651
0.3931068778038025 0.5156068801879883 -0.14884451031684875
0.3588319420814514 0.35627514123916626 -0.29922810196876526
0.3394657373428345 0.2512957453727722 -0.38279059529304504
0.3297901749610901 0.16156259179115295 -0.42499417066574097
0.630565345287323 0.5327436327934265 -0.13547077775001526
0.7961151599884033 0.37425804138183594 -0.29890990257263184
0.8781696557998657 0.27160584926605225 -0.37464362382888794
0.9544906616210938 0.18026956915855408 -0.38901036977767944
0.800392210483551 0.5970303416252136 -0.1473868042230606
0.8718787431716919 0.5309062004089355 -0.3890611529350281
0.7191028594970703 0.6441185474395752 -0.39213770627975464
0.6499939560890198 0.713385283946991 -0.3126608729362488
0.9115632772445679 0.6847562789916992 -0.17150013148784637
0.9214444756507874 0.6371365785598755 -0.35681867599487305
0.790157675743103 0.7156256437301636 -0.3303945064544678
0.7333559989929199 0.7623105049133301 -0.2543671429157257
