0.46084028482437134 0.8637669682502747 2.666983391463873e-06
0.30695682764053345 0.8253952264785767 -0.06395749747753143
0.2109566479921341 0.7014217376708984 -0.112775519490242
0.2541431486606598 0.5926544070243835 -0.16600331664085388
0.3347640335559845 0.5215701460838318 -0.21609804034233093
0.3155345618724823 0.5565582513809204 -0.12171068787574768
0.23437178134918213 0.41169190406799316 -0.22312738001346588
0.18754923343658447 0.3116704523563385 -0.28029972314834595
0.16109681129455566 0.23282510042190552 -0.31732308864593506
0.4728962182998657 0.5526455640792847 -0.15953673422336578
0.49203991889953613 0.3932163715362549 -0.27976542711257935
0.4979739189147949 0.2905184030532837 -0.346211701631546
0.5118963718414307 0.2056197226047516 -0.3719598650932312
0.6201729774475098 0.5903521180152893 -0.19785618782043457
0.4926135838031769 0.530357837677002 -0.34435850381851196
0.3813842535018921 0.6292037963867188 -0.3339000940322876
0.33257463574409485 0.7049335241317749 -0.28232088685035706
0.7414178252220154 0.6557870507240295 -0.23990118503570557
0.5754421949386597 0.6406733989715576 -0.35115674138069153
0.4745960533618927 0.703049898147583 -0.3233284056186676
0.43894922733306885 0.7515653967857361 -0.2712022364139557
