0.6222752928733826 0.9444848299026489 3.076366056120605e-06
0.42232438921928406 0.8910543322563171 -0.13072291016578674
0.3301394581794739 0.7481183409690857 -0.20826290547847748
0.4612308144569397 0.6210739612579346 -0.2830217778682709
0.61464923620224 0.529126763343811 -0.34797316789627075
0.3659822344779968 0.5655882954597473 -0.13822901248931885
0.28152766823768616 0.3922675848007202 -0.2714320421218872
0.23295637965202332 0.2821146845817566 -0.347633421421051
0.1968754529953003 0.19056612253189087 -0.3930751383304596
0.5670034289360046 0.5691186189651489 -0.16754096746444702
0.6463722586631775 0.373054563999176 -0.3148091435432434
0.6954973340034485 0.25333505868911743 -0.3933156728744507
0.7493948340415955 0.1499510407447815 -0.42200449109077454
0.7368592023849487 0.6231532096862793 -0.20952527225017548
0.7495237588882446 0.5305842161178589 -0.4066026508808136
0.6403566598892212 0.648883581161499 -0.39117372035980225
0.5950727462768555 0.7267910242080688 -0.32076460123062134
0.8722330927848816 0.7028488516807556 -0.2604295313358307
0.8103564977645874 0.6448851227760315 -0.420280784368515
0.7162935733795166 0.7350088953971863 -0.38022303581237793
0.6819112300872803 0.7972643375396729 -0.3064022958278656
