0.5812786817550659 0.9027736186981201 2.297733090017573e-06
0.3948374390602112 0.8270878791809082 -0.21298927068710327
0.39600032567977905 0.685569167137146 -0.2709876596927643
0.6081915497779846 0.5795328617095947 -0.31076711416244507
0.7894176840782166 0.4958668649196625 -0.33598846197128296
0.3694674074649811 0.506820559501648 -0.10093814879655838
0.30630770325660706 0.34383338689804077 -0.20864687860012054
0.288856565952301 0.23973622918128967 -0.2689378261566162
0.27917343378067017 0.15212354063987732 -0.29831820726394653
0.6027103662490845 0.5117319226264954 -0.07239978760480881
0.6985494494438171 0.33848175406455994 -0.20441678166389465
0.7820239067077637 0.22961896657943726 -0.2731319069862366
0.8551977872848511 0.1468457281589508 -0.2852106988430023
0.783657968044281 0.5619801878929138 -0.07442934066057205
0.8609278202056885 0.5025349259376526 -0.31187936663627625
0.7694253325462341 0.6153659820556641 -0.35128703713417053
0.7159833312034607 0.6912232041358948 -0.293366938829422
0.9199299812316895 0.6308607459068298 -0.08815512806177139
0.959165096282959 0.5756866931915283 -0.289546936750412
0.8612792491912842 0.6616470217704773 -0.2950429916381836
0.7976160645484924 0.7264829277992249 -0.2400999665260315
