0.469022661447525 0.8839900493621826 1.9401340978220105e-06
0.3322303295135498 0.8157038688659668 -0.03887905925512314
0.2455020248889923 0.6914255619049072 -0.07537034153938293
0.2701355814933777 0.590027928352356 -0.12662380933761597
0.3822566866874695 0.5349726676940918 -0.17686842381954193
0.41575783491134644 0.547696590423584 -0.04738160967826843
0.31109899282455444 0.4000815153121948 -0.12141480296850204
0.23310229182243347 0.30828896164894104 -0.1565340906381607
0.1751854121685028 0.23317056894302368 -0.17663714289665222
0.5387668609619141 0.5535693168640137 -0.09420464187860489
0.5554804801940918 0.3677669167518616 -0.1868218332529068
0.5293135643005371 0.25769901275634766 -0.23719310760498047
0.5158970355987549 0.17068395018577576 -0.25279301404953003
0.6440305113792419 0.5907726287841797 -0.1463533192873001
0.49798086285591125 0.4902452528476715 -0.2879965007305145
0.38653701543807983 0.5758703947067261 -0.29883015155792236
0.36282163858413696 0.6500147581100464 -0.2594829797744751
0.7210162878036499 0.6467699408531189 -0.19905972480773926
0.5368427634239197 0.5876711010932922 -0.30606064200401306
0.4446990489959717 0.6571000218391418 -0.2927439212799072
0.4382185935974121 0.7185305953025818 -0.2531885802745819
