0.7232299447059631 0.8768758177757263 2.38987990996975e-06
0.5030258297920227 0.8339134454727173 -0.18635879456996918
0.39797425270080566 0.7002224922180176 -0.26931172609329224
0.5473825335502625 0.5754501819610596 -0.3345763683319092
0.6826428174972534 0.478183388710022 -0.38865169882774353
0.3949402868747711 0.534404456615448 -0.16957129538059235
0.310808002948761 0.3685080409049988 -0.30573171377182007
0.2778282165527344 0.2649116516113281 -0.38076451420783997
0.2589981257915497 0.1760368049144745 -0.42105454206466675
0.6125785112380981 0.5290375351905823 -0.1610545963048935
0.6537882685661316 0.3441041111946106 -0.2967052757740021
0.6839696764945984 0.24066846072673798 -0.35401788353919983
0.7302366495132446 0.14721441268920898 -0.36661794781684875
0.7960017919540405 0.5686880350112915 -0.17495517432689667
0.8278977870941162 0.48487532138824463 -0.3747798800468445
0.7245810031890869 0.5983728170394897 -0.3698520362377167
0.6858516335487366 0.6675061583518982 -0.3031861484050751
0.9540793299674988 0.6356436610221863 -0.2011992484331131
0.9335477352142334 0.5785319805145264 -0.3580392599105835
0.8402908444404602 0.6611372232437134 -0.331687331199646
0.8039859533309937 0.7133981585502625 -0.26956918835639954
