0.4718348979949951 0.9180723428726196 2.332254780412768e-06
0.30693453550338745 0.862252950668335 -0.07513950020074844
0.19840304553508759 0.7359236478805542 -0.13546642661094666
0.22986964881420135 0.6216945648193359 -0.20851236581802368
0.37277016043663025 0.5618456602096558 -0.28003501892089844
0.34156158566474915 0.5649784803390503 -0.07997546344995499
0.2544716000556946 0.40707170963287354 -0.17612935602664948
0.20281273126602173 0.3085630536079407 -0.225884348154068
0.16737887263298035 0.22730281949043274 -0.25513648986816406
0.49030566215515137 0.5714836120605469 -0.12315747141838074
0.5362296104431152 0.3798421025276184 -0.23611119389533997
0.5318526029586792 0.27349501848220825 -0.28971508145332336
0.533421516418457 0.18705004453659058 -0.30306684970855713
0.625548243522644 0.6137108206748962 -0.17655049264431
0.5014641284942627 0.5069683790206909 -0.3454170227050781
0.39560985565185547 0.6045154929161072 -0.34909525513648987
0.3793165981769562 0.6768894195556641 -0.29572200775146484
0.7376686334609985 0.6796372532844543 -0.23316381871700287
0.571947455406189 0.6061960458755493 -0.35956862568855286
0.49034929275512695 0.6872740983963013 -0.33599963784217834
0.4940897226333618 0.7531210780143738 -0.28386205434799194
