0.5792931318283081 0.8227771520614624 1.2048122925989446e-06
0.6475170254707336 0.7565747499465942 -0.03607267141342163
0.6627602577209473 0.6536548137664795 -0.046692512929439545
0.584614634513855 0.6166549324989319 -0.05820496380329132
0.5095656514167786 0.6319832801818848 -0.06824849545955658
0.6625158786773682 0.5617907643318176 -0.01296992413699627
0.6957199573516846 0.4490446150302887 -0.04233822599053383
0.7076053619384766 0.37447619438171387 -0.06052572652697563
0.714339017868042 0.31600627303123474 -0.06989171355962753
0.590307354927063 0.569512665271759 -0.022004384547472
0.5810073018074036 0.4435356855392456 -0.05603579804301262
0.5766388177871704 0.35992035269737244 -0.07969053834676743
0.5717253684997559 0.29156386852264404 -0.08851324021816254
0.528944730758667 0.6042031049728394 -0.03636863827705383
0.5278221964836121 0.5481077432632446 -0.09904832392930984
0.5555216073989868 0.6117870807647705 -0.11244692653417587
0.5673573613166809 0.6616005897521973 -0.0982125774025917
0.47680169343948364 0.6546880006790161 -0.05215873941779137
0.4839809238910675 0.6052979230880737 -0.09796498715877533
0.5122905969619751 0.6484920382499695 -0.09092599153518677
0.5241722464561462 0.6896673440933228 -0.07148781418800354
