0.609504731337502 1.0 6.713523816870293e-07
0.9648856178407393 0.8339181311105685 -0.027434518560767174
1.0 0.6292812217284347 -0.03434492275118828
0.5634255990260638 0.559918764750553 -0.0410437174141407
0.2042211277737812 0.5848054895309783 -0.046760767698287964
0.83763643406563 0.48591582917922627 -0.007257245015352964
0.9198171656244812 0.2806647635072078 -0.02955523505806923
0.9349640861048089 0.15115236186259923 -0.04471530020236969
0.9417825244867467 0.049494757143514 -0.052065446972846985
0.50808079242986 0.5122545091211195 -0.010529089719057083
0.34154169664102707 0.26361627871089327 -0.03560693934559822
0.2554652205190637 0.1118712598077203 -0.051165029406547546
0.18611344142548836 0.0 -0.05570826679468155
0.2397078191577666 0.5889076470772253 -0.018135830760002136
0.1466730120081899 0.48452064547296986 -0.06304676830768585
0.3617030601516241 0.5892777532948544 -0.07176940888166428
0.5002959437773228 0.6802694628567926 -0.061153002083301544
0.007414752919041558 0.6931279455178789 -0.026594655588269234
0.0 0.5987629533501982 -0.059139542281627655
0.18657606109235791 0.6763741516037202 -0.05425606295466423
0.291746112556029 0.7548174379907272 -0.0407547652721405
