0.5360540151596069 0.8769239783287048 9.515207466392894e-07
0.5972087979316711 0.8483502864837646 -0.036872055381536484
0.6286396384239197 0.7838922739028931 -0.05384070426225662
0.5746049284934998 0.7478821277618408 -0.07051094621419907
0.5173925757408142 0.7397512793540955 -0.08687429875135422
0.6271639466285706 0.6805227398872375 -0.029264118522405624
0.6703766584396362 0.5969884395599365 -0.061273206025362015
0.6932767033576965 0.5378821492195129 -0.08152682334184647
0.7091951966285706 0.4914449453353882 -0.09195449948310852
0.5684397220611572 0.6770462393760681 -0.03417333588004112
0.5695755481719971 0.5787516832351685 -0.06889093667268753
0.5687807202339172 0.5099790692329407 -0.092220239341259
0.5662756562232971 0.45140063762664795 -0.10204514861106873
0.5162034034729004 0.7008906006813049 -0.04291461035609245
0.520107626914978 0.6654731035232544 -0.09254884719848633
0.5309315323829651 0.7126229405403137 -0.10088062286376953
0.532011866569519 0.7449926733970642 -0.08963628113269806
0.4689921736717224 0.7395626306533813 -0.053616151213645935
0.4781240224838257 0.7093839049339294 -0.08604171872138977
0.4890090823173523 0.7398868799209595 -0.07656962424516678
0.489077091217041 0.7626417279243469 -0.05928242951631546
