0.3482704510262621 1.0 1.0327793233955163e-06
0.6219061876977886 0.9049959602984301 -0.03197311982512474
0.7383191025540888 0.7569573291560462 -0.050749845802783966
0.4560045177274096 0.6953999982565425 -0.07012837380170822
0.18452957792807004 0.6888625863582204 -0.08934055268764496
0.6992794549453427 0.5319407628511839 -0.03134717047214508
0.8636945541505223 0.3379677014824508 -0.06516638398170471
0.9428034845793565 0.19933377786885575 -0.08764497935771942
1.0 0.08769314152903154 -0.10014557838439941
0.42939074949007244 0.5321348954527447 -0.03963610157370567
0.4169563541386266 0.29986679154987694 -0.07426542788743973
0.4043734613852865 0.13771888520010808 -0.0979694277048111
0.38918148524812707 0.0 -0.10908789187669754
0.19990105495694574 0.5947021863371329 -0.05101662129163742
0.20804925110604616 0.5089599183287051 -0.09906400740146637
0.2785754042795195 0.6113555257015375 -0.10619144141674042
0.29975331600952354 0.6901975766218409 -0.09545166790485382
0.0 0.6922388055158012 -0.06414378434419632
0.02970573430168897 0.6169237966580688 -0.09401874244213104
0.09333953225713523 0.6757176091553101 -0.08307668566703796
0.10790944266503337 0.7271904224964678 -0.06579971313476562
