0.4644690399687037 1.0 1.5922583997962647e-06
0.7643644259636136 0.9013514597432077 -0.06006893143057823
0.9059885803703688 0.7402997248047736 -0.08983432501554489
0.6191638791576375 0.670867976609024 -0.11875410377979279
0.32899865056724525 0.6557209866799509 -0.14554192125797272
0.7383811202489637 0.5052140192525371 -0.04781148582696915
0.888174661433036 0.30376988525192483 -0.09974294900894165
0.9583877135686123 0.16507595917485451 -0.13361623883247375
1.0 0.05277890462852766 -0.15225094556808472
0.4546284664378052 0.5125876487686862 -0.05768521875143051
0.4124620774231549 0.28254511440060853 -0.11543917655944824
0.4085454697300695 0.1317452940115959 -0.15268298983573914
0.38603095343797666 0.0 -0.1684991866350174
0.21393186023920563 0.5756565944757668 -0.07420410960912704
0.2846200709441194 0.4901040429701234 -0.1628594845533371
0.39838375757682315 0.6108080177988652 -0.17605851590633392
0.4195078746214336 0.69613181012972 -0.155901238322258
0.0 0.6706984062945952 -0.09379163384437561
0.07298092772403002 0.5964771416825514 -0.15504589676856995
0.1986362377638976 0.6677918045850922 -0.141990527510643
0.239752882379573 0.7283378869461442 -0.11442472040653229
