0.42422925148969587 1.0 1.1261640793236438e-06
0.7365097014449334 0.8791796340258783 -0.039125051349401474
0.8007329699553256 0.6997645153543215 -0.05403762310743332
0.4708604712036127 0.6339563333255405 -0.06871367245912552
0.16153961634145214 0.653314862004628 -0.08214212954044342
0.7829671508040729 0.50328408039255 -0.02299862541258335
0.9172514918954826 0.29202221376820064 -0.05375703051686287
0.9710053714836249 0.15203796233520855 -0.07375384867191315
1.0 0.045232852800134886 -0.08479250967502594
0.47058854259463334 0.5151521806534676 -0.029196789488196373
0.4050331263486449 0.28330477149228356 -0.06445661187171936
0.3739876227115654 0.1265692187185262 -0.08974117785692215
0.3449223312502887 0.0 -0.10042203217744827
0.21022940986267744 0.58020847428289 -0.040274739265441895
0.18831949769369347 0.4865741636127104 -0.09769522398710251
0.31398075988236407 0.5840524564954397 -0.11288900673389435
0.3750415179170434 0.6627667178867024 -0.10307783633470535
0.0 0.6754064247257934 -0.05333361774682999
0.02770152411998513 0.5972434458308568 -0.09519750624895096
0.14956100989171248 0.6653055219638078 -0.09115812927484512
0.21087774925597694 0.7322153244018248 -0.07546847313642502
