0.7224162289261796 1.0 1.0586370535747847e-06
0.9755092126203432 0.8566236137832773 -0.03448555991053581
1.0 0.6595771692345941 -0.04698595404624939
0.6341509593833315 0.6115833912360751 -0.059119340032339096
0.31787407158823533 0.6582464513492942 -0.07062125951051712
0.6933451629113162 0.48637341540890205 -0.018589302897453308
0.7278066248710148 0.26526270285817966 -0.045859333127737045
0.7280886398057245 0.11689957365186948 -0.06371459364891052
0.7127875014287538 0.0 -0.07204069942235947
0.4031804099136357 0.5326848783680095 -0.023758014664053917
0.24449693320681345 0.2986893773622716 -0.05341307073831558
0.17467359632789212 0.1440223048886637 -0.0731160044670105
0.10360487895375321 0.018867514346083643 -0.07964430749416351
0.18346200198491458 0.6210930978538219 -0.03310428932309151
0.17414231452868134 0.5405218855641148 -0.08566460758447647
0.38445900585443293 0.6443523017419877 -0.09514280408620834
0.4981544236840403 0.728362142560313 -0.08170349895954132
0.0 0.7384961675492131 -0.043679531663656235
0.002003514217670064 0.6443012971607729 -0.08014502376317978
0.20887068915770216 0.7218626817316919 -0.06987589597702026
0.3323986355818593 0.8049660067008314 -0.04986587166786194
