0.6483630271996005 1.0 9.80539653028245e-07
0.9144734903466022 0.8729060702982729 -0.03359311446547508
1.0 0.6777343630449442 -0.04733489826321602
0.7060590822863723 0.5985754608997654 -0.06019498407840729
0.3962875617189775 0.6081532422236042 -0.07226195931434631
0.6971963907923825 0.4927607921925794 -0.024062171578407288
0.7944562788989616 0.2743138122670021 -0.052659258246421814
0.8461352980745802 0.13132296342965538 -0.0715523362159729
0.8718539282942954 0.012942474522096698 -0.08037267625331879
0.42760466521484686 0.5198498678079986 -0.027898434549570084
0.3471487519640917 0.27621886320715033 -0.057649463415145874
0.32643196107525924 0.12192724592950699 -0.07569117099046707
0.2919830838592299 0.0 -0.08152562379837036
0.2024341270814461 0.5962043607346268 -0.03532783314585686
0.27639899253462963 0.4972190071215567 -0.0836380124092102
0.4530077099807702 0.6055405765316457 -0.08845726400613785
0.5276652157973967 0.7009475717397657 -0.0739603191614151
0.0 0.7049441502494872 -0.044269759207963943
0.10336691023146419 0.6030908999547189 -0.07782819122076035
0.2870769340936535 0.688060043766492 -0.06626129150390625
0.3663475007754974 0.7795992859226231 -0.04630177095532417
