0.2794475853443146 0.6792932152748108 1.225905066348787e-06
0.34535661339759827 0.6188629865646362 -0.038703933358192444
0.36742159724235535 0.517890453338623 -0.056624915450811386
0.28415244817733765 0.4757797420024872 -0.07449682056903839
0.20844924449920654 0.4752432107925415 -0.09164700657129288
0.32617098093032837 0.4210626482963562 -0.036115434020757675
0.35149747133255005 0.29659467935562134 -0.07652680575847626
0.3622760772705078 0.21464809775352478 -0.10213377326726913
0.36960864067077637 0.1472051739692688 -0.11675787717103958
0.25130096077919006 0.43606895208358765 -0.045775871723890305
0.2182120680809021 0.3024279475212097 -0.0904763713479042
0.19197268784046173 0.21653302013874054 -0.12082836776971817
0.165781170129776 0.13914626836776733 -0.13491961359977722
0.19394232332706451 0.48149949312210083 -0.05819537863135338
0.1790652573108673 0.4100697338581085 -0.12675593793392181
0.2202986180782318 0.4688996970653534 -0.1329699009656906
0.2441117763519287 0.5168655514717102 -0.11527227610349655
0.1470695436000824 0.5464648008346558 -0.07192691415548325
0.14628183841705322 0.4928581714630127 -0.12516438961029053
0.18803764879703522 0.531670331954956 -0.11396254599094391
0.21227453649044037 0.5700393915176392 -0.09019028395414352
