0.3091105255881906 1.0 1.1769742513934034e-06
0.6185587641048151 0.9251163553738965 -0.04000480845570564
0.7750797281594819 0.7482937252999057 -0.057893142104148865
0.5180981461702034 0.6369660719337248 -0.07477355748414993
0.2573922028337165 0.6047816573101604 -0.09112598747015
0.6507680535252276 0.5661591984223143 -0.03481892868876457
0.8308953892557962 0.35785406032173683 -0.07309535145759583
0.928449858716574 0.22093165592887018 -0.09514733403921127
1.0 0.1145633917496912 -0.10534445196390152
0.39924850760524755 0.5629906183118498 -0.040901217609643936
0.386734307328284 0.3015170086098079 -0.08636646717786789
0.37844487198819454 0.1359814554013053 -0.11367304623126984
0.35108623059367594 0.0 -0.12310948967933655
0.1877528114439034 0.6159341536887458 -0.05040892958641052
0.20548847330174855 0.5060825746452474 -0.1182374581694603
0.30215506713261386 0.6277878528221461 -0.12621575593948364
0.34250321649389076 0.7188726536615013 -0.10893944650888443
0.0 0.7003940988230762 -0.06081317737698555
0.0694725901932579 0.6076434795446165 -0.11028902977705002
0.15203831711222346 0.713687917675336 -0.09892138093709946
0.17682700855359132 0.8005682000474272 -0.07558055967092514
