0.2843704883968157 1.0 1.1520801308506634e-06
0.5912382939982214 0.9221166482546503 -0.03899243846535683
0.7427316456369988 0.7434681920654804 -0.05415608733892441
0.48592809154195077 0.6203725671909261 -0.06994383782148361
0.2246552036689895 0.5835439116544623 -0.08517608046531677
0.6937609000332933 0.5516723839953541 -0.025485266000032425
0.8558012406390904 0.34830565146809894 -0.05931045860052109
0.9397539310422403 0.21220378488975272 -0.08031658083200455
1.0 0.1021687764674454 -0.0920943021774292
0.43787208250706916 0.5458812531442281 -0.035961855202913284
0.4842661393306093 0.29405770404605913 -0.07491877675056458
0.5272209955543682 0.1338852150160821 -0.1011243537068367
0.556193478635307 0.0 -0.11234744638204575
0.21059409167351698 0.5986627334131013 -0.050978079438209534
0.21989310999888018 0.465603211060044 -0.12214038521051407
0.3015411824787975 0.5975688543642257 -0.135539710521698
0.3395494510626481 0.7009911669101698 -0.12142536044120789
0.0 0.6880973070245405 -0.06700867414474487
0.042946118621487575 0.5998815422990139 -0.1269979327917099
0.14855179263962462 0.7075520196559212 -0.12433832138776779
0.20635384376664978 0.8006412587996422 -0.1062430888414383
