0.46461451053619385 0.8743069171905518 1.687315602794115e-06
0.5573766231536865 0.7982171177864075 -0.048658911138772964
0.6036493182182312 0.6742405295372009 -0.07289755344390869
0.5058720111846924 0.6200021505355835 -0.09892010688781738
0.4067327678203583 0.6133372187614441 -0.1235579177737236
0.5472280383110046 0.5283932685852051 -0.03377483785152435
0.5983563661575317 0.38328826427459717 -0.07740651816129684
0.622927725315094 0.29014265537261963 -0.10412978380918503
0.6379852294921875 0.2120160460472107 -0.11946327984333038
0.45405495166778564 0.5402130484580994 -0.050345685333013535
0.43868929147720337 0.3686487674713135 -0.10370249301195145
0.43173685669898987 0.2605811655521393 -0.13940823078155518
0.41556093096733093 0.16726288199424744 -0.1546720266342163
0.37602174282073975 0.5920799970626831 -0.0723818689584732
0.3784116804599762 0.5128363966941833 -0.16556338965892792
0.4290153682231903 0.6067739725112915 -0.17949138581752777
0.4489125609397888 0.6751213073730469 -0.15793666243553162
0.30534809827804565 0.6675459146499634 -0.09563200920820236
0.3206806778907776 0.6043963432312012 -0.16886621713638306
0.36987626552581787 0.6741275191307068 -0.15948112308979034
0.3889002501964569 0.7338519096374512 -0.13175784051418304
