0.4679781679120729 1.0 1.9145352325722342e-06
0.785565192656099 0.903916553802891 -0.055631108582019806
0.8958542300069375 0.7216995278892243 -0.0766998901963234
0.5808179886132931 0.6418440346252332 -0.09749072790145874
0.264611341378464 0.6310273774309416 -0.11784413456916809
0.7762161332014863 0.5348484817540632 -0.03659440204501152
0.9033877616310826 0.32297949886210114 -0.08854269981384277
0.9603343302258472 0.18434959156138742 -0.12129499018192291
1.0 0.06689320729172371 -0.1388198286294937
0.4771200931536468 0.5417618062663797 -0.04691452160477638
0.4173152763610207 0.2979515431853407 -0.10936694592237473
0.3707216942585517 0.13746000572388603 -0.14989596605300903
0.32241021051078445 0.0 -0.1654856950044632
0.2254329158254795 0.6022296875164372 -0.06266867369413376
0.19531146920581055 0.48497703413072246 -0.1666785031557083
0.3133199358167685 0.6262047317740529 -0.17818550765514374
0.36571580299266376 0.7333850566498635 -0.1502758115530014
0.0 0.6983404160032826 -0.07975795120000839
0.004343655876298313 0.6113865950164891 -0.1643454134464264
0.14286151304448988 0.7150946705087426 -0.15313149988651276
0.2065953182702307 0.8018098870632662 -0.11979042738676071
