0.6766619905985055 1.0 8.200652246159734e-07
0.9479634718913762 0.8226507236611528 -0.02457726001739502
1.0 0.6141757803051618 -0.035491254180669785
0.6258515830455039 0.5489526411657559 -0.04704013839364052
0.28642663871038765 0.5742067370582631 -0.058592092245817184
0.7151580059275746 0.485075260019449 -0.019562212750315666
0.7818576212342382 0.25897249125041344 -0.045770421624183655
0.7784497871031343 0.11746489675734645 -0.06272754818201065
0.7694748461518209 0.0016919158262620878 -0.07160666584968567
0.4116936101608093 0.5270279233985418 -0.027406813576817513
0.2261899986800518 0.2797013910485189 -0.05637913942337036
0.1352337288996032 0.12456452604143528 -0.07478848844766617
0.0454053345344214 0.0 -0.0821227878332138
0.18320456917650604 0.6174409865683357 -0.03760300576686859
0.15494089123538493 0.5073547741397268 -0.08204373717308044
0.37669536920824137 0.5923800232993223 -0.08750275522470474
0.49046818933676223 0.6679468644640909 -0.07610507309436798
0.0 0.7388868526663409 -0.04847324639558792
0.020653566961219498 0.6437636365207003 -0.0790650025010109
0.22437776458025913 0.7039315446660842 -0.06943188607692719
0.3290567247296624 0.7703685501108198 -0.05273165553808212
