0.5129863282104014 1.0 1.1346065775796887e-06
0.8793017810564593 0.8778115593145889 -0.033758800476789474
0.9693470012171691 0.6653352626131693 -0.043953657150268555
0.5772719465531595 0.5788087127655451 -0.055007364600896835
0.20942238625156218 0.5973805432702729 -0.06542456895112991
0.8150338815404977 0.5357675179518244 -0.015989253297448158
0.9339100620930564 0.313322318446968 -0.04610153287649155
0.9705860330490415 0.16968104678742849 -0.06445147842168808
1.0 0.05363518763346937 -0.07358156889677048
0.49269698548456564 0.5515839521431418 -0.023434877395629883
0.4519162482499086 0.3035329697750944 -0.06051298975944519
0.4387485878523725 0.13861339710675014 -0.08461602032184601
0.42251056913729035 0.0 -0.09331817179918289
0.22767635019603596 0.6074132649472535 -0.034992799162864685
0.2002660396107231 0.48271046830492764 -0.09896179288625717
0.34157011096843964 0.6123248061269947 -0.10708169639110565
0.4077257800070475 0.7145951790014733 -0.08953658491373062
0.0 0.6902376622028146 -0.0474657267332077
0.023330407821661722 0.5866806840904751 -0.09410344064235687
0.1725889463671118 0.6788557724559895 -0.08405285328626633
0.23475702201392756 0.7637855944234626 -0.06250601261854172
