0.3027251660823822 0.8956817388534546 9.058060754796315e-07
0.34893667697906494 0.8281102180480957 -0.023195667192339897
0.3607253134250641 0.7482177019119263 -0.034887172281742096
0.3021383285522461 0.7171486616134644 -0.04901309311389923
0.24250419437885284 0.7264032959938049 -0.06359601020812988
0.30495020747184753 0.6868146061897278 -0.01856125518679619
0.3211368918418884 0.5961980819702148 -0.04389228671789169
0.32488495111465454 0.5391454100608826 -0.060781776905059814
0.32565391063690186 0.49177658557891846 -0.06938616931438446
0.25155186653137207 0.701821506023407 -0.028371639549732208
0.23009628057479858 0.5987421274185181 -0.05643229931592941
0.2165929675102234 0.5322417616844177 -0.07574038207530975
0.201419860124588 0.47687649726867676 -0.08374574780464172
0.20848779380321503 0.7360896468162537 -0.04029976204037666
0.21187497675418854 0.6872069239616394 -0.08646583557128906
0.24819964170455933 0.7288334965705872 -0.09281287342309952
0.26551300287246704 0.7676178812980652 -0.08035572618246078
0.1722000539302826 0.7839093208312988 -0.052791837602853775
0.17958423495292664 0.7363259196281433 -0.08458711206912994
0.21776878833770752 0.7635301351547241 -0.07357722520828247
0.24035541713237762 0.7991449236869812 -0.054602913558483124
