0.3176727890968323 0.8835786581039429 9.000724503493984e-07
0.36716240644454956 0.818397581577301 -0.022297965362668037
0.3805370330810547 0.7367913126945496 -0.034564945846796036
0.3163355588912964 0.706889808177948 -0.04952128976583481
0.254393994808197 0.7143589854240417 -0.06467559188604355
0.32002130150794983 0.676669716835022 -0.019252853468060493
0.33645910024642944 0.5882731080055237 -0.04589206352829933
0.34260502457618713 0.5323767066001892 -0.06317740678787231
0.34530991315841675 0.4861694872379303 -0.07230095565319061
0.2667425572872162 0.6936430931091309 -0.030933286994695663
0.24554292857646942 0.5896964073181152 -0.061271488666534424
0.23651330173015594 0.5237206816673279 -0.08142359554767609
0.22258636355400085 0.4681680202484131 -0.08989337831735611
0.22487346827983856 0.7286885380744934 -0.044874947518110275
0.22909173369407654 0.6838992238044739 -0.0954844132065773
0.2721693813800812 0.7263873815536499 -0.10281135141849518
0.2916393280029297 0.7628403902053833 -0.09029999375343323
0.18978944420814514 0.7764846086502075 -0.0590544119477272
0.20179292559623718 0.7290726900100708 -0.09397890418767929
0.24347847700119019 0.7579634189605713 -0.08396214991807938
0.2648254930973053 0.7919734716415405 -0.06586676836013794
