0.32601815112912896 1.0 7.91444790593232e-07
0.6716939585005745 0.8415757311841163 -0.023788301274180412
0.7883192100407893 0.6337273950249666 -0.031153656542301178
0.5158661125916673 0.5154784945374262 -0.03968947380781174
0.22637342074894642 0.5053068737023014 -0.04779268056154251
0.7226141278906768 0.5531685944981644 -0.014671189710497856
0.8741835919463704 0.320681277715759 -0.03790664300322533
0.9370142024826085 0.18606827468327017 -0.050007302314043045
1.0 0.07454450234249452 -0.05452955886721611
0.45624397692503704 0.5423397525541287 -0.01904067024588585
0.4626337849082896 0.28464082177978317 -0.04674379155039787
0.4750267106810154 0.12879611286011217 -0.06166524812579155
0.4934537277764899 0.0 -0.0654466450214386
0.22130876908624245 0.5679460360976534 -0.026721598580479622
0.18168499852795889 0.43211145427124514 -0.07188952714204788
0.2569982622889888 0.5564126624990909 -0.07838892936706543
0.3068250978859446 0.6564272291670832 -0.0655064806342125
0.019215085962730857 0.6144763238915106 -0.034946609288454056
0.0 0.5000418544532809 -0.06222875043749809
0.08564373539534043 0.5749810995834987 -0.053885988891124725
0.13887382787528588 0.6506049561385103 -0.038489580154418945
