0.31574259139960587 1.0 8.42302995351929e-07
0.6833672569809606 0.8483590017750703 -0.02600460685789585
0.8079517764183847 0.6310067673364244 -0.03210863471031189
0.49904163401247925 0.512255975403957 -0.03846929967403412
0.17403657146632748 0.5334995139009119 -0.044945091009140015
0.7156451947413146 0.5469319822759331 -0.011789360083639622
0.8724629914111075 0.32318964713582043 -0.032370731234550476
0.9413350316569729 0.18769714599905254 -0.04543273523449898
1.0 0.07091837530654684 -0.05192341282963753
0.45106062636084604 0.5341799384718414 -0.014801613055169582
0.4936208859547534 0.29004138025505455 -0.03939656913280487
0.5200700130249677 0.13200244286195356 -0.05490772798657417
0.5294857370791892 0.0 -0.06036614254117012
0.2151903303227243 0.5616185292220702 -0.021005038172006607
0.21557422732698175 0.42572843517949516 -0.06426890939474106
0.2971234337461067 0.5563280969078009 -0.0699249655008316
0.3206589202063194 0.6673121098602964 -0.05746128037571907
0.0 0.617355354605004 -0.02804810367524624
0.03445498555262509 0.5003499532926317 -0.05678728595376015
0.1367416657642793 0.5872944542848065 -0.04801773652434349
0.16933926278315845 0.6785498075580323 -0.03228352218866348
