0.8261169195175171 0.8333967924118042 7.652022873116948e-07
0.8914865851402283 0.7798517942428589 -0.033194638788700104
0.9062229990959167 0.6872501373291016 -0.04041951894760132
0.8438467979431152 0.6429516077041626 -0.04682064428925514
0.7844468355178833 0.6517773270606995 -0.051721036434173584
0.8709187507629395 0.624728262424469 -0.01447744108736515
0.886938750743866 0.5297297239303589 -0.03803655132651329
0.892289400100708 0.47320955991744995 -0.05221661552786827
0.8965060114860535 0.4278665781021118 -0.05917771905660629
0.8195943236351013 0.6302462816238403 -0.016988124698400497
0.8092026710510254 0.5289905667304993 -0.044323697686195374
0.8041656017303467 0.46579891443252563 -0.06100412830710411
0.7969386577606201 0.4165974259376526 -0.06628570705652237
0.7772789001464844 0.6549834609031677 -0.024114899337291718
0.7699700593948364 0.6101852059364319 -0.07345285266637802
0.7965211272239685 0.6563639640808105 -0.08286344259977341
0.8087888956069946 0.6944125294685364 -0.07165128737688065
0.7423340678215027 0.6904395222663879 -0.032895129173994064
0.7487449645996094 0.6548542976379395 -0.06923287361860275
0.7746409177780151 0.6861981749534607 -0.06564494222402573
0.7846869826316833 0.7162054181098938 -0.05240481719374657
