0.40667190385399915 1.0 8.73906799370161e-07
0.669046553713566 0.8742936032099816 -0.015049700625240803
0.6903268001305887 0.6867936558763759 -0.022695593535900116
0.4317680460858127 0.5924487626206236 -0.03349842503666878
0.2082302452773331 0.5797900085530224 -0.04513828828930855
0.7325380274900286 0.5572041307306304 -0.019143234938383102
0.8992209369755297 0.32273095618296443 -0.04135960713028908
0.9494081960366445 0.17234564884295442 -0.053414810448884964
1.0 0.04564771940468717 -0.05912036448717117
0.486703054170429 0.5680938557277864 -0.029110031202435493
0.3975000058330565 0.3062312068750009 -0.058433398604393005
0.3091107137453553 0.13540242040703399 -0.07613935321569443
0.25138858153168164 0.0 -0.08255528658628464
0.2881273250338811 0.6202908870284778 -0.03954002261161804
0.14735144237128642 0.4692093299570664 -0.08868058025836945
0.2383148174172554 0.591844714190012 -0.09389585256576538
0.3153090093083018 0.7078658313074327 -0.08008098602294922
0.12368574506886866 0.6905043193465434 -0.049156587570905685
0.0 0.5752538169091428 -0.08628661930561066
0.08165148366932636 0.6540993414594068 -0.0793646052479744
0.1686368936694825 0.7405431520345379 -0.06328694522380829
