0.6227313280105591 0.7174825668334961 9.300047167926095e-07
0.6783190369606018 0.6693201661109924 -0.028880249708890915
0.6924906969070435 0.5940617918968201 -0.040422823280096054
0.6282451748847961 0.5655802488327026 -0.0521373488008976
0.5717209577560425 0.5689215660095215 -0.06334322690963745
0.6636110544204712 0.5290898084640503 -0.01983124576508999
0.686339259147644 0.4435369372367859 -0.046849533915519714
0.6964955925941467 0.38800278306007385 -0.06375312060117722
0.7032674551010132 0.34316033124923706 -0.07159628719091415
0.6123862862586975 0.5369609594345093 -0.024799911305308342
0.6040749549865723 0.4402031898498535 -0.05505829676985741
0.6017055511474609 0.3773645758628845 -0.07327882945537567
0.5980647802352905 0.32569658756256104 -0.07912173867225647
0.5706005096435547 0.5625590682029724 -0.03308311849832535
0.5685436725616455 0.5218226313591003 -0.0816575288772583
0.592866837978363 0.5672113299369812 -0.08785311132669449
0.6040344834327698 0.6043685674667358 -0.07435810565948486
0.5349718332290649 0.5978698134422302 -0.04232136160135269
0.5416226983070374 0.5603749752044678 -0.07524770498275757
0.5665987730026245 0.5915552377700806 -0.06570757180452347
0.5773831009864807 0.6225566864013672 -0.047812920063734055
