0.33832067251205444 0.8353732824325562 1.2495769396991818e-06
0.4173344373703003 0.7614748477935791 -0.03692994639277458
0.4322686195373535 0.653834342956543 -0.0531858392059803
0.3467090427875519 0.6152714490890503 -0.07050500065088272
0.2659730911254883 0.6240931153297424 -0.08755878359079361
0.36987894773483276 0.5731741786003113 -0.029624884948134422
0.3898301422595978 0.45099395513534546 -0.0676770731806755
0.3967663049697876 0.3759220242500305 -0.08968231081962585
0.40089794993400574 0.31393811106681824 -0.09931502491235733
0.30196046829223633 0.588919460773468 -0.03922046348452568
0.2807859182357788 0.4490776062011719 -0.08300533145666122
0.2720211148262024 0.36394965648651123 -0.10710616409778595
0.26010826230049133 0.29626378417015076 -0.113408662378788
0.24731364846229553 0.6268929839134216 -0.05284266546368599
0.23966941237449646 0.5769631862640381 -0.12395412474870682
0.2819814682006836 0.6424840688705444 -0.13096433877944946
0.3030669391155243 0.6911085844039917 -0.11001694202423096
0.19983750581741333 0.6793099045753479 -0.06733068078756332
0.20825107395648956 0.6287283301353455 -0.11530584841966629
0.24929499626159668 0.6781517267227173 -0.10018259286880493
0.2672525942325592 0.7220224142074585 -0.07376481592655182
