0.3931202292442322 0.8760761022567749 1.4426009329326916e-06
0.48880618810653687 0.789496898651123 -0.051324617117643356
0.4859538674354553 0.641302227973938 -0.06503278017044067
0.3655138909816742 0.587841272354126 -0.07942263036966324
0.2661902606487274 0.6015403270721436 -0.09308893233537674
0.46792370080947876 0.5299188494682312 -0.021530890837311745
0.49502426385879517 0.3740018606185913 -0.06012127175927162
0.49930620193481445 0.2769123911857605 -0.08451817184686661
0.5033140778541565 0.19547492265701294 -0.0980139747262001
0.38105687499046326 0.5516055822372437 -0.0323110893368721
0.35199669003486633 0.3785110116004944 -0.08106789737939835
0.3344038426876068 0.26668640971183777 -0.11411850154399872
0.31637436151504517 0.17292553186416626 -0.1265779286623001
0.3130952715873718 0.6035474538803101 -0.04997268691658974
0.2744452655315399 0.528583288192749 -0.14454041421413422
0.31987011432647705 0.6150060892105103 -0.1618303507566452
0.34382468461990356 0.6797354817390442 -0.14028169214725494
0.2526199519634247 0.6740298271179199 -0.06907375156879425
0.23543362319469452 0.5944064855575562 -0.1434861123561859
0.27834251523017883 0.6634752750396729 -0.13414597511291504
0.29961052536964417 0.7273526191711426 -0.1063845232129097
