0.4430575370788574 0.9001687169075012 1.2213619129397557e-06
0.5471023321151733 0.8143738508224487 -0.04778417944908142
0.5700802206993103 0.6718858480453491 -0.06013098359107971
0.4739573895931244 0.6071319580078125 -0.07354189455509186
0.38745471835136414 0.6140815615653992 -0.0858110710978508
0.5474223494529724 0.5784292221069336 -0.018734687939286232
0.5772108435630798 0.4315386116504669 -0.05495816096663475
0.5838574171066284 0.33837080001831055 -0.07581256330013275
0.5943569540977478 0.26199623942375183 -0.0865972638130188
0.4578491449356079 0.5861182808876038 -0.028143882751464844
0.44331371784210205 0.4217931628227234 -0.07537110149860382
0.43968623876571655 0.31615710258483887 -0.10368028283119202
0.4387279748916626 0.22764310240745544 -0.11301553249359131
0.3836073577404022 0.6226929426193237 -0.04452897235751152
0.3642905056476593 0.5531335473060608 -0.13289812207221985
0.39803770184516907 0.6487655639648438 -0.1484113186597824
0.4166368842124939 0.7161975502967834 -0.12735016644001007
0.3185257315635681 0.6801220178604126 -0.0625123679637909
0.3087806701660156 0.6146825551986694 -0.12812617421150208
0.34288471937179565 0.681206226348877 -0.12052132189273834
0.35984006524086 0.7362922430038452 -0.09642969071865082
