0.5380199336159021 1.0 1.2500103139245766e-06
0.9389208512784324 0.8797939988274035 -0.04403075575828552
0.9962872359892517 0.6774944390012849 -0.05841682106256485
0.5659397570002302 0.5885265294424152 -0.07641027122735977
0.1634837555082954 0.6142129664158661 -0.09352527558803558
0.914752753819362 0.5261315547198366 -0.014185270294547081
0.9888571113373918 0.3022403438755451 -0.048289090394973755
0.986956514125664 0.16546700072017334 -0.0685967206954956
1.0 0.05072295106949732 -0.07983910292387009
0.5958115066353453 0.5360622675555203 -0.027302054688334465
0.5258996043395693 0.2923459455124911 -0.07511475682258606
0.4839759276656735 0.134353779924612 -0.10629754513502121
0.4468919555466444 0.0 -0.11833535879850388
0.33097861822664626 0.5869358281220295 -0.04697040468454361
0.16311941783019784 0.49016544618891716 -0.13374723494052887
0.2980371950573528 0.6312440718216172 -0.14951059222221375
0.39005735719145007 0.7323388066393219 -0.12922115623950958
0.08971571811186184 0.6670450450664729 -0.0683196559548378
0.0 0.5679005885577896 -0.12610837817192078
0.13512736168301462 0.6649914722575268 -0.114383764564991
0.22623717211797842 0.7483886992419237 -0.08950351178646088
